14.375
18.75
15.625
13.0
17.5
-0.875
-30.25
-13.0
23.0
26.125
18.5
20.625
20.0
21.25
27.625
25.0
17.125
14.5
16.125
18.625
22.0
19.375
11.875
12.25
19.375
23.875
24.625
23.75
23.0
26.0
20.375
-7.625
-17.0
10.0
33.375
27.375
9.0
0.75
1.5
19.25
40.5
46.875
41.375
33.875
31.875
29.875
30.125
32.625
32.875
32.375
25.875
10.75
1.375
6.625
16.375
19.375
10.125
8.375
9.375
-10.75
-17.25
-1.125
13.375
17.0
17.625
22.25
26.875
28.5
25.25
24.5
27.25
14.625
5.375
21.375
30.0
26.0
24.625
27.625
25.75
12.125
3.625
6.125
9.875
12.625
15.375
13.125
-0.25
-0.5
17.0
25.625
18.5
10.25
11.75
16.75
23.375
30.625
29.5
13.75
14.375
29.5
29.0
19.625
12.0
13.25
18.5
15.75
13.625
14.75
9.875
7.375
19.625
30.5
26.125
15.875
7.625
5.875
8.125
10.0
-5.625
-18.0
-5.0
12.375
24.75
16.125
4.875
14.75
16.125
13.25
24.0
21.875
9.75
8.5
0.125
-2.875
13.5
5.25
-14.375
0.875
9.75
2.125
7.5
9.875
6.125
5.625
6.5
5.5
3.0
0.0
-4.75
-9.875
-17.0
-30.75
-26.125
-3.0
15.25
21.875
18.375
17.5
10.25
1.625
0.75
4.125
12.875
18.875
21.625
20.875
21.75
19.875
9.25
3.125
-0.625
10.625
29.25
26.375
7.25
-19.5
-21.125
2.375
20.125
28.0
24.375
20.875
24.375
29.25
28.625
18.5
11.75
18.25
20.25
11.875
14.375
21.625
24.625
25.625
20.875
24.0
25.25
12.625
8.25
15.5
17.875
17.875
15.625
9.0
16.375
26.375
13.875
-0.25
9.625
31.125
46.0
42.75
29.375
21.5
24.0
19.625
11.0
16.5
23.25
22.5
15.0
7.25
8.5
14.0
20.5
25.625
28.375
28.25
23.0
21.75
22.375
17.75
10.375
10.5
15.625
17.625
21.25
22.5
19.375
18.625
22.75
5.125
-19.625
-3.125
24.375
32.625
32.875
28.75
23.0
17.375
12.0
7.125
0.875
3.25
12.75
11.375
3.25
2.5
8.625
6.875
-0.875
-6.25
-8.0
0.0
10.5
14.75
12.75
13.0
11.75
5.75
5.375
0.625
-10.875
-9.0
-15.875
-20.125
5.0
16.875
15.25
21.125
16.125
7.875
7.0
9.25
11.625
15.125
16.125
-1.375
-4.125
18.25
24.875
9.875
-5.375
-3.125
16.375
27.125
20.875
12.25
7.0
13.125
18.875
12.625
8.5
13.0
19.625
23.875
24.0
22.625
13.125
3.375
9.625
17.625
23.625
24.25
22.0
24.5
26.375
28.25
27.625
26.875
30.625
29.125
23.75
24.375
12.625
0.25
9.75
21.0
33.25
39.125
30.375
24.25
27.0
32.0
17.5
3.25
17.375
36.25
42.375
31.375
17.75
19.375
25.25
23.25
23.5
23.25
15.25
17.75
27.125
24.25
15.875
12.375
17.375
24.0
28.125
18.75
-2.375
-1.75
20.0
33.875
33.5
27.75
15.625
-7.75
-9.75
15.0
34.125
39.0
33.75
15.875
9.125
23.875
30.375
22.125
8.0
15.875
35.5
32.75
15.875
14.125
19.875
12.875
13.375
27.75
28.875
13.5
4.0
7.5
21.875
31.875
34.125
32.875
11.25
-11.625
-5.125
18.625
37.375
34.75
23.875
22.5
19.75
18.0
24.75
26.625
27.75
29.125
12.25
3.5
14.5
15.25
12.625
13.125
8.75
10.125
21.0
27.25
20.25
6.625
7.375
25.5
22.625
-2.25
-3.0
16.125
34.25
34.625
18.625
20.0
26.0
13.375
5.875
14.25
19.75
23.75
19.25
11.625
22.25
21.75
14.125
18.0
14.875
10.375
16.75
10.25
-7.375
-11.5
-5.625
9.875
18.25
24.75
28.0
26.5
31.125
27.0
15.75
8.625
8.875
15.0
25.875
27.375
12.625
1.25
-1.625
2.375
-0.625
-3.375
19.875
32.5
25.625
21.0
20.375
26.375
26.125
22.0
22.75
25.75
24.375
24.0
35.5
39.5
31.125
15.5
12.5
18.875
14.5
22.0
27.5
30.75
39.875
37.25
39.375
54.25
57.75
46.875
45.5
47.75
39.25
29.5
27.375
31.125
33.25
30.625
22.25
20.125
23.5
21.75
28.375
38.875
21.625
14.5
36.875
41.625
35.0
28.75
25.25
29.875
30.375
38.125
53.75
42.125
8.875
7.25
27.0
36.125
36.625
35.625
43.75
49.5
40.5
31.0
30.5
26.5
24.75
38.875
42.25
27.5
17.5
15.875
27.0
41.375
37.875
28.875
25.0
24.5
25.375
12.125
5.125
18.375
32.0
35.5
33.5
33.375
33.75
33.25
34.0
36.125
31.625
29.5
39.875
41.875
30.5
30.25
39.875
40.375
26.875
16.125
18.0
13.5
17.875
35.125
32.625
10.0
4.625
27.375
51.375
41.875
21.625
34.125
47.125
42.875
36.125
34.0
34.25
34.75
37.125
34.125
23.625
14.375
12.5
10.5
-4.25
-11.125
6.5
20.25
20.625
28.5
22.375
-5.875
2.875
35.625
46.75
45.5
39.625
25.0
14.375
19.125
19.125
10.0
7.375
11.625
13.125
13.625
14.75
14.75
15.625
16.625
18.375
19.25
13.875
9.125
15.375
18.5
19.625
23.875
24.125
29.625
36.375
34.25
18.0
-7.0
-3.375
20.125
27.125
35.125
39.625
29.5
23.875
23.125
18.125
17.5
8.375
-2.375
17.125
40.25
42.125
35.25
27.25
16.375
14.375
5.625
-0.75
18.0
35.0
41.5
40.75
40.125
38.625
16.75
2.125
24.5
41.625
37.25
32.0
27.75
29.375
33.5
29.875
27.625
27.125
19.0
12.625
18.0
12.25
-14.875
-18.25
-6.5
3.5
19.625
32.625
41.875
31.5
11.5
12.25
23.75
30.625
39.25
35.625
23.625
33.125
40.625
32.875
34.875
19.75
-24.75
-24.375
16.75
33.875
39.375
42.875
27.75
25.375
37.25
36.5
36.875
37.0
35.0
33.5
16.25
-3.375
7.0
20.125
13.375
11.0
14.625
15.375
20.125
27.5
15.75
-9.0
-21.875
-16.375
9.5
31.875
31.625
20.0
8.0
4.875
6.375
3.5
-5.5
-5.875
20.125
24.875
0.625
1.125
11.375
-12.0
-30.625
-6.125
12.875
2.375
-20.625
-30.0
-29.875
-29.375
-10.5
9.0
16.0
13.625
5.75
-1.375
-8.5
-7.875
0.375
-2.0
-11.25
-5.75
-3.75
-12.0
-8.625
-11.125
-20.5
-17.25
1.0
16.0
9.875
-0.5
3.375
-2.0
-37.5
-33.125
5.375
22.125
26.875
13.5
3.25
9.25
16.0
16.375
9.875
3.25
-11.25
-22.0
-12.5
-11.375
-15.125
-14.75
-14.875
-1.125
15.0
15.75
8.375
7.375
5.5
-0.625
9.25
13.75
6.25
2.5
-18.5
-28.875
-10.125
7.5
12.0
2.375
-5.125
-1.5
-7.125
-16.125
-13.5
-8.25
-3.875
1.875
6.5
3.375
0.75
4.75
6.25
-4.625
-15.75
-9.625
-0.75
7.75
0.0
-32.0
-37.25
-5.75
21.0
24.625
18.5
14.375
12.375
15.125
11.0
5.0
3.375
-16.125
-18.375
7.5
17.375
12.125
10.625
12.875
10.0
9.25
5.25
-8.875
-15.625
-10.75
-6.625
-11.0
-13.25
-14.375
-15.5
-8.125
-0.625
0.75
0.25
0.75
4.0
4.375
-17.625
-26.5
-3.75
13.75
21.75
15.625
3.875
3.25
13.375
15.625
-4.25
-14.875
-9.5
-6.25
-0.875
-1.75
-8.875
-10.0
-4.875
-0.125
4.125
4.875
-6.0
-17.25
-18.875
-7.0
9.875
9.5
-15.375
-46.0
-31.5
13.5
23.125
14.0
11.0
2.75
-5.375
-3.75
1.25
-2.125
-6.625
-3.25
3.5
8.625
7.125
3.875
-1.125
-8.25
-6.375
1.625
6.125
3.875
0.875
-4.5
-5.375
-0.25
-20.125
-32.5
-5.75
16.75
18.75
13.625
0.375
-9.5
4.5
11.625
-10.0
-23.875
-11.25
1.5
-11.75
-11.5
15.125
23.5
16.625
10.125
10.125
11.5
3.375
3.0
6.75
-10.875
-22.5
-8.125
12.0
15.375
7.375
6.125
8.25
11.375
7.5
-3.875
-9.75
-10.375
-2.375
6.375
6.75
9.125
11.75
9.75
7.375
6.625
5.875
8.25
12.25
7.0
4.5
8.125
6.625
-1.875
-24.75
-29.125
-4.375
17.625
25.125
16.25
2.25
-8.625
-16.875
-26.875
-38.875
-40.0
-23.625
-3.375
2.875
-3.5
-3.625
-7.25
-27.75
-26.625
-1.5
4.625
-5.5
-12.25
-16.5
-21.625
-14.625
-3.25
-3.625
-4.75
-14.5
-36.875
-34.625
-9.125
8.875
8.375
-0.25
-4.875
-3.5
-2.0
-3.875
-8.625
-10.5
-12.75
-30.0
-40.0
-25.75
-10.125
-2.625
-5.75
-12.5
-13.375
-15.75
-13.875
-8.0
-4.25
-6.125
-9.75
1.25
8.0
1.5
2.875
-7.75
-29.625
-22.125
-0.875
9.0
8.25
1.125
-1.75
-0.75
3.375
1.0
-10.875
-15.625
-12.0
-4.0
3.5
3.875
0.125
-3.5
-7.25
-8.875
-9.875
-11.25
-11.125
-10.625
-8.5
-11.0
-21.375
-18.0
-15.875
-22.25
-4.75
2.875
-11.25
-12.875
-3.5
-4.75
-24.375
-24.125
-8.625
-4.5
-1.75
1.75
3.25
-0.125
-3.625
-3.625
0.375
-1.875
-9.0
-3.625
4.5
-4.125
-17.125
-13.125
-11.875
-14.25
-10.625
-0.125
1.0
-35.75
-50.875
-22.125
3.25
17.875
10.25
-3.0
0.875
4.25
6.625
9.875
9.375
5.125
-2.625
-8.125
-8.125
-5.625
-1.875
-0.75
-4.5
-7.375
-5.875
-4.25
-4.25
-1.375
0.125
-1.25
-7.125
-15.875
-16.75
-15.25
-13.875
-8.0
-8.375
-13.875
-13.75
-11.875
-24.125
-37.625
-14.375
11.875
10.0
4.75
2.5
-2.375
-5.625
-4.875
-5.5
-9.5
-13.875
-15.875
-16.5
-13.375
-10.125
-11.75
-11.125
-6.75
-4.375
-4.625
-6.75
-10.25
-15.875
-12.625
-1.5
1.25
-3.25
-6.375
-8.25
-21.5
-44.625
-40.875
-12.25
-1.25
-3.125
-1.125
1.25
8.0
13.75
7.5
0.875
0.25
-4.375
-8.125
-4.125
1.375
0.875
-7.5
-16.625
-21.75
-27.75
-35.5
-26.5
-12.0
-27.125
-25.625
-5.375
-20.5
-24.375
5.0
24.0
16.875
13.0
22.5
20.125
13.5
15.625
15.625
-3.875
-13.0
-4.5
-12.0
-21.5
-21.125
-13.25
-5.875
-5.25
-5.625
-7.25
-3.0
6.125
7.875
4.5
1.875
3.0
-8.0
-42.5
-46.25
-6.75
22.25
25.0
12.0
3.75
0.75
-5.625
-7.625
-8.0
-11.125
-12.375
-13.375
-16.5
-11.125
-0.875
-9.75
-14.0
0.875
-0.75
-13.375
-19.0
-16.75
-3.875
9.25
14.75
10.25
-0.875
-5.875
-8.125
-9.75
-11.25
-10.875
-12.75
-25.5
-27.125
-11.5
-3.875
-19.375
-29.75
-15.25
-0.25
4.75
2.0
-3.125
-5.875
-7.625
-8.25
-7.375
-7.0
-7.625
-9.125
-10.75
-11.0
-12.375
-20.375
-29.5
-27.0
-18.5
-11.25
-6.625
-6.625
-7.0
-7.375
-9.75
-13.25
-18.875
-20.5
-13.0
-12.875
-21.0
-16.75
-3.125
-3.625
-15.75
-11.0
-19.5
-47.125
-42.125
-20.625
-7.875
-1.375
-5.875
-12.125
-14.5
-24.5
-39.5
-44.125
-27.25
-15.125
-24.375
-24.75
-14.125
-9.75
-14.25
-22.25
-25.25
-30.75
-41.0
-43.875
-37.5
-25.0
-11.875
0.75
1.75
-3.125
-0.625
1.0
-1.0
-4.0
-6.375
-12.625
-27.75
-37.5
-36.25
-31.5
-31.625
-35.5
-32.125
-31.25
-44.25
-45.0
-25.75
-11.25
-6.0
-2.75
-11.5
-27.375
-25.875
-25.5
-27.75
-16.75
-1.625
3.5
-6.5
-17.25
-25.875
-33.75
-35.375
-33.375
-31.875
-29.625
-28.0
-29.25
-29.5
-19.875
-4.875
5.375
3.375
-2.375
-4.75
-8.375
-11.0
-14.25
-19.125
-23.875
-28.625
-36.125
-42.375
-42.125
-49.25
-53.25
-38.375
-39.75
-52.375
-38.125
-17.75
-12.0
-11.125
-10.5
-8.0
-15.75
-37.0
-42.625
-24.75
-7.0
-6.375
-14.0
-16.5
-17.25
-23.125
-30.625
-39.125
-49.0
-54.375
-50.25
-37.875
-23.875
-16.75
-19.375
-23.875
-25.625
-23.375
-10.75
1.0
-34.75
-66.125
-38.0
-5.625
9.0
2.5
-20.5
-33.75
-34.75
-28.625
-20.75
-22.5
-25.0
-21.0
-17.375
-16.625
-13.5
-15.5
-19.875
-10.0
-5.25
-10.625
-16.875
-38.125
-51.75
-30.75
-2.875
-3.25
-16.0
-11.5
-4.75
-15.375
-28.375
-31.125
-36.625
-41.75
-37.375
-24.75
-17.125
-30.75
-41.25
-33.5
-23.125
-19.75
-15.375
-21.125
-46.125
-53.25
-49.25
-43.0
-22.125
-4.125
-11.75
-22.25
-19.25
-26.875
-37.5
-37.0
-21.75
-7.5
-12.0
-24.25
-29.125
-28.375
-20.5
-15.375
-33.0
-50.125
-48.375
-35.75
-13.0
13.5
22.375
12.375
-11.375
-37.75
-24.875
6.875
10.5
-5.5
-3.75
6.875
-1.25
-6.25
-3.25
-5.625
-3.625
-3.25
-4.375
0.5
-0.125
-17.875
-23.5
-2.375
3.5
-3.25
-6.875
-9.375
-18.625
-40.125
-42.875
-15.875
3.75
-2.5
-12.625
-19.75
-30.125
-32.125
-21.75
-12.375
-11.0
-12.5
-13.625
-14.25
-17.125
-17.5
-14.125
-12.625
-8.0
-11.375
-18.875
-12.0
-11.125
-16.375
-11.375
-6.25
-5.875
-6.875
-6.625
-5.125
-4.125
-5.5
-7.125
-7.0
-5.75
-11.125
-20.0
-30.75
-49.0
-45.75
-26.375
-10.875
4.5
10.125
12.5
-0.125
-17.0
4.375
19.5
5.375
-2.0
-1.375
-2.875
-11.375
-20.75
-15.875
-8.25
-13.5
-14.875
-2.625
5.625
5.625
4.25
3.25
4.125
-6.375
-28.125
-42.0
-36.75
-20.125
-6.5
4.125
14.625
22.25
16.5
4.625
-4.625
-7.875
-4.625
-1.375
1.875
8.125
15.5
15.5
7.75
2.25
0.75
-3.0
-6.0
-7.5
-11.625
-12.625
-10.125
-12.0
-9.875
-3.5
-3.0
-4.125
-17.875
-25.375
-7.125
0.625
-9.0
-6.25
10.625
11.25
5.125
8.25
10.0
15.375
17.125
7.125
1.75
3.625
2.5
0.125
-4.875
-11.25
-5.5
7.25
10.5
6.125
3.25
-2.25
-8.25
-2.625
1.75
-1.125
-14.25
-33.0
-31.375
-18.75
-4.5
-2.125
-17.125
-14.375
-2.0
-3.375
-1.25
3.75
-15.125
-26.625
-8.125
5.25
9.25
10.625
6.625
2.375
0.0
-1.75
-1.75
-2.5
-3.5
-3.125
-4.125
-0.75
6.0
5.125
3.5
-1.625
-13.25
-15.0
-6.5
-17.625
-41.5
-40.125
-29.25
-15.25
0.875
-2.125
-8.875
2.375
8.625
-4.375
-9.625
-5.0
-8.5
-11.375
0.25
17.75
11.5
-2.625
5.0
2.625
-13.875
-20.375
-16.375
-11.0
-10.25
-14.125
-20.75
-23.375
-16.875
-5.125
-20.125
-42.0
-26.625
3.375
14.875
-5.0
-14.25
-2.0
-0.375
-1.5
-2.125
-6.125
-7.375
-7.125
-6.75
-6.625
-9.625
-18.75
-25.625
-22.0
-16.25
-11.125
-9.75
-13.0
-11.875
-9.25
-12.125
-15.0
-14.375
-13.25
-12.125
-14.75
-16.75
-25.125
-39.125
-32.5
-7.625
12.0
13.5
3.375
-10.75
-16.25
-6.625
-8.875
-8.0
3.375
-10.125
-22.25
-9.75
5.5
5.75
-5.5
-10.75
-9.625
-10.5
-8.25
-15.125
-31.875
-24.625
-8.75
-16.5
-22.25
-5.75
6.375
2.875
-1.5
-4.875
-9.625
-11.375
-16.25
-31.875
-34.375
-21.375
-8.0
0.875
-8.25
-20.375
-11.5
4.25
9.25
6.375
-1.625
-11.5
-14.75
-9.875
-17.375
-43.875
-53.125
-27.875
0.375
6.25
0.375
-1.625
-3.375
-5.625
-7.0
-9.625
-10.0
-8.5
-8.5
-7.375
-5.25
-2.625
1.0
-6.25
-16.125
-24.125
-32.75
-27.875
-15.5
-6.125
-2.625
-0.5
3.75
2.25
-3.875
-4.125
-1.875
-6.375
-16.375
-22.5
-19.875
-17.375
-9.875
-3.0
-22.75
-40.625
-25.375
3.375
19.375
20.25
14.75
13.0
17.5
16.75
9.5
1.125
-4.25
-10.125
-18.875
-24.125
-22.875
-16.875
2.75
20.375
18.75
5.75
-6.0
-18.125
-26.625
-21.125
-21.625
-17.625
2.0
14.5
12.875
4.5
3.125
8.625
5.75
-2.125
-2.875
-2.5
-5.625
-9.125
-12.5
-8.5
-3.5
-8.25
-18.25
-25.5
-28.75
-27.5
-26.375
-19.375
-26.125
-50.0
-42.0
-12.75
8.25
12.625
9.0
12.625
11.125
1.75
-2.125
-1.25
0.5
1.875
0.25
-0.75
3.125
5.5
3.25
-1.5
-12.875
-6.0
17.125
18.25
-0.75
-9.125
-3.5
-9.5
-16.25
-9.0
0.125
-0.625
-5.375
-0.75
6.0
3.375
-2.875
-14.125
-21.0
-5.75
11.5
13.625
9.625
9.75
7.375
2.75
-0.5
-3.75
-2.25
1.875
1.0
-0.25
0.0
-4.25
-11.5
-18.75
-15.0
-6.375
-3.375
-0.625
2.875
-0.25
-9.375
-9.25
-5.75
-7.125
-12.25
-12.25
-10.75
-35.0
-58.875
-37.125
7.125
24.875
9.25
-5.875
-10.5
-13.375
-13.75
-15.0
-19.75
-29.125
-30.625
-23.5
-18.625
-13.875
-12.25
-8.25
-4.5
-8.75
-9.25
-0.625
-13.875
-49.25
-47.125
-12.25
11.5
17.125
3.625
-14.75
-10.625
7.875
10.0
-0.125
-12.875
-15.625
-1.25
-2.0
-21.625
-21.5
-4.875
0.25
-0.625
-1.0
0.125
2.0
2.875
2.25
-0.5
-1.125
1.875
-3.75
-28.0
-34.125
-16.75
-9.25
-6.875
-1.875
2.625
-0.5
-3.75
-5.875
-11.25
-12.0
-6.125
-1.125
-11.625
-23.75
-11.625
0.25
-1.75
-0.125
-3.125
-6.75
0.5
4.5
-0.25
-5.875
-11.125
-27.125
-44.375
-48.75
-44.25
-26.25
-5.375
4.125
2.875
-2.875
-3.25
2.625
-1.25
-7.375
-10.5
-23.875
-22.5
-11.75
-16.375
-23.25
-24.75
-18.375
-13.375
-23.875
-25.0
-12.0
-10.375
-8.0
0.0
3.75
4.0
1.125
-1.125
-2.625
-5.25
-5.75
-21.75
-39.25
-25.25
-4.25
3.25
0.875
-9.375
-13.875
-7.5
-2.375
-6.125
-16.0
-18.625
-17.75
-14.125
-3.875
3.625
7.875
7.375
3.625
4.125
6.375
4.875
0.25
0.0
-10.0
-25.75
-14.375
-5.25
-15.25
-11.25
-11.5
-29.25
-29.0
-9.375
6.625
7.0
-0.875
4.375
14.375
15.25
13.25
13.625
10.125
-7.375
-20.25
-11.125
1.875
5.25
4.5
-2.375
-11.125
-11.125
-6.25
4.0
-8.125
-42.625
-38.0
-7.625
8.25
9.5
-4.5
-16.25
-5.625
8.25
6.125
-2.0
-0.375
7.5
6.375
2.375
-2.625
-8.625
-14.5
-16.5
-11.25
-5.75
-3.0
-10.875
-13.0
1.375
13.375
5.25
-4.875
-0.5
-0.375
7.0
14.375
-5.125
-27.375
-15.0
3.5
-1.5
-15.125
-26.625
-26.0
-12.125
-0.375
-23.375
-37.375
-5.625
15.0
10.125
-1.625
1.75
8.875
4.125
-0.125
-2.75
-4.625
-7.75
-9.125
3.5
16.75
8.625
-10.625
-21.625
-25.25
-18.75
-15.625
-29.625
-29.125
-32.125
-44.125
-31.75
-22.375
-21.75
-8.75
-0.25
3.375
5.875
-2.375
-2.75
6.375
7.875
3.75
-1.5
-1.0
-10.625
-27.625
-17.875
-3.5
-5.125
-1.625
-12.75
-42.25
-50.0
-50.5
-42.0
-18.25
-34.75
-54.5
-14.625
22.875
22.75
16.75
13.0
9.0
5.125
-0.125
-3.0
-2.75
-10.625
-15.625
-11.875
-9.125
-12.375
-24.75
-23.75
-8.125
-2.75
-6.375
-12.125
-9.125
0.875
-10.375
-29.75
-29.625
-23.0
-17.25
-9.0
-0.75
6.25
4.0
-8.375
-10.75
-14.625
-22.875
-11.5
-3.0
-6.375
-7.75
-8.25
-11.0
-18.25
-21.0
-18.875
-15.875
-5.0
-9.75
-36.0
-35.875
-13.0
1.0
3.625
3.625
3.0
-5.5
-19.5
-33.125
-28.875
-10.5
-11.125
-18.75
-19.5
-22.625
-17.0
-6.5
-7.125
-15.0
-18.0
-13.875
-8.625
-7.625
-8.25
-6.5
-4.0
-7.125
-15.25
-14.25
-28.625
-52.625
-38.125
-11.125
-2.875
-4.625
-10.125
-23.375
-35.75
-27.25
-8.0
-4.375
-18.5
-21.25
-5.875
4.875
5.5
-0.125
-8.25
-9.625
-4.125
2.5
0.25
-8.25
-12.25
-14.25
-13.875
-18.625
-26.75
-25.875
-20.125
-19.0
-22.625
-20.25
-17.875
-28.625
-36.125
-41.625
-49.25
-34.0
-8.25
-0.25
0.5
2.625
1.125
-1.625
-5.5
-9.75
-11.375
-13.0
-16.25
-18.125
-17.375
-18.5
-23.875
-26.875
-23.75
-17.75
-11.625
-14.375
-22.5
-20.875
-21.875
-31.0
-30.5
-14.75
-1.375
-16.375
-40.75
-30.125
-4.0
2.75
3.5
-1.5
-15.0
-17.625
-7.75
-17.125
-38.875
-31.5
-7.0
3.5
-3.125
-4.75
4.875
9.375
3.375
-4.25
-5.0
-8.75
-21.75
-32.375
-31.25
-12.875
-6.375
-22.25
-25.875
-24.625
-20.75
-2.375
16.625
19.875
-4.125
-18.875
-10.0
-6.375
-0.125
6.875
4.125
2.125
1.0
-25.5
-43.75
-20.0
-10.125
-21.75
-23.25
-17.75
-13.0
-10.5
-9.625
-13.0
-14.375
-10.875
-12.125
-10.375
-17.125
-21.875
-5.75
-10.625
-28.25
-28.25
-38.625
-48.125
-26.875
1.25
9.375
-2.5
-6.125
4.125
6.0
3.75
1.5
-3.25
-5.0
-5.125
-7.0
-10.375
-10.625
-7.0
-4.25
-1.5
3.0
6.25
3.125
-0.375
-0.75
-7.625
-16.375
-16.5
-12.375
-11.5
-9.125
-6.125
-5.125
-1.75
-1.875
-9.25
-20.625
-41.5
-46.0
-14.625
-7.125
-18.875
-3.875
16.125
17.0
-0.875
-13.25
-9.375
-1.375
0.75
-2.625
-4.375
-3.375
-1.25
-2.125
-11.5
-17.0
-9.875
-7.0
-13.5
-24.5
-29.375
-16.75
-4.375
-1.0
-0.5
-8.875
-17.125
-9.375
1.375
-6.125
-13.125
-2.375
-2.875
-11.75
-13.25
-29.0
-40.25
-18.625
8.125
15.25
10.25
8.25
4.625
2.0
1.25
-14.625
-22.375
-7.375
-1.25
-5.75
-7.25
-4.375
-11.75
-31.375
-32.75
-19.5
-6.125
4.25
-5.125
-24.75
-31.25
-19.25
-1.5
3.125
0.625
2.25
-13.875
-33.375
-13.25
11.375
-9.875
-30.375
-16.125
-11.5
-17.875
-15.75
-16.875
-16.875
-10.625
-9.375
-13.75
-18.625
-16.625
-21.5
-27.25
-17.625
-8.5
-3.875
-1.25
-10.25
-22.625
-21.375
-20.875
-21.5
-18.625
-31.375
-36.125
-17.5
-11.625
-44.125
-64.25
-41.0
-13.375
-1.875
-5.75
-6.625
-3.75
-1.125
3.0
-1.25
-5.75
-6.125
-6.625
-4.875
-14.0
-26.25
-22.0
-14.125
-11.125
-11.25
-11.375
-4.875
0.75
-2.625
-5.875
-5.5
-11.5
-16.5
-17.375
-18.125
-18.625
-13.375
-6.375
-8.75
-9.625
-8.875
-26.125
-38.25
-24.625
-13.5
-20.875
-23.125
-4.5
9.25
-2.125
-18.5
-16.0
-2.0
6.25
1.75
-4.25
-4.125
-3.125
-5.875
-10.5
-10.875
-9.5
-11.5
-12.125
-14.5
-13.625
-4.25
-4.0
-10.375
-17.625
-23.75
-25.25
-15.75
2.125
0.75
-7.625
-4.75
0.375
-0.625
-7.5
-5.0
-0.5
-4.375
-5.75
-1.25
1.125
-1.625
-3.25
-7.125
-9.375
-3.125
-0.375
0.0
1.0
-0.875
3.5
-2.75
-21.125
-18.625
-2.25
13.0
17.875
13.0
3.375
-6.25
-6.0
-15.375
-22.375
-9.25
-2.125
-4.625
1.625
9.5
4.125
-5.75
-5.75
-3.75
-6.375
-8.125
-9.375
-4.5
2.375
0.0
-2.625
-3.5
-20.625
-36.25
-20.25
1.25
7.125
4.25
-15.875
-28.875
-10.25
1.5
-9.875
-11.0
-0.5
3.625
5.25
0.375
-1.625
7.125
11.625
7.875
1.75
1.875
4.625
14.5
4.125
-30.375
-31.375
-9.375
7.625
15.0
14.75
11.875
5.375
-3.875
-10.0
-8.375
-7.25
0.5
6.0
-7.125
-11.0
4.625
15.125
13.25
8.5
6.25
7.375
7.75
6.0
4.5
4.375
9.25
5.5
-14.875
-25.75
-14.25
-8.625
-15.375
-10.875
0.75
8.5
12.0
14.25
7.875
-2.625
0.75
9.625
7.875
-0.375
0.5
3.625
2.5
1.75
3.25
5.375
9.375
7.875
-12.5
-18.375
2.25
13.5
-0.875
-18.5
-17.625
-9.25
-0.375
8.25
7.875
-6.125
-19.125
-19.0
-8.75
-8.5
-21.875
-20.5
-12.125
-7.125
1.375
4.125
1.25
3.25
-4.875
-15.625
-4.375
11.125
13.0
3.875
-2.125
-4.25
-10.0
-11.75
-5.5
1.0
2.5
-4.75
-15.875
-13.125
-1.5
5.125
6.625
2.5
-4.25
-4.375
-12.375
-33.625
-31.375
-7.0
10.375
11.125
4.75
9.125
13.5
3.5
-8.5
-9.75
3.25
17.625
17.25
3.75
-16.0
-17.25
-2.5
0.25
-1.125
-6.875
-16.75
-14.375
1.25
10.625
5.125
6.375
-1.25
-38.25
-44.375
-13.875
7.0
14.5
9.0
0.375
-2.125
2.125
4.125
-11.75
-27.875
-19.375
-0.875
0.125
-8.5
-9.625
-6.625
-0.25
1.5
-1.875
-10.25
-20.875
-19.25
-10.375
-5.0
-6.625
-9.875
-10.75
-11.125
-9.0
-8.125
-10.625
-17.875
-29.625
-15.625
4.0
0.875
-4.5
-13.75
-17.25
-25.5
-34.375
-14.5
12.125
24.25
16.25
-5.125
-32.375
-32.0
-4.625
8.0
6.375
-0.5
-6.625
-5.75
-7.375
-19.5
-20.375
-7.125
3.875
-8.5
-44.375
-46.875
-14.125
9.25
8.75
-2.625
2.25
9.375
7.25
6.5
-1.375
-9.75
-7.125
-10.0
-23.875
-30.25
-21.25
-10.5
-17.625
-28.875
-18.125
-7.75
-4.75
-3.375
-18.625
-29.75
-14.625
1.625
-0.875
-6.625
-8.25
-7.625
-11.0
-19.375
-18.125
-5.5
3.0
-1.125
-3.5
1.625
3.375
2.25
-3.375
-4.0
-10.125
-43.5
-35.375
-1.625
-8.5
-11.25
-3.75
-6.0
-7.25
-3.875
-0.125
3.625
3.375
0.125
-0.625
-0.375
5.5
8.25
2.125
-0.375
4.875
7.25
-14.875
-37.125
-29.125
-18.0
-16.75
-11.5
-10.125
-17.125
-9.0
15.625
28.5
22.875
14.5
4.875
-4.125
-12.125
-19.125
-10.5
1.625
-1.125
-6.875
-6.0
-3.875
-21.5
-48.375
-41.875
-12.25
13.5
23.375
17.875
7.125
-5.625
-0.75
1.625
-15.375
-12.375
2.75
5.5
7.625
10.375
8.375
-1.0
-4.625
1.125
-0.25
-2.375
0.25
0.75
0.125
3.75
7.875
11.5
13.375
10.375
6.125
4.375
7.625
10.375
7.875
6.25
9.875
10.0
7.0
4.25
4.25
9.375
9.375
8.75
-2.75
-7.5
3.375
-9.5
-21.125
-13.25
13.75
35.625
29.0
16.125
3.125
5.375
19.625
19.875
12.625
10.625
-12.25
-16.625
11.375
-5.875
-17.875
18.625
32.875
26.625
27.375
15.25
5.875
13.75
17.875
16.125
10.25
6.125
10.875
11.875
5.75
-1.625
3.5
11.5
-16.75
-41.125
-15.75
12.25
21.75
15.375
-2.625
-8.25
-2.625
3.0
0.5
-16.75
-13.375
18.25
20.875
4.5
1.75
3.375
7.25
8.625
2.375
4.875
-7.625
-45.75
-43.25
-5.25
7.25
-19.875
-38.375
-13.75
5.125
2.0
0.875
2.125
6.125
10.875
9.5
-1.625
-5.25
-0.125
2.0
5.125
1.875
-4.0
-4.375
2.0
7.125
-5.875
-19.375
-9.375
8.125
11.25
5.25
1.5
-5.625
-13.75
-18.125
-16.875
-5.625
-4.0
-8.75
-4.25
-4.25
-9.125
-2.375
6.0
0.25
-11.125
-9.875
5.25
13.5
12.5
8.25
3.375
4.5
8.125
-3.125
-24.25
-29.625
-18.5
2.25
25.0
17.5
-7.125
-2.25
11.625
12.625
18.125
19.25
11.75
11.75
14.625
7.5
-4.0
-5.625
7.875
24.125
21.0
6.375
2.125
-14.875
-43.625
-31.25
2.25
17.375
17.25
13.625
9.375
-1.25
-12.125
-22.25
-24.125
-9.875
1.75
-0.375
0.875
11.625
16.875
13.625
5.75
0.875
7.25
9.375
-1.125
5.375
5.25
-17.625
-10.375
-1.75
-29.25
-36.125
-13.625
1.0
1.625
-7.125
-8.875
-4.5
0.0
7.0
5.125
8.0
18.5
18.125
8.0
3.75
7.75
1.75
-6.375
2.0
9.375
1.125
-14.0
-11.875
-12.125
-21.75
-3.0
20.125
14.625
2.125
4.5
5.125
4.75
9.75
9.25
-1.375
-14.375
-22.625
-21.25
-8.75
0.125
-1.125
1.5
6.375
0.625
-2.625
-1.125
4.375
9.0
-11.0
-18.875
-1.0
10.0
13.875
11.125
9.75
12.125
9.25
6.375
2.0
-3.0
-5.625
-10.375
-10.875
-6.125
-9.625
-15.25
-1.25
17.375
14.125
-3.5
-22.125
-17.125
6.5
13.0
7.25
1.75
-9.375
-29.375
-34.125
-10.375
15.625
14.5
6.375
7.875
5.125
1.25
-2.0
-18.5
-29.75
-12.0
7.375
0.25
-8.5
-1.0
1.625
1.625
9.25
9.5
3.375
2.5
0.0
-3.375
-1.75
6.125
7.375
-24.375
-52.375
-35.125
-7.25
9.25
8.75
-5.25
-9.625
-7.25
-12.25
-16.0
-11.375
-4.5
-2.5
-4.25
-8.375
-11.5
-4.875
5.0
13.5
17.125
8.25
-2.125
-1.125
5.75
-18.5
-56.125
-38.75
-2.625
4.625
1.25
-8.0
-16.375
-13.5
-7.625
-5.875
-7.75
-5.875
-2.25
-6.375
-4.875
9.375
14.0
8.25
7.5
4.5
-4.5
-5.5
-2.125
-5.375
-4.25
4.5
-8.625
-39.5
-31.625
-6.25
-1.0
3.875
6.375
5.0
2.75
1.875
5.0
-0.625
-11.875
-13.25
-5.5
4.75
10.25
9.875
10.25
10.75
3.125
-9.875
-8.0
2.0
4.125
9.0
12.625
0.375
-22.75
-26.875
-6.375
16.5
28.875
26.625
21.5
18.75
13.375
5.5
-2.75
-8.375
-11.875
-13.75
-13.875
-9.375
0.75
0.875
-21.0
-28.75
-15.25
-10.25
-5.5
-11.875
-31.875
-26.875
2.625
20.75
17.75
15.875
22.25
22.25
15.5
12.125
12.75
9.625
4.625
-3.0
-17.875
-16.875
0.75
3.25
3.375
17.0
26.0
24.5
26.0
31.5
17.75
2.0
14.125
20.125
4.5
-2.125
-2.0
-14.5
-18.125
-5.25
11.0
20.25
9.125
-0.875
2.875
5.75
8.5
13.25
9.375
-2.375
-4.75
2.75
8.75
12.125
10.375
2.375
-1.25
-1.0
-3.75
-5.0
-4.5
-15.375
-31.75
-24.0
-9.0
2.125
13.25
16.5
15.0
8.75
5.75
8.75
-5.875
-22.75
-15.5
-2.25
8.625
3.0
3.75
13.0
12.875
15.75
12.625
6.0
6.75
13.125
23.5
28.625
23.125
13.0
-7.75
-26.875
-17.25
-7.375
-17.875
-3.125
19.875
13.625
-1.125
2.25
18.5
24.75
22.0
18.375
15.75
13.875
14.625
18.5
16.375
6.625
6.625
15.875
23.375
20.875
15.0
15.25
14.5
16.25
10.25
-5.75
-3.375
15.0
8.75
-24.625
-37.875
-30.125
-19.625
4.125
19.375
14.0
9.875
10.375
9.75
13.0
19.875
22.75
28.125
32.75
30.625
25.75
17.375
12.5
9.875
5.375
4.875
5.625
-2.0
-8.625
-3.25
0.25
1.25
-5.75
-22.125
-18.0
14.625
21.25
-15.0
-17.125
15.5
38.875
47.25
39.625
31.25
24.125
16.125
9.25
8.5
12.5
5.75
-3.625
-3.5
-2.75
-1.5
-0.125
-0.875
3.5
5.0
-1.875
-0.375
12.875
18.875
15.875
0.25
-20.25
-11.25
11.375
-0.5
-12.75
4.75
27.25
40.875
36.5
29.625
13.875
-11.375
-10.5
12.125
24.875
21.375
16.75
16.0
11.375
-1.375
-15.75
-17.625
7.125
25.125
-3.25
-21.75
7.875
37.25
35.625
24.125
20.375
25.25
25.25
13.875
13.25
18.75
19.875
20.75
19.75
18.875
20.375
21.0
19.375
16.875
13.875
13.375
13.25
6.125
2.75
9.875
12.5
12.375
13.875
14.25
17.625
18.625
19.25
14.0
-16.125
-31.625
-4.5
31.375
47.75
36.875
14.375
5.625
19.25
26.25
19.625
18.125
18.5
14.875
15.75
16.5
10.5
7.875
4.25
-0.75
4.5
15.125
22.125
26.5
23.875
16.125
12.0
13.625
15.5
13.375
12.25
10.25
1.375
-4.75
3.375
13.875
20.875
8.25
-20.125
-14.0
13.25
18.125
9.75
6.625
11.25
13.125
-4.0
-18.375
-8.125
9.5
20.625
19.875
16.375
16.125
15.0
15.25
10.875
7.625
9.125
3.375
0.375
1.25
-12.875
-37.875
-41.875
-20.75
12.375
32.125
29.625
23.0
20.875
24.5
19.125
1.625
-11.25
-11.125
-5.875
2.75
10.0
10.5
9.75
9.125
8.375
3.625
2.25
15.375
18.75
-1.125
-10.375
4.5
24.0
21.375
-9.875
-18.125
2.75
19.125
24.875
18.875
11.375
8.75
3.5
-6.375
-7.25
-13.125
-25.5
-15.375
-4.5
-4.25
-2.5
-3.0
-4.125
-3.75
-6.5
-8.875
-6.375
-5.5
-3.125
1.125
3.25
-2.375
-14.5
-16.0
2.5
7.0
-19.125
-31.375
-4.375
24.5
24.875
20.25
21.5
20.75
19.125
13.625
11.0
15.625
9.0
2.0
6.5
6.375
-1.5
-10.75
-4.625
9.25
11.625
10.75
16.0
19.75
17.75
13.25
1.0
-14.5
-6.25
12.0
15.125
23.5
22.875
-2.625
-5.625
15.125
28.25
24.25
7.5
0.75
3.0
5.625
4.625
1.625
10.125
15.625
13.0
8.875
10.0
27.0
31.875
7.5
-5.875
5.375
11.625
13.125
16.375
22.875
25.875
23.625
26.875
27.125
19.625
17.875
7.5
-10.5
-8.625
-1.5
5.5
14.375
16.125
9.75
3.125
7.25
15.875
19.0
19.0
19.75
17.625
13.625
3.25
-9.25
-4.75
11.625
19.375
20.0
19.0
17.125
16.0
21.0
11.5
-5.0
8.5
20.125
22.625
28.125
27.5
29.375
28.25
17.125
-2.875
-6.25
9.375
14.25
11.25
12.5
2.875
-8.875
3.125
9.0
-0.25
0.375
8.625
17.875
17.0
9.25
18.875
18.0
-6.375
-2.625
23.0
34.875
30.875
22.75
21.625
20.875
12.5
5.375
7.0
12.5
12.375
7.625
7.125
9.375
9.0
-7.5
-28.125
-22.75
-6.75
4.5
9.5
8.25
8.5
10.0
10.75
13.5
21.75
21.125
5.625
4.25
11.125
-3.625
-19.625
-10.375
15.375
31.125
17.25
9.25
22.0
28.0
26.75
23.625
23.625
20.875
9.0
-3.75
-7.375
0.0
10.5
18.5
20.75
25.75
26.0
-0.375
-15.625
-2.5
13.875
26.375
25.125
21.625
23.0
24.0
25.75
18.625
2.0
-2.125
7.125
13.5
12.125
0.25
-1.125
3.25
-7.125
-6.5
8.75
10.75
-4.75
-11.0
-20.625
-22.0
9.75
39.25
43.0
30.25
22.0
19.25
16.375
12.25
-2.5
-5.25
6.875
9.375
9.25
8.375
10.125
10.125
-8.25
-21.375
-8.5
6.25
10.5
16.875
22.375
17.625
6.25
7.125
5.0
-7.0
5.125
30.5
50.0
48.5
25.25
12.125
16.0
20.375
15.75
11.375
18.5
18.875
15.25
18.875
21.0
18.875
15.75
19.125
22.625
9.625
2.0
7.375
1.0
1.625
15.75
18.625
15.625
15.625
17.75
21.5
22.0
13.5
-3.375
-3.625
9.125
6.75
3.375
8.125
24.875
40.875
33.75
24.625
29.5
31.0
18.75
9.875
13.25
19.25
23.0
20.625
21.75
32.625
28.875
10.25
5.75
9.625
10.0
16.25
11.125
-16.125
-15.375
15.125
30.5
31.25
29.75
26.5
22.875
27.25
34.375
34.875
31.625
30.0
33.25
28.5
14.375
10.125
17.25
22.125
18.875
17.125
18.5
-0.625
-19.875
-4.75
0.625
-8.5
1.625
26.375
47.25
45.375
33.375
27.375
25.25
19.375
11.875
9.125
8.25
12.25
14.125
0.625
-10.625
-10.5
-5.0
-1.5
-10.875
-14.625
-3.125
7.0
14.875
17.875
18.875
24.25
26.125
24.5
17.875
3.75
1.625
15.875
29.5
36.125
35.375
33.25
29.125
20.0
14.625
9.25
-10.25
-23.875
-10.125
5.0
8.0
9.125
8.25
6.125
6.625
11.75
16.875
9.5
1.5
7.375
15.5
21.375
24.625
17.75
1.625
-11.625
-12.0
-5.625
-1.375
3.125
6.5
10.75
5.5
-13.625
-15.75
3.875
17.125
17.0
15.875
16.25
11.875
8.625
8.25
3.0
1.0
7.25
8.5
4.375
1.25
1.375
6.875
15.0
21.0
14.125
3.375
-6.375
-8.125
6.375
24.875
38.25
30.375
5.375
-4.5
3.125
13.375
17.5
13.375
12.25
14.875
15.0
9.75
4.375
7.375
7.0
-1.375
2.875
16.125
16.25
9.875
7.125
7.875
9.25
1.625
-14.875
-33.0
-36.0
-17.25
8.625
25.625
25.625
21.625
20.0
17.125
12.0
6.5
7.75
11.0
4.0
-1.125
1.25
0.75
4.125
8.875
8.875
10.625
7.5
-4.5
-9.5
-5.875
-5.375
-3.625
-12.375
-29.5
-22.375
10.0
30.625
22.5
20.375
26.75
20.625
17.625
19.75
19.625
23.125
24.25
19.875
16.75
10.625
5.375
4.625
-1.5
-8.125
-8.375
-8.625
-10.75
-9.5
-2.125
4.375
5.625
4.0
-3.125
-10.5
-10.375
-17.625
-36.625
-35.75
-17.625
0.375
17.75
25.0
27.0
26.0
20.0
12.625
7.875
6.125
3.0
-4.625
-7.625
-2.375
1.75
1.0
-0.5
0.875
3.75
1.25
-2.5
0.0
5.25
16.0
25.25
18.625
8.875
6.125
-4.625
-11.25
-6.625
-0.625
-2.0
-20.625
-26.125
-7.375
3.625
5.875
3.875
-4.75
-2.75
7.375
9.75
3.625
-19.0
-32.0
-10.75
5.5
6.25
4.25
-1.875
-11.5
-16.625
-12.375
-20.75
-37.5
-36.875
-21.875
-0.375
6.125
-4.375
-6.125
6.0
18.875
26.375
21.75
9.375
7.625
10.0
10.375
8.625
6.75
2.25
-10.625
-14.125
-5.5
-2.5
-2.0
0.75
-8.875
-20.125
-8.0
5.0
-9.0
-18.75
-2.25
0.125
-24.5
-23.375
2.25
14.5
16.625
12.125
5.375
8.625
12.0
-4.375
-12.5
-3.0
1.5
1.75
2.875
8.125
8.125
2.75
-5.25
-17.0
-22.5
-16.125
-8.0
-2.875
2.125
-2.875
-7.5
-5.375
-1.5
-9.0
-41.125
-44.0
-8.75
10.125
10.75
11.375
12.625
9.625
3.75
3.5
6.375
7.125
7.75
7.25
5.375
5.375
-8.125
-27.625
-14.875
10.125
17.125
15.125
9.625
3.125
-0.625
-3.75
-5.75
-3.5
0.875
0.25
-21.625
-37.0
-24.0
-11.25
-6.375
3.625
14.25
12.125
-0.125
-5.875
-1.375
-9.125
-20.875
-16.625
-14.25
-11.125
1.125
0.75
-7.375
-8.5
-10.75
-9.375
1.875
6.625
5.25
6.375
5.375
3.125
0.875
0.25
2.5
-6.0
-17.125
-9.0
-3.125
-19.25
-25.125
-19.125
-14.5
-5.375
-5.25
-0.625
11.875
17.875
18.0
13.75
13.875
18.625
17.5
7.75
3.0
-1.375
-15.25
-14.5
0.125
4.125
-2.0
-6.25
-5.875
-5.375
-6.25
-3.375
-0.75
-5.75
-5.375
-5.75
-14.0
-16.125
-11.625
-2.75
7.75
1.625
-29.875
-44.75
-17.25
14.375
18.875
7.25
1.25
2.25
0.625
-4.625
-5.5
-2.75
0.375
8.5
2.75
-18.75
-28.5
-19.125
-7.5
-19.0
-18.875
-3.25
-22.5
-43.5
-33.25
-2.5
19.375
17.375
14.75
11.875
5.125
4.75
3.5
-2.375
-11.125
-15.5
-3.375
3.25
-2.625
-2.75
-5.375
-15.375
-23.625
-26.75
-26.375
-11.625
3.625
9.125
17.5
22.25
15.0
-15.625
-35.625
-9.0
18.375
16.0
11.625
15.375
10.75
-1.0
-5.75
-0.25
2.25
-10.0
-18.5
-17.75
-14.375
-3.875
2.5
6.875
9.75
5.375
6.375
5.5
8.0
20.875
10.25
-15.25
-30.875
-34.75
-14.5
11.75
14.5
-2.375
-11.125
-8.0
-5.875
-8.125
-12.0
-11.375
-10.625
-12.25
-11.25
-7.875
-0.625
8.25
10.25
8.5
4.125
-5.375
-9.75
-8.375
-18.375
-33.75
-32.5
-15.125
-5.0
-6.375
-6.25
-7.375
-30.75
-48.875
-26.875
1.5
6.875
1.75
5.875
9.625
6.375
3.875
-0.5
-2.625
0.0
1.0
0.5
-0.125
0.625
-3.875
-11.25
-13.875
-17.75
-23.75
-28.25
-27.625
-15.125
-5.5
-7.75
-4.625
-5.375
-12.375
-9.875
-1.5
4.0
7.25
2.125
-16.875
-20.5
-9.0
-2.125
-0.625
-3.25
-0.625
1.375
5.125
7.0
-1.25
-2.875
-2.875
-7.75
-8.0
-5.375
-13.625
-15.75
5.375
18.0
8.0
-6.75
-7.125
5.125
7.0
5.875
6.5
3.75
-13.125
-42.5
-42.375
-8.0
23.875
33.125
25.125
18.25
17.625
14.875
11.875
10.625
10.375
11.0
6.625
2.875
1.75
2.375
0.75
-14.625
-22.625
-12.625
-3.5
2.5
4.75
-0.125
-8.875
-11.75
-11.125
-14.0
-12.875
-8.5
-5.5
-4.75
-5.125
-0.75
-0.25
-22.625
-35.75
-26.875
-18.875
-7.375
-3.875
-8.625
-8.875
-7.5
-6.375
-8.0
-18.5
-24.625
-17.0
0.0
13.125
8.0
1.25
2.25
4.125
2.0
3.5
6.0
-1.375
5.375
16.25
12.125
3.75
-2.375
-3.5
-6.25
-27.625
-39.625
-17.875
6.5
16.375
14.0
-4.0
-15.125
-1.875
10.625
11.0
7.75
6.75
9.75
8.5
3.375
3.0
-0.75
-6.625
-6.5
-4.375
-7.625
-15.0
-17.75
-3.75
11.375
5.0
-7.75
-7.0
-4.125
-23.0
-29.5
-5.25
18.5
28.125
15.25
-1.25
1.125
9.0
9.875
7.375
7.375
10.375
8.625
2.375
1.125
3.75
3.5
3.125
4.875
3.125
0.375
2.5
-3.25
-9.25
-1.125
-3.375
-3.0
13.875
25.5
32.5
6.125
-23.375
-4.875
20.375
30.0
29.875
23.375
16.5
12.875
13.375
13.375
11.5
11.25
12.25
14.25
17.75
15.5
13.0
7.375
-18.125
-20.25
5.0
14.625
17.5
16.625
10.625
7.75
-2.375
2.25
23.375
15.875
8.5
19.125
29.0
32.125
24.25
20.375
21.25
13.25
1.625
4.25
14.0
16.375
15.5
7.25
0.0
9.0
19.5
16.0
16.375
21.75
15.875
11.625
-2.0
-17.75
-14.25
-11.5
-4.125
22.375
44.75
42.875
33.0
27.75
23.125
20.0
19.625
21.375
20.625
13.875
1.125
-12.625
-8.625
10.875
16.75
7.375
5.125
9.625
11.375
11.875
10.5
6.375
4.625
6.125
6.625
-9.375
-24.75
-8.125
-1.5
-15.0
-5.75
13.375
24.5
26.125
21.625
19.5
19.375
22.0
20.375
14.0
15.25
23.625
25.75
17.375
13.625
17.5
16.5
10.375
6.375
6.0
0.75
-4.25
0.0
1.5
-5.25
-9.5
-4.625
8.75
19.75
19.625
5.625
-5.375
3.0
20.0
31.875
29.75
12.25
0.0
14.625
37.0
30.375
7.0
2.375
6.625
9.75
14.0
8.625
4.0
2.375
-1.5
2.5
11.875
14.5
3.125
-17.25
-28.875
-12.0
18.375
38.875
43.875
34.0
18.875
9.25
7.625
7.0
9.5
13.75
12.875
6.25
2.75
4.625
-1.25
3.375
23.625
27.375
25.125
15.25
-16.5
-22.25
11.375
36.125
31.5
20.75
17.125
16.625
15.625
11.75
15.25
20.875
17.5
15.125
12.625
5.75
4.125
8.125
16.0
20.875
15.25
10.25
13.0
4.25
-6.5
-3.5
-24.625
-42.25
-8.125
28.875
38.625
40.125
35.25
25.625
19.625
17.625
17.5
13.125
11.375
16.0
17.125
11.0
-0.625
-9.0
-4.375
6.75
9.625
11.25
8.375
7.75
10.5
6.25
9.125
-7.875
-35.0
-21.75
12.125
25.75
11.5
6.125
20.5
25.875
22.0
14.875
7.125
6.0
12.625
17.375
4.75
-9.5
-9.375
-11.0
-18.625
-30.375
-33.5
-19.125
0.25
18.375
27.125
7.5
-21.375
-12.25
16.0
19.0
8.0
12.125
15.5
10.5
10.0
10.75
4.875
-10.5
-16.75
-10.25
-9.25
-10.0
-6.125
-2.25
2.25
4.25
0.875
-5.125
-3.5
5.125
-14.625
-40.125
-21.375
10.0
20.875
17.625
15.25
11.125
-5.625
-8.625
7.25
14.375
15.625
15.125
6.5
-0.5
-0.875
-2.625
0.5
6.5
1.0
-5.25
-7.5
-9.75
-6.375
-14.625
-31.875
-22.75
3.625
17.0
4.5
-9.125
-7.5
-8.75
-4.25
3.0
2.5
5.75
12.375
10.375
2.75
-2.875
-10.25
-12.5
-7.0
2.625
6.25
-0.875
1.5
6.875
-1.375
-4.75
-9.75
-36.375
-46.875
-26.875
-6.75
-6.375
-20.5
-29.375
-27.375
-15.875
-12.625
-22.625
-26.75
-20.875
-13.875
-8.625
-14.5
-19.5
-10.875
-6.875
-12.625
-16.25
-22.75
-48.25
-66.5
-58.125
-34.875
-14.75
-10.0
-20.5
-36.0
-28.875
-12.875
-10.875
-17.0
-29.625
-49.0
-52.25
-33.625
-23.125
-28.875
-38.875
-40.25
-36.5
-32.625
-27.5
-36.25
-57.0
-53.25
-30.25
-16.25
-17.125
-22.25
-23.0
-29.625
-41.75
-49.625
-44.0
-26.0
-21.375
-36.125
-38.125
-25.25
-22.875
-25.5
-20.875
-18.75
-21.75
-24.25
-24.0
-24.5
-32.0
-36.875
-33.375
-31.625
-27.375
-37.625
-59.0
-49.0
-25.75
-16.25
-21.0
-25.625
-18.625
-26.75
-32.125
-14.75
-10.125
-13.75
-15.625
-23.125
-25.0
-23.0
-21.375
-19.375
-22.0
-30.0
-32.5
-29.75
-29.75
-25.0
-35.5
-58.875
-57.25
-36.125
-15.25
-9.75
-13.875
-15.125
-14.375
-16.375
-25.875
-36.125
-48.0
-50.625
-32.875
-25.625
-34.625
-33.75
-28.0
-28.375
-28.375
-26.875
-29.875
-33.5
-31.25
-30.25
-31.375
-40.0
-71.625
-86.375
-54.875
-21.625
-13.625
-17.5
-16.0
-17.875
-35.625
-45.5
-35.125
-24.125
-29.75
-33.25
-28.25
-31.875
-30.875
-30.375
-39.75
-34.875
-25.625
-26.5
-24.25
-32.75
-51.375
-45.375
-20.5
-12.625
-21.625
-28.5
-39.5
-50.875
-51.25
-45.875
-32.625
-19.25
-24.875
-38.5
-32.625
-28.625
-34.125
-29.875
-29.0
-28.75
-20.875
-19.625
-24.375
-23.625
-18.25
-21.5
-42.625
-51.875
-35.75
-24.25
-30.625
-44.25
-43.75
-35.875
-36.875
-39.75
-44.25
-43.875
-31.875
-21.75
-24.375
-30.75
-27.25
-20.5
-32.0
-42.0
-30.0
-27.5
-28.5
-19.375
-14.375
-30.125
-55.125
-48.0
-25.875
-22.375
-24.5
-23.25
-24.25
-24.75
-27.0
-31.375
-37.75
-43.75
-42.25
-41.5
-37.875
-29.0
-22.0
-21.625
-26.75
-31.625
-38.0
-38.625
-34.375
-33.25
-32.0
-28.75
-32.125
-41.0
-36.125
-25.5
-17.25
-26.0
-61.875
-65.0
-33.25
-20.875
-22.875
-20.5
-19.75
-21.375
-20.75
-26.625
-34.75
-30.75
-20.0
-16.125
-18.25
-22.75
-29.625
-30.25
-25.25
-19.875
-19.375
-25.375
-26.75
-24.375
-28.75
-30.125
-28.0
-55.875
-75.5
-53.5
-26.875
-18.75
-29.625
-30.625
-25.25
-28.875
-28.125
-23.0
-20.625
-21.625
-24.5
-28.25
-31.875
-31.0
-30.375
-37.5
-40.75
-35.125
-35.25
-33.125
-29.625
-45.25
-57.25
-49.625
-33.0
-16.0
-18.625
-25.25
-22.75
-23.875
-19.25
-15.625
-17.625
-24.75
-38.5
-41.75
-32.75
-21.875
-17.375
-19.75
-19.25
-16.0
-22.375
-31.125
-26.125
-16.25
-29.25
-55.625
-47.5
-16.0
4.875
2.75
-19.25
-26.125
-10.25
-2.125
-5.125
-9.25
-20.375
-29.5
-23.25
-10.25
-4.25
-5.875
-5.5
-14.875
-34.5
-33.875
-19.0
-21.0
-39.5
-37.875
-14.75
3.75
3.0
-20.125
-31.875
-22.75
-12.375
-5.375
3.0
7.25
-2.0
-6.5
-3.0
-10.375
-19.25
-24.125
-22.0
-3.375
10.375
4.625
-0.25
0.0
-7.0
-6.25
-5.75
-27.625
-44.5
-29.75
-5.125
4.125
6.0
6.625
-2.75
-6.625
-2.0
-10.5
-21.5
-19.0
-16.375
-21.25
-23.75
-18.5
-4.875
5.375
3.5
3.25
-2.75
-27.5
-31.875
-9.25
4.75
-2.75
-15.25
-12.125
-5.0
-6.375
-15.875
-18.625
-10.625
-9.25
-15.0
-18.0
-21.375
-32.125
-37.125
-32.5
-21.625
-3.0
5.625
2.625
-7.375
-14.5
-7.0
-6.75
-11.375
-12.625
-14.75
-9.875
-22.875
-48.25
-41.5
-14.375
4.0
5.5
-2.375
-9.0
-14.5
-16.125
-15.25
-12.125
-12.0
-20.125
-31.25
-30.125
-14.875
-8.0
-10.625
-11.5
-11.75
-8.625
-12.75
-29.875
-31.5
-24.5
-31.375
-36.625
-35.25
-24.0
-4.875
1.5
-11.625
-29.5
-33.875
-25.875
-5.875
11.0
6.0
-11.875
-20.375
-16.125
-10.5
-5.125
-1.75
-4.75
-10.75
-20.25
-30.75
-23.5
-11.25
-22.75
-48.625
-54.75
-42.375
-26.625
-15.0
-16.75
-31.5
-52.125
-53.25
-35.25
-15.5
-5.125
-10.5
-16.5
-21.5
-28.875
-27.625
-21.5
-20.375
-28.875
-41.25
-42.75
-35.875
-33.0
-32.375
-30.875
-34.0
-37.0
-32.125
-28.375
-40.375
-53.5
-51.125
-37.375
-20.625
-12.875
-15.625
-15.125
-15.5
-44.875
-69.875
-50.0
-13.125
2.875
-13.75
-29.625
-30.25
-29.5
-29.5
-27.625
-36.5
-45.875
-39.5
-27.75
-18.875
-32.625
-44.75
-31.625
-19.75
-14.875
-11.75
-10.0
-9.25
-17.375
-19.375
-20.875
-45.625
-59.5
-44.625
-21.875
-9.875
-12.0
-15.75
-15.625
-16.5
-21.625
-23.25
-22.25
-20.0
-27.375
-56.375
-61.125
-37.375
-32.75
-35.875
-25.5
-18.0
-22.0
-17.375
-8.0
-16.25
-40.0
-49.875
-33.25
-10.75
-1.25
-4.25
-9.875
-9.25
-4.125
-13.75
-31.375
-40.5
-42.125
-33.0
-26.75
-25.625
-25.625
-39.875
-42.125
-21.75
-6.875
-8.375
-17.625
-19.875
-19.125
-21.75
-23.625
-22.75
-21.625
-17.0
-9.25
-29.25
-54.875
-40.5
-11.75
-0.875
-8.25
-16.625
-18.125
-26.625
-41.375
-34.5
-13.5
-9.5
-22.25
-31.625
-26.5
-19.125
-15.75
-18.125
-26.625
-25.25
-17.625
-18.25
-20.375
-20.5
-22.0
-27.375
-41.375
-63.125
-66.875
-47.375
-31.875
-22.375
-19.25
-25.375
-24.25
-19.0
-22.25
-28.625
-28.75
-23.75
-20.125
-15.25
-15.0
-18.5
-17.25
-15.875
-16.375
-18.75
-20.625
-23.375
-30.125
-33.125
-34.25
-41.875
-50.625
-56.125
-39.25
-16.125
-15.875
-14.875
-18.125
-32.125
-26.625
-11.625
-6.0
-16.25
-22.5
-14.875
-18.0
-22.75
-15.0
-11.0
-17.25
-21.0
-22.625
-35.75
-44.375
-32.25
-24.25
-33.5
-31.875
-17.125
-12.25
-16.375
-24.375
-19.875
-8.0
-26.25
-46.625
-34.625
-15.875
-12.125
-25.875
-34.125
-27.125
-22.75
-33.25
-34.5
-20.375
-11.25
-4.0
-2.125
-10.75
-16.25
-15.125
-14.625
-11.875
-17.125
-30.375
-29.125
-17.625
-12.75
-19.0
-33.0
-36.75
-44.5
-62.875
-57.5
-41.625
-20.125
1.75
1.0
-3.375
-4.5
-12.0
-15.125
-12.125
-10.375
-14.375
-20.0
-21.25
-26.875
-37.0
-36.25
-23.75
-18.625
-28.625
-32.875
-27.5
-37.875
-43.375
-29.75
-25.75
-28.5
-23.5
-11.875
-27.125
-57.625
-45.875
-19.0
-6.125
-2.5
-7.375
-6.75
-5.25
-7.875
-8.875
-15.625
-26.375
-32.625
-39.125
-39.25
-31.125
-19.0
-17.0
-25.125
-21.375
-15.25
-16.75
-15.5
-15.625
-14.75
-17.125
-34.625
-43.5
-36.125
-31.0
-19.875
-6.375
-14.125
-41.75
-50.875
-31.0
-4.625
7.875
-0.75
-6.25
-12.625
-25.875
-27.125
-20.75
-23.0
-26.125
-23.25
-20.75
-17.625
-15.5
-19.125
-24.375
-23.625
-17.75
-19.125
-26.75
-24.625
-19.0
-20.375
-31.875
-38.25
-23.0
-10.5
-12.375
-15.0
-18.25
-27.25
-30.5
-21.875
-16.875
-17.25
-24.5
-34.125
-35.125
-42.25
-49.625
-37.375
-21.375
-12.0
-7.5
-8.375
-12.5
-20.625
-23.0
-21.875
-33.5
-35.25
-19.5
-13.125
-16.5
-19.75
-24.125
-27.125
-21.625
-22.625
-39.5
-33.75
-12.75
-15.625
-27.0
-37.125
-46.375
-39.75
-17.25
-4.5
-15.875
-23.375
-14.5
-10.875
-18.0
-24.5
-26.125
-22.0
-18.375
-12.875
-8.125
-13.75
-19.375
-22.625
-22.5
-23.5
-37.25
-39.0
-26.125
-19.0
-12.5
-8.125
-19.625
-31.625
-22.125
-10.25
-12.625
-21.875
-28.5
-44.625
-52.25
-36.75
-17.0
-3.75
-4.5
-9.625
-10.5
-9.5
-10.0
-15.125
-21.75
-27.75
-29.0
-23.875
-21.375
-24.875
-23.0
-26.125
-34.0
-28.0
-22.875
-12.625
-3.875
-9.0
-15.125
-25.375
-32.75
-29.0
-22.0
-16.125
-13.625
-18.875
-29.0
-26.375
-24.75
-45.75
-51.875
-32.875
-21.0
-21.75
-18.875
-9.5
-12.375
-18.75
-11.625
-5.25
-15.625
-24.875
-27.5
-29.125
-12.875
-0.375
-11.125
-26.875
-31.875
-28.75
-28.25
-28.75
-30.125
-36.0
-31.625
-23.25
-23.0
-21.0
-30.375
-33.125
-13.5
0.25
0.0
-7.125
-21.25
-38.0
-44.375
-34.5
-22.375
-24.875
-33.375
-35.5
-42.125
-53.75
-50.25
-34.375
-28.125
-37.625
-41.625
-29.75
-25.125
-30.25
-34.0
-32.25
-22.25
-13.0
-13.5
-16.5
-24.375
-39.875
-36.5
-17.125
-8.625
-28.875
-55.75
-52.375
-35.25
-29.625
-36.125
-37.625
-24.125
-21.375
-23.125
-8.75
-3.875
-12.625
-18.125
-17.625
-15.25
-19.875
-17.875
-2.625
0.625
-8.875
-18.5
-24.875
-25.75
-22.25
-18.75
-41.25
-70.5
-55.125
-24.625
-12.375
1.5
11.625
5.75
-3.25
-6.5
-8.875
-9.0
-4.125
-7.125
-16.375
-11.5
-3.125
-5.625
-8.75
-14.0
-17.375
-9.375
-3.125
-1.875
0.75
1.625
-10.5
-23.375
-18.25
-9.5
-18.0
-46.5
-46.625
-18.625
-2.0
5.625
-1.375
-12.25
-14.75
-15.625
-8.375
-0.875
-10.375
-19.625
-13.75
-7.75
-13.625
-30.375
-26.375
-5.75
-4.125
-17.75
-24.0
-18.375
-12.875
-6.625
-14.625
-45.25
-47.875
-13.375
15.875
19.5
9.75
2.75
-4.75
-11.0
-15.375
-20.625
-23.875
-18.375
-2.875
-0.75
-3.0
3.25
-1.125
-12.125
-20.75
-21.5
-22.75
-29.625
-40.25
-36.375
-5.25
15.5
9.75
-1.25
-4.875
-3.875
-4.25
-3.625
-8.375
-12.25
-5.75
-2.625
-8.875
-12.875
-11.875
-14.25
-15.25
-16.75
-23.75
-19.625
-12.0
-16.625
-18.875
-21.0
-36.625
-46.25
-25.5
3.0
17.5
18.0
7.75
-0.5
-1.125
-4.875
-13.5
-13.0
-11.25
-16.5
-29.625
-39.25
-30.25
-20.625
-18.5
-14.125
-9.375
-7.5
-10.5
-15.75
-12.0
-7.0
-12.75
-13.5
-21.25
-37.5
-26.0
2.875
9.625
3.0
8.625
5.875
-5.125
-6.0
-9.625
-18.25
-22.25
-29.625
-31.75
-22.875
-17.0
-13.0
-10.125
-5.625
-4.625
-11.375
-14.875
-14.125
-12.375
-12.625
-16.5
-22.25
-26.5
-21.0
-24.0
-33.375
-16.5
-2.125
-21.75
-40.875
-26.125
-9.625
-10.0
-2.375
2.875
-1.375
-1.875
-6.375
-15.625
-15.25
-8.75
0.125
2.375
-2.375
-1.625
0.25
1.75
5.0
2.875
-3.25
-2.125
-13.625
-47.625
-62.875
-33.25
10.375
22.75
13.375
5.625
3.875
6.0
4.25
-2.0
-8.75
-10.125
-9.125
-12.625
-13.75
-16.0
-16.625
-10.625
-3.5
2.0
-1.0
-2.5
7.375
17.5
11.75
-14.0
-47.625
-59.25
-29.375
10.25
19.375
7.625
3.375
9.375
9.25
5.25
6.375
6.375
4.375
5.375
5.75
-8.5
-21.875
-11.875
-1.375
5.875
11.625
-2.25
-26.625
-29.75
-8.25
3.125
-8.25
-16.125
-10.25
3.375
14.0
13.0
7.5
6.375
8.0
8.5
6.75
4.875
0.75
-3.375
0.75
4.875
5.5
-2.5
-19.0
-20.75
-9.875
-4.875
-8.125
-6.625
-13.125
-40.125
-42.875
-10.0
16.0
4.75
-19.125
-11.875
13.0
24.875
17.125
8.125
15.25
21.25
16.5
11.0
7.875
1.75
-3.875
-1.875
-3.125
-10.5
-17.875
-25.0
-24.375
-19.75
-22.125
-16.75
-8.75
-6.375
-15.875
-38.625
-29.5
8.0
34.875
34.25
18.625
13.75
13.875
8.125
3.875
4.875
3.875
1.25
-1.375
-2.0
-1.5
-3.625
-1.875
0.125
-4.875
-11.75
-16.375
-17.375
-13.5
-19.0
-33.375
-18.5
1.25
2.75
14.75
20.375
8.75
3.25
9.375
14.0
10.75
4.5
0.5
0.0
0.875
-1.875
-5.375
-5.5
-3.0
-2.625
2.125
5.625
-16.625
-36.375
-18.25
6.5
17.125
21.0
11.875
-4.5
-9.5
-5.5
-1.25
6.0
8.5
5.375
4.125
5.0
9.0
11.125
10.25
10.25
5.0
0.125
4.125
7.25
4.25
-5.125
-16.625
-20.625
-17.875
-21.625
-39.875
-36.0
2.25
27.625
21.5
-0.25
-10.875
-3.375
6.125
8.0
2.625
-4.0
-3.375
1.5
1.125
-0.375
-2.375
-7.25
-10.75
-14.75
-16.375
-7.375
3.5
-0.25
-4.375
-1.375
-31.75
-55.125
-22.875
7.125
20.875
23.125
12.0
2.25
-4.625
-8.5
-5.5
-0.125
-0.625
-1.75
-0.25
-0.125
-3.25
-2.875
-1.125
-6.5
-11.5
-7.875
-2.625
-11.5
-19.0
-6.0
4.125
4.625
5.5
7.375
3.875
-1.125
2.75
2.75
0.375
3.625
-12.5
-34.875
-19.125
6.5
7.875
2.5
8.25
12.375
8.625
7.5
6.375
-1.75
-12.0
-8.875
3.625
10.75
9.75
6.125
5.125
4.125
-0.5
-5.375
-1.375
-5.75
-30.25
-34.625
-16.0
5.375
14.75
12.125
14.625
14.875
15.625
8.25
-11.75
-14.75
-4.0
1.625
-2.125
-9.0
-8.0
-5.0
-2.875
-1.375
-8.625
-14.375
-6.125
-4.125
-10.125
-13.5
-11.75
-8.0
-9.0
-9.375
-12.25
-17.0
-17.0
-21.5
-21.5
-4.75
-3.625
-30.0
-32.125
-8.875
3.5
4.25
2.375
-7.875
-34.5
-43.875
-26.625
-15.0
-13.75
-11.625
-11.625
-9.75
-5.25
-10.25
-15.0
-14.625
-17.625
-15.0
-16.875
-27.875
-28.0
-8.5
8.375
0.5
-5.875
-0.625
0.0
2.25
5.5
2.25
-1.875
-5.5
-7.875
-15.0
-23.5
-19.75
-13.5
-15.375
-16.5
-10.875
-4.75
-3.375
-6.75
-4.625
2.875
2.25
-1.125
-10.5
-43.125
-64.25
-49.875
-21.0
1.625
3.375
3.125
3.5
-4.625
-4.625
0.875
2.125
0.75
-3.625
-7.375
-7.125
-5.875
-3.625
-0.5
-2.875
-8.875
-18.0
-34.25
-36.875
-25.25
-19.75
-13.625
-7.375
-14.875
-41.0
-49.5
-25.25
-1.375
3.875
-3.75
-4.25
-7.75
-24.0
-23.125
-7.5
-1.375
-3.75
-5.25
-4.5
-5.25
-9.75
-12.625
-11.0
-17.5
-28.625
-28.625
-20.0
-13.5
-33.5
-52.875
-35.375
-6.25
8.625
4.75
0.25
-2.625
-4.625
-2.375
-1.875
-0.5
1.0
2.25
-6.625
-19.125
-17.25
-17.0
-21.625
-23.5
-21.75
-16.375
-10.875
-13.75
-23.125
-26.5
-45.875
-61.25
-39.125
-6.875
12.75
12.125
2.75
-2.75
-7.0
-21.125
-23.375
-11.625
-13.875
-17.125
-13.625
-15.5
-18.0
-21.625
-35.375
-38.625
-23.375
-12.375
-24.25
-54.625
-53.5
-16.25
2.875
-1.125
-6.25
-6.0
-0.375
-2.75
-7.375
-6.75
-8.75
-5.5
-0.125
2.0
4.125
2.0
-2.5
-5.5
-6.5
-8.125
-6.75
-3.25
-20.125
-35.5
-15.875
-1.0
-9.5
-11.625
-2.625
-8.625
-22.875
-17.5
-0.125
17.375
18.875
-4.125
-12.125
10.0
14.75
5.0
9.125
14.125
11.375
14.0
11.875
-1.375
-8.875
-15.0
-24.625
-26.375
-10.75
-0.125
-14.75
-16.25
0.5
11.625
6.875
-5.75
-1.625
7.375
7.5
4.125
-5.875
-10.5
0.125
1.875
-4.75
-3.125
2.5
4.125
0.0
-1.875
0.0
-0.125
-7.375
-19.25
-14.0
-6.25
-15.875
-33.75
-42.0
-19.75
5.125
9.5
10.25
13.375
10.25
5.0
4.5
3.5
3.625
1.625
-9.75
-9.875
-8.0
-19.875
-14.875
-5.25
-4.0
-6.875
-15.375
-10.0
0.25
0.875
-5.125
-8.625
-15.625
-34.375
-35.5
-11.0
10.5
5.25
-10.875
-7.75
4.5
10.5
14.125
13.25
0.125
-8.375
-3.5
-10.25
-5.25
17.125
17.75
4.875
-4.25
-7.625
-8.75
-8.875
-7.25
-6.5
-4.625
-19.0
-41.0
-29.375
-4.5
2.5
-6.625
-15.875
-16.125
-9.5
0.5
6.375
2.625
-7.375
-7.0
1.5
-11.875
-31.375
-17.75
0.75
3.625
-3.125
-19.25
-21.5
-7.5
-18.625
-43.25
-34.25
-8.875
1.75
0.875
-5.125
-10.875
-20.625
-29.5
-22.875
-9.25
-0.625
-5.75
-23.625
-30.125
-23.625
-17.375
-9.0
-2.5
-0.5
2.625
7.875
5.5
-4.125
-18.375
-19.75
-6.625
-7.875
-19.25
-17.75
-9.125
-27.125
-51.25
-38.25
-5.375
18.625
18.375
7.0
5.375
5.125
0.125
-5.125
-4.0
-1.125
-8.25
-10.125
-2.75
-9.25
-18.375
-16.125
-9.375
-1.875
2.875
-1.0
-9.375
-10.0
-8.0
-13.375
-24.875
-26.25
-12.5
-3.75
-4.375
-8.0
-5.75
4.125
-6.0
-33.875
-39.375
-14.875
8.125
8.75
5.125
7.375
6.875
5.125
0.5
-12.625
-19.75
-15.0
-8.875
-2.0
4.125
12.5
13.25
5.5
-1.0
-12.875
-13.0
0.875
12.75
15.125
9.375
4.875
6.625
8.0
5.625
1.75
-8.0
-9.75
-17.625
-30.25
-12.25
10.875
22.125
27.375
16.25
8.0
14.5
22.375
26.5
26.0
19.75
5.875
-4.0
-7.0
-6.375
-4.875
-4.875
-6.125
-8.25
-6.5
-3.625
-10.625
-10.5
-6.375
-16.125
-10.25
6.5
10.25
8.5
10.875
14.25
6.875
-4.5
-6.0
-8.0
-13.125
-5.0
3.125
3.75
9.125
13.625
1.5
-8.375
3.75
3.5
-12.375
-15.75
-11.125
-7.125
-5.25
-2.75
0.25
1.25
1.75
2.5
0.25
-4.5
-16.0
-37.25
-37.125
-12.875
8.375
13.5
5.75
-0.875
-2.25
-2.625
-9.625
-11.25
-4.625
-13.375
-9.0
9.75
6.375
-1.5
-7.875
-15.0
-20.0
-26.625
-23.0
-13.625
-13.25
-14.5
-9.875
-7.0
-13.5
-32.125
-34.5
-15.125
-1.75
2.25
-5.0
-14.375
-9.125
-7.25
-17.125
-15.25
-3.375
1.125
-1.375
-3.875
-2.625
-4.75
-14.125
-18.25
-20.875
-18.25
-0.75
-7.25
-34.25
-25.875
4.875
17.125
12.875
2.875
-13.5
-18.125
-5.625
2.875
-8.25
-19.25
-5.375
5.25
5.25
10.0
8.875
12.5
13.5
0.75
0.125
3.375
-0.25
-14.0
-27.375
-24.125
-27.25
-33.0
-28.625
-13.75
5.75
8.625
6.5
0.75
-12.5
-11.625
-3.0
2.625
9.0
5.25
-7.875
-11.0
-5.5
-4.25
-5.125
-8.0
-13.625
-18.625
-19.375
-15.125
-9.875
-15.125
-16.875
-6.0
-4.0
-17.25
-30.5
-24.875
-13.375
-5.75
1.5
-5.625
-20.625
-21.75
-15.875
-11.0
-5.375
-0.25
0.5
-2.875
-3.5
-2.5
-2.125
2.25
1.875
-10.5
-19.0
-9.125
4.375
0.25
-14.0
-14.625
-2.625
-0.625
-3.375
-6.625
-12.75
-14.375
-14.625
-13.0
-9.0
-11.625
-15.0
-11.625
-11.375
-14.875
-12.625
-8.125
-8.625
-14.75
-17.875
-14.375
-16.5
-27.0
-31.125
-11.125
20.5
36.625
30.25
20.0
17.25
13.875
-0.375
-12.375
-13.0
-9.5
9.875
25.625
28.875
31.125
8.25
-23.125
-8.125
31.75
50.625
50.875
46.375
41.5
41.25
40.125
29.375
27.0
33.75
21.5
4.875
-3.75
-15.0
-28.5
-18.0
30.5
58.375
52.125
46.5
45.0
41.625
38.125
34.875
24.5
15.75
15.75
11.375
9.5
18.375
16.625
6.125
6.75
4.0
-18.875
-25.375
-0.875
16.875
21.125
11.75
-0.75
0.625
4.25
8.5
11.25
7.0
4.5
7.125
7.875
5.25
5.0
8.625
10.75
15.375
19.0
5.75
-3.375
-1.5
-10.125
-15.25
-15.0
-25.625
-26.875
-5.875
-7.375
-35.875
-33.75
-8.25
6.875
13.625
17.25
5.75
-14.875
-2.25
21.0
21.25
16.625
12.5
5.625
-5.75
-24.0
-45.25
-44.75
-6.625
27.375
25.125
13.125
7.125
1.375
-3.25
-1.0
8.5
12.75
4.125
-2.25
2.625
-1.25
-7.375
-4.875
-8.0
-7.0
-1.75
-3.125
0.125
5.375
2.625
-0.375
1.125
1.125
-26.0
-57.625
-32.0
14.625
26.75
21.75
20.625
15.5
4.75
1.125
9.0
14.875
3.75
-7.0
-0.125
12.75
7.125
-12.25
-9.0
6.25
7.125
3.125
2.125
3.875
5.75
7.375
6.5
-3.875
-11.75
-6.875
0.25
1.125
-6.5
-17.375
-25.625
-12.125
1.25
-14.125
-28.625
-25.0
-7.5
0.625
5.5
15.0
7.375
-1.625
-1.125
-4.5
-13.25
-16.0
-8.5
-2.875
-6.5
-12.125
-11.25
-13.625
-24.875
-25.25
-9.125
-17.0
-39.125
-25.125
-17.75
-23.875
-7.5
8.75
3.75
-7.75
-8.625
-7.75
-4.875
-5.5
-14.375
-14.375
-7.0
-3.0
-1.625
-3.5
-5.125
-1.75
1.75
9.75
3.625
-39.125
-50.5
0.75
41.5
23.5
-8.75
-0.875
18.75
18.0
10.5
11.75
13.375
6.875
-0.75
-2.25
-2.0
-5.0
-5.375
0.625
2.75
-2.375
-2.5
0.375
3.25
4.875
-13.875
-24.25
-5.375
4.5
0.875
-1.625
0.5
4.75
-12.125
-29.0
-14.5
6.25
13.125
13.125
10.75
7.0
7.0
10.625
10.5
10.75
8.75
-0.75
-2.125
5.125
6.875
2.0
-1.25
1.625
3.375
6.25
15.75
0.75
-17.375
4.75
25.125
7.125
-25.25
-21.125
10.125
23.75
20.75
11.0
3.125
12.375
24.875
30.375
32.75
23.0
6.0
-2.5
4.875
16.625
29.375
29.25
-15.5
-31.5
8.0
26.5
20.25
14.25
13.5
7.625
0.625
1.25
6.75
16.5
21.375
21.0
23.75
24.25
27.5
17.625
-16.25
-26.5
-8.25
8.875
14.5
11.625
6.125
0.875
1.5
6.125
8.375
12.625
15.0
-5.25
-24.875
-6.125
14.75
8.875
3.5
7.75
10.75
6.25
-4.0
-4.875
-13.125
-21.0
0.875
20.625
17.875
10.375
-0.875
-2.75
4.625
1.75
0.125
3.0
-1.75
-14.375
-14.625
-9.375
-12.625
-8.625
5.0
15.375
17.5
15.125
10.375
11.375
9.0
-17.75
-36.5
-9.75
17.0
12.875
11.875
19.0
20.75
13.375
6.375
9.375
11.125
2.875
-7.875
-9.5
-5.25
-2.0
6.125
8.25
-7.75
-13.625
1.5
14.0
15.125
12.5
9.5
6.125
9.125
14.25
12.625
-7.125
-27.0
-20.375
-5.375
2.25
11.5
17.875
15.875
12.375
7.125
-1.25
-7.75
-6.625
1.25
12.0
16.0
13.0
4.875
-19.5
-30.875
-14.125
-4.75
-3.125
3.875
-3.5
-18.25
-10.5
-1.0
-4.75
-4.5
2.625
6.125
6.25
4.375
0.5
-2.75
-10.125
-18.625
-19.125
-13.25
-10.625
-8.875
-3.375
-4.875
-12.375
-14.0
-1.125
0.625
-21.5
-20.125
6.0
9.625
-5.0
-10.625
-11.875
-10.5
-8.125
-12.5
-11.375
-3.5
5.375
1.125
-19.875
-15.25
4.25
3.5
-3.0
-10.5
-9.625
-0.625
0.875
5.0
15.125
12.75
5.875
2.875
-20.25
-44.875
-29.25
-3.25
1.875
-8.125
-27.375
-17.75
12.75
18.625
11.875
5.0
-7.625
-18.375
-8.625
7.375
6.875
3.875
6.375
5.625
2.5
-4.875
-14.5
-12.5
-6.0
-2.5
1.375
2.125
-4.625
-8.375
-13.0
-30.0
-26.25
-1.875
12.25
7.125
-8.75
-6.625
-10.875
-21.75
1.25
17.875
12.5
10.0
6.375
5.0
4.0
2.5
1.875
-1.5
-1.25
-3.5
-10.0
-7.625
1.25
6.875
3.125
0.25
-0.625
-12.875
-30.125
-26.5
-4.875
12.625
19.875
10.625
-3.25
-4.375
-3.875
-9.25
-7.0
1.75
8.625
9.875
6.0
6.875
9.5
4.875
0.0
-4.125
-21.25
-36.25
-32.125
-31.25
-12.375
15.25
12.625
6.5
7.625
8.5
5.125
-4.375
-8.125
-6.0
-3.75
5.375
13.25
7.875
-6.125
-11.125
-6.25
-10.125
-14.375
-12.75
-10.0
-14.0
-16.75
-5.875
-6.5
-17.875
-16.0
-7.0
-2.125
-12.375
-26.25
-19.375
-1.5
11.75
4.125
-19.625
-14.625
8.0
11.5
10.25
4.875
-7.75
-15.375
-8.25
-1.375
-5.5
-1.25
6.75
4.75
-2.5
-5.875
-3.625
-2.875
-1.25
-13.75
-40.375
-34.875
-2.125
17.875
14.375
4.625
4.625
10.375
18.375
20.625
16.375
10.375
5.5
4.25
2.0
-0.25
3.5
7.0
-6.5
-19.0
-8.25
-4.25
-15.0
-21.5
-18.75
-9.75
-3.875
-8.25
-24.0
-29.0
-14.875
-3.125
-1.0
-1.375
-1.5
-1.625
0.0
-14.875
-34.875
-25.0
-5.75
6.0
11.625
7.125
1.375
3.5
9.75
8.625
1.75
3.0
-1.25
-11.0
-1.25
8.25
1.25
-3.875
-5.375
-13.625
-13.875
-1.875
3.0
-8.75
-25.125
-25.5
-10.25
-5.5
-28.5
-34.75
-5.75
19.625
23.625
13.125
4.625
0.0
-6.0
-14.5
-16.25
-3.875
7.125
2.125
-3.0
0.0
0.5
-2.125
-11.875
-12.0
-1.5
-0.25
1.25
-0.5
-17.375
-21.625
-16.125
-20.75
-15.75
-2.125
-13.875
-34.75
-24.75
-1.75
10.875
5.75
-3.75
-3.75
-2.625
1.375
5.625
-0.125
-6.625
-6.25
-6.625
-11.0
-7.625
0.25
2.625
-6.125
-21.625
-14.25
4.375
13.0
16.125
10.75
0.625
-7.0
-7.75
-1.25
5.0
-7.875
-24.5
-15.625
7.125
17.875
12.375
3.125
-0.5
0.125
-3.375
-11.0
-12.125
-9.75
-17.375
-13.0
8.625
18.5
13.75
6.125
-3.0
-7.875
-5.5
0.5
1.875
-9.0
-6.0
4.625
0.75
-2.0
-2.75
-5.5
-3.625
-0.125
1.875
3.0
-10.5
-31.875
-29.0
-3.25
16.375
17.875
16.375
15.5
10.0
11.75
16.0
8.25
1.5
-2.5
-12.375
-14.0
-3.875
4.625
2.875
-0.75
6.25
14.375
10.5
13.125
21.875
19.5
14.75
15.625
15.25
6.25
-8.375
-16.5
-13.75
-27.375
-43.5
-28.875
-12.125
3.875
15.5
12.625
13.75
16.25
14.625
2.25
-11.25
-5.0
9.0
15.125
14.5
12.5
11.75
9.25
1.75
-4.5
-3.25
1.375
1.75
-8.0
-13.75
-5.0
2.125
7.375
1.125
-20.75
-18.75
3.875
14.625
11.125
5.75
6.5
7.75
7.125
10.25
-1.5
-16.125
-2.875
22.0
33.375
28.375
21.875
15.0
4.375
-6.125
-9.0
-9.25
-11.375
-10.375
-7.25
-5.375
-11.625
-21.875
-20.75
-9.75
12.25
32.0
34.875
29.875
14.625
5.625
7.375
3.875
1.125
0.5
-8.75
-16.625
-13.875
-18.125
-19.5
-11.5
-11.25
-10.75
-6.375
-2.5
3.125
-3.875
-15.0
-6.375
9.125
22.25
29.125
24.5
22.875
34.25
33.875
-1.875
-21.0
1.375
9.125
-8.0
-23.875
-25.75
-5.625
11.625
8.5
8.25
9.375
6.5
10.25
14.25
11.125
10.625
13.25
6.875
5.25
14.75
15.875
9.625
6.0
3.5
1.25
2.25
6.25
4.75
-6.125
-25.5
-31.875
-12.875
-2.875
-9.5
-6.125
5.25
10.5
4.25
-3.375
-2.25
0.875
2.0
0.5
1.0
1.75
-7.125
-14.875
-15.375
-12.625
-12.75
-19.375
-18.5
-11.25
-5.0
1.375
4.125
6.0
6.5
-1.0
-2.375
15.125
24.875
2.625
-11.0
4.125
17.125
18.375
12.125
-5.125
-25.0
-24.25
-9.375
1.25
6.625
7.875
9.125
10.25
10.0
11.125
13.25
14.0
16.25
17.0
4.0
-2.375
7.875
9.125
-1.375
-5.625
1.25
3.625
-0.375
-3.5
-10.625
-18.125
-18.375
-20.625
-22.0
-15.375
-12.125
-9.375
-4.625
-29.25
-56.125
-33.25
7.375
28.0
26.875
16.875
10.375
5.375
-0.25
-8.5
-20.375
-36.0
-38.5
-29.25
-21.875
-16.75
-13.75
-6.75
-6.0
-11.25
-6.75
-16.875
-40.625
-30.25
-3.125
0.0
-9.875
-7.75
4.0
9.875
6.5
2.875
3.5
2.0
-1.125
-4.25
-8.875
-16.75
-22.25
-18.75
-16.0
-16.625
-12.125
-6.875
-8.625
-12.25
-11.625
-13.125
-20.75
-29.75
-28.625
-14.375
-6.125
-8.875
-11.5
-7.125
3.125
8.875
2.125
-11.5
-23.875
-27.375
-10.625
12.0
16.75
7.5
-0.375
-1.75
-7.75
-12.25
-9.875
-12.75
-14.125
-11.375
-12.5
-13.0
-11.75
-16.75
-24.375
-21.0
-13.875
-12.0
-12.75
-15.625
-17.25
-17.375
-15.875
-15.125
-17.75
-18.25
-19.125
-32.0
-30.875
-12.375
-4.625
1.125
-4.0
-18.875
-17.875
-11.75
-10.25
-12.25
-17.375
-17.375
-10.625
-9.875
-18.625
-13.375
-0.875
-4.875
-18.125
-21.5
-8.25
0.0
-2.375
-5.75
-10.625
-29.375
-49.625
-37.5
-9.0
13.25
12.75
-10.75
-17.875
-8.875
-10.875
-21.0
-21.25
-17.625
-16.625
-15.75
-22.625
-21.25
-6.5
-2.125
-4.875
-1.25
2.125
-0.625
-4.25
-10.25
-14.875
-9.75
-2.75
5.5
10.25
1.75
-1.875
6.125
14.125
19.75
9.0
-13.125
-12.25
6.125
12.375
-5.375
-20.0
-15.0
-8.0
1.0
8.625
11.375
16.0
20.5
19.875
17.75
10.75
-1.25
-6.875
-12.5
-20.0
-7.5
10.875
11.625
5.5
-0.75
-8.125
-21.625
-29.875
-16.875
-8.25
-24.625
-35.125
-23.25
-9.125
-0.5
1.375
3.0
1.625
2.0
6.375
5.0
5.5
4.75
0.25
-2.0
-2.25
-1.875
-6.75
-22.875
-27.875
-5.5
8.625
5.625
9.625
6.0
-8.75
-14.125
-8.625
-7.375
-13.5
-9.125
-12.625
-37.75
-37.5
-12.25
7.5
19.875
20.0
12.875
6.75
2.5
8.875
23.25
15.75
-14.5
-20.0
0.625
9.125
8.375
9.875
5.625
-1.875
-2.5
0.0
2.375
6.5
10.75
-4.25
-20.75
-15.625
-0.875
17.625
26.125
17.125
10.625
10.25
-2.25
-2.75
11.0
19.125
24.5
25.125
22.25
17.5
12.5
9.0
6.625
7.0
6.25
1.125
-3.875
-3.625
2.875
-7.5
-24.0
-19.0
-1.375
17.0
16.625
4.25
3.0
8.375
11.0
12.375
16.25
17.125
16.875
15.0
1.375
-10.5
-2.875
9.25
21.0
32.125
27.75
18.75
16.0
14.625
9.25
5.125
5.375
9.25
18.625
13.5
-11.25
-21.625
-8.625
11.0
16.875
5.625
4.625
15.125
17.75
9.875
-0.25
1.0
12.375
13.0
15.125
25.75
24.375
13.25
9.0
15.375
16.875
11.0
8.75
-5.625
-24.875
-12.5
16.5
34.5
35.25
28.375
20.75
12.875
11.75
20.625
21.125
-1.75
-5.625
15.375
27.625
34.375
35.5
21.5
11.25
17.375
19.125
18.875
24.75
22.125
6.25
6.0
16.875
0.625
-12.125
4.25
22.25
28.25
22.125
8.625
-1.125
-5.375
-0.625
11.5
5.375
-8.0
-8.625
-8.75
-0.75
7.625
5.25
7.0
11.25
13.0
12.875
11.5
15.0
22.0
13.625
-6.375
-11.25
-1.5
12.25
10.75
-1.0
0.5
6.0
-3.875
-10.25
2.375
7.25
7.375
9.5
3.125
1.375
2.0
1.5
13.0
25.625
28.0
24.875
21.0
19.5
20.875
14.75
-8.5
-21.5
-7.875
8.875
9.875
5.375
10.125
14.0
11.5
11.5
16.625
17.375
7.375
6.375
18.125
16.5
13.375
19.75
13.125
-5.5
-9.25
2.75
13.625
19.25
19.5
18.875
17.875
14.625
2.625
-9.875
0.625
19.25
29.375
27.875
21.375
19.375
11.75
8.875
10.125
6.0
5.75
8.5
10.875
13.625
12.125
9.125
8.625
7.0
11.125
3.375
-9.5
2.0
7.625
14.125
34.25
35.375
5.0
-15.125
-3.625
8.5
12.75
14.875
19.375
23.625
24.0
22.375
22.25
21.375
15.25
11.25
16.5
16.0
7.625
14.125
17.375
1.75
-0.5
8.875
12.125
12.125
8.125
10.625
21.5
12.625
-7.25
-8.625
5.25
25.125
25.0
17.875
23.875
26.25
23.625
16.75
10.375
14.25
19.375
19.625
19.75
11.5
7.625
20.625
25.0
12.0
-3.875
-14.125
-16.5
-6.0
13.0
23.875
9.0
-7.0
4.5
15.625
14.125
12.625
11.25
10.625
11.5
7.0
4.25
9.375
11.75
15.75
16.5
4.625
10.25
24.375
15.625
1.5
4.875
13.0
21.0
32.25
30.375
23.125
23.625
27.375
27.625
26.375
27.125
30.125
23.5
0.75
2.125
23.875
29.625
34.875
44.375
44.875
37.5
29.625
26.375
26.5
27.25
26.5
23.625
22.25
23.875
7.75
-13.5
-2.25
20.375
25.75
22.0
24.25
20.125
6.125
1.625
5.375
9.375
9.75
4.5
-1.625
-4.125
-7.625
-12.25
-8.75
-6.125
-24.25
-38.875
-23.375
-14.0
-18.125
-2.875
10.0
4.5
2.625
4.375
3.0
-1.25
-1.5
0.375
-4.75
-15.375
-25.625
-32.75
-33.0
-19.625
-8.375
-9.375
-15.625
-20.875
-20.75
-18.75
-16.75
-11.75
-18.375
-32.25
-26.875
-10.625
3.125
4.25
-10.5
-20.375
-11.125
-1.625
-9.25
-20.125
-14.875
-3.625
-6.5
-10.125
-6.0
-5.875
-20.5
-44.75
-50.75
-31.5
-11.375
-6.375
-6.25
-14.75
-39.125
-42.375
-25.125
-14.0
-11.25
-17.5
-27.375
-31.0
-29.25
-34.875
-29.875
-13.75
-12.75
-18.25
-19.25
-19.125
-20.875
-30.75
-53.875
-61.25
-39.375
-38.625
-55.875
-43.875
-16.5
-0.375
0.0
-6.0
-6.875
-8.625
-13.625
-17.75
-19.25
-20.5
-22.75
-15.625
-7.5
-17.875
-38.625
-39.5
-22.25
-10.875
-5.625
-5.75
-10.375
-10.125
-8.25
-10.375
-10.25
-6.125
-9.875
-20.125
-18.375
-19.375
-24.375
-22.0
-29.375
-27.75
-9.875
2.25
2.375
-1.375
-3.625
-12.0
-14.25
-12.875
-22.375
-27.25
-20.75
-10.25
-7.875
-12.125
-8.875
-6.375
-8.625
-10.375
-9.125
-9.125
-16.5
-21.375
-18.875
-11.375
-7.0
-14.0
-22.5
-17.625
-10.375
-27.125
-45.625
-28.125
-0.5
4.625
1.875
13.875
22.75
10.125
-2.5
-4.5
-8.75
-10.875
-9.125
-5.5
3.0
6.0
7.0
10.375
0.875
-10.5
-6.25
4.0
10.375
11.5
8.875
3.75
-1.875
-9.875
-15.5
-16.125
-13.75
-16.625
-45.125
-61.625
-26.125
16.875
27.0
14.625
11.375
18.0
16.125
9.75
2.0
-12.0
-17.875
-9.25
-8.75
-15.375
-15.0
-14.25
-22.375
-30.5
-26.375
-13.875
-12.0
-22.0
-21.25
-12.125
-8.5
-10.125
-20.75
-38.25
-36.0
-7.875
19.375
26.75
15.25
6.25
6.375
-9.5
-20.625
-4.0
5.125
-0.375
-1.25
-0.625
-9.75
-19.75
-16.75
-7.75
1.375
5.75
-0.125
-0.125
2.875
-0.5
1.125
4.25
-10.5
-30.25
-20.75
7.625
19.75
14.375
10.625
11.25
8.875
6.75
8.5
0.5
-13.0
-6.625
3.625
-5.875
-13.0
-12.75
-16.0
-13.875
-10.75
-16.0
-18.25
-9.125
1.0
6.25
5.5
4.5
6.25
-3.25
-22.75
-34.125
-22.0
-3.375
-13.375
-24.25
-7.0
8.25
8.25
4.125
0.5
0.75
-0.875
-9.375
-12.875
-4.25
5.375
6.5
3.5
3.5
4.0
8.0
9.875
-4.375
-13.625
-9.0
-7.5
-1.25
8.5
-3.375
-21.75
-15.125
-3.125
1.125
4.375
1.75
-1.375
2.5
-9.125
-29.625
-25.25
-8.0
5.75
10.375
9.125
7.625
-1.5
-7.25
-2.125
2.75
1.75
1.125
0.5
-19.0
-35.625
-16.25
12.375
22.625
16.375
1.625
-8.625
-8.0
-1.625
1.125
-0.25
0.25
2.5
-0.5
-9.0
-11.75
-9.625
-20.625
-32.125
-17.25
5.0
16.375
18.25
8.375
-6.0
-8.5
-5.625
-8.375
-8.875
-13.125
-25.5
-26.0
-14.375
-4.625
-3.0
-16.75
-22.0
-12.0
-16.25
-15.0
-0.75
4.75
7.25
7.5
5.25
2.75
1.875
4.125
4.625
3.375
-8.0
-17.75
-7.875
0.875
2.375
4.125
2.5
0.5
5.0
1.0
-29.5
-45.875
-24.0
3.375
13.0
3.125
-6.125
-9.375
-19.5
-28.25
-17.125
-8.75
-15.0
-4.75
10.625
7.5
3.0
8.25
17.25
22.125
16.5
9.375
7.25
8.625
-4.625
-27.25
-21.625
3.25
15.875
6.75
-5.625
-1.875
9.375
11.75
4.625
2.25
4.375
-0.75
-12.25
-13.625
-0.625
9.0
8.75
5.25
8.0
4.875
-4.75
-4.625
-1.0
0.375
1.25
4.125
8.875
11.125
6.375
2.375
2.875
4.0
0.125
-13.75
-27.25
-22.5
-5.5
6.375
9.375
5.125
3.875
0.875
0.875
10.5
-5.375
-23.375
-11.75
2.0
12.75
14.25
6.5
2.0
-0.5
-0.25
-0.375
-3.0
-5.625
-10.875
-13.625
-16.25
-9.875
10.5
17.125
9.875
-6.125
-24.5
-21.375
-2.75
7.875
6.25
4.0
3.5
-3.5
-3.0
3.875
-0.875
-3.625
-10.25
-33.875
-42.625
-23.125
2.375
17.5
18.75
11.75
7.125
7.5
4.125
-4.625
-3.125
1.5
-18.875
-35.75
-21.0
-6.625
-11.875
-14.0
-4.375
4.125
3.875
-0.5
-0.625
-2.375
-5.875
-4.5
-0.375
-1.375
-14.125
-38.125
-43.375
-17.875
9.5
16.75
7.5
3.5
4.125
-0.875
-1.75
4.0
0.625
-11.125
-20.875
-22.0
-5.875
15.375
21.75
12.375
3.125
4.375
10.375
15.0
19.625
25.0
23.75
16.0
13.375
12.5
1.75
-5.875
-0.5
-7.5
-24.625
-28.625
-17.0
-2.125
-2.125
-11.875
-17.625
-6.75
15.375
24.375
20.125
19.75
19.875
7.625
3.75
11.0
6.75
4.5
7.125
6.875
1.75
-11.125
-12.125
-4.375
-3.875
-19.875
-29.375
-9.625
1.375
-4.625
-2.625
6.0
12.625
16.75
20.25
18.0
7.875
5.75
10.5
9.5
8.25
7.5
6.5
8.0
7.625
6.0
3.625
-12.0
-28.375
-27.625
-12.625
0.5
-0.25
-0.75
2.75
4.75
6.25
7.0
13.0
9.375
-26.625
-44.25
-13.75
16.5
26.75
19.25
9.625
12.75
12.875
10.125
2.75
-5.625
0.875
7.75
8.375
8.0
6.875
8.0
10.75
13.375
14.125
12.0
10.875
9.875
9.125
8.75
8.125
11.625
9.125
-2.375
-2.875
-2.75
-12.875
-13.75
-6.25
5.5
20.375
25.375
18.75
8.75
0.875
-0.125
2.125
-11.25
-31.375
-26.875
-4.875
10.75
12.375
6.625
-4.0
-7.25
-1.5
0.625
2.25
1.875
-2.125
-4.875
-3.875
-2.375
-0.25
-6.125
-16.0
-15.75
-17.125
-6.375
9.75
9.75
2.5
-13.375
-15.25
-0.625
8.875
14.25
15.0
15.25
14.25
7.75
2.625
-0.625
-2.875
-7.0
-7.625
-7.375
-20.75
-24.0
-3.375
13.25
17.0
12.5
5.25
5.375
16.375
24.5
19.375
12.875
-2.25
-10.125
8.125
25.5
27.125
19.0
9.75
-0.875
-10.5
-3.625
13.125
19.0
19.75
18.0
10.125
3.375
-1.125
-4.0
1.875
15.125
18.0
7.625
9.0
13.625
4.75
5.125
14.0
7.0
-4.125
-8.375
-2.25
11.125
2.125
-10.875
0.75
16.0
20.0
13.125
7.375
9.375
6.25
-9.75
-18.375
-8.375
3.0
8.375
5.5
0.75
-2.5
-9.875
-10.75
-6.625
-3.125
0.875
-1.375
-1.75
-0.125
4.625
0.75
-22.625
-27.875
-14.375
4.875
18.875
10.375
-3.375
-12.875
-23.625
-23.375
-10.125
-5.0
-6.875
-2.125
4.125
5.0
1.375
-4.625
3.625
18.625
21.625
19.5
17.75
16.75
14.625
6.25
1.75
0.625
-7.0
-6.875
4.5
10.75
0.75
-2.25
-5.375
-17.5
-8.5
-0.5
-8.375
-12.375
3.75
17.375
6.0
-1.125
6.375
13.375
10.125
6.875
13.0
13.625
8.375
3.75
3.625
1.25
-8.625
-11.5
-4.875
1.5
9.0
10.625
5.875
-8.75
-35.125
-30.875
-5.875
5.625
6.25
3.0
-0.375
-3.5
2.5
5.125
-3.25
-3.0
5.25
8.625
10.125
11.0
5.5
-1.75
0.5
4.875
-1.125
1.375
15.375
11.0
0.0
-0.875
-10.125
-8.0
15.25
27.375
20.125
15.125
26.0
27.125
15.875
14.875
17.375
17.125
17.375
17.125
17.625
16.375
15.75
13.75
5.375
-4.5
-6.5
10.125
20.0
13.125
2.125
-12.875
-15.625
-7.375
-13.25
-27.375
-17.875
0.25
12.125
18.875
13.75
16.0
21.125
11.875
7.375
4.75
-4.25
-7.25
0.75
9.5
3.125
-3.0
6.625
8.5
2.5
-0.75
-7.875
-13.0
-13.875
-7.5
-5.25
-7.125
1.625
7.625
14.625
10.75
-1.25
9.75
18.875
15.75
10.0
2.125
16.375
30.5
25.625
21.125
13.375
7.0
6.75
7.625
4.625
-4.5
-3.75
8.5
14.25
9.0
-0.125
-14.5
-26.125
-6.25
19.875
2.875
-11.75
8.875
22.625
17.625
8.25
4.75
9.125
17.25
22.375
17.5
13.625
10.0
3.0
7.25
14.375
14.25
14.625
16.5
18.375
14.625
5.625
1.25
-2.25
-2.75
2.0
6.0
8.625
-9.25
-19.875
8.5
37.125
38.5
25.0
16.625
14.0
8.875
4.875
5.625
6.375
14.75
24.0
21.25
17.875
20.75
24.625
18.5
3.5
1.75
16.0
25.625
12.375
-7.125
-0.75
10.875
-14.75
-50.375
-38.5
-1.125
23.125
29.125
18.75
5.0
0.625
6.625
9.5
7.5
5.125
3.75
5.625
9.0
8.625
5.25
5.75
1.125
-3.0
9.75
11.875
-12.5
-31.375
-24.125
-4.75
-4.875
-23.875
-25.5
-10.875
-1.5
1.25
6.5
9.25
10.25
10.5
5.875
8.5
14.0
6.875
-4.5
-1.0
8.0
10.875
12.625
2.625
-21.0
-21.0
-9.5
-17.375
-18.875
-1.875
10.25
12.0
13.875
17.75
19.375
16.125
16.125
18.125
1.125
-16.125
-6.25
12.0
20.375
20.25
21.5
22.125
18.75
17.625
17.375
10.125
6.625
0.5
-17.75
-16.0
-2.0
-5.875
-16.0
-9.375
4.875
5.75
5.75
3.25
6.375
16.875
13.25
8.25
8.75
5.375
1.75
2.125
6.75
11.375
0.625
-17.0
-11.375
9.0
26.125
32.625
23.125
10.25
10.0
14.25
7.875
-0.125
-6.875
-21.875
-26.75
-4.875
15.125
16.875
13.25
10.0
6.625
11.75
18.375
17.0
15.375
15.25
15.125
14.375
14.875
8.375
-8.0
-0.75
2.375
-20.0
-17.0
-1.75
2.5
1.125
-2.75
1.75
9.625
20.25
29.125
27.5
21.0
16.375
12.875
10.5
14.75
20.0
7.875
-7.75
-4.25
2.875
9.0
13.375
9.125
-8.875
-34.25
-27.125
11.125
25.125
13.0
9.125
8.0
-3.875
-14.75
-16.25
-9.5
4.375
16.375
18.125
17.0
19.625
15.5
8.25
13.5
22.75
19.75
10.25
4.5
-0.875
-6.125
-8.25
-12.375
-12.5
-4.75
1.5
6.625
10.375
12.0
12.0
-3.375
-14.625
5.5
30.0
22.0
4.0
3.875
8.75
14.375
13.25
10.875
14.5
18.625
18.875
15.125
14.75
16.375
16.875
15.0
10.0
6.5
6.75
6.875
3.375
-0.875
-6.625
-3.125
10.25
5.75
-10.625
-8.25
9.5
16.875
12.875
10.625
9.625
8.875
6.125
-11.0
-28.625
-21.5
-3.5
7.625
4.125
-11.875
-21.75
-15.0
-8.875
-6.5
5.25
10.0
4.375
0.0
2.375
5.875
5.25
7.0
0.5
-15.5
-19.875
-14.625
-9.625
-5.625
-3.25
-1.0
3.875
-5.5
-41.75
-53.0
-17.625
10.125
5.875
-14.875
-28.125
-28.25
-20.75
-10.0
-4.375
-3.875
-3.5
-0.5
3.125
3.25
1.125
-6.625
-16.5
-14.75
-8.625
-11.25
-12.875
-10.5
-14.625
-21.75
-27.875
-30.0
-25.875
-20.375
-18.0
-33.25
-49.125
-46.75
-46.875
-49.25
-39.625
-17.875
-4.5
-10.125
-11.0
-9.375
-12.75
-10.375
-6.75
-2.875
-9.5
-20.375
-16.625
-10.75
-6.5
0.375
3.375
-1.0
-4.5
2.0
-4.625
-33.5
-39.125
-9.625
10.25
10.0
9.5
4.625
-6.125
-8.875
-2.375
2.75
0.25
-9.0
-17.25
-11.25
-0.5
1.125
-0.125
2.125
4.875
5.0
-5.125
-19.25
-16.875
-6.75
-2.75
0.875
2.375
-2.875
-7.375
-9.0
-10.125
-11.125
-13.25
-12.25
-8.125
-7.125
-7.0
-6.25
-14.75
-29.375
-28.75
-12.375
-4.0
-17.625
-30.0
-16.375
4.75
4.125
-6.25
-4.875
-0.75
-0.25
-2.25
-9.25
-21.75
-19.375
-2.625
-8.0
-16.875
-4.875
1.5
-2.75
-5.0
-9.0
-13.5
-11.0
-6.25
-3.5
1.375
-0.75
-16.0
-16.25
-11.625
-28.875
-26.875
1.625
16.5
14.125
12.625
14.625
15.0
7.625
-6.125
-17.25
-17.75
-9.875
-14.375
-14.25
-5.25
-14.0
-18.125
-4.625
2.75
-1.875
-3.125
4.375
4.75
-3.25
-6.5
-10.875
-18.5
-23.375
-22.625
-32.625
-41.875
-20.625
3.375
5.125
-1.125
0.0
-3.75
-10.875
-9.875
-5.75
-3.0
-4.625
-7.75
-7.5
-7.75
-10.125
-7.75
-11.75
-23.0
-12.5
5.375
4.125
-3.625
-16.875
-31.375
-33.125
-24.75
-15.25
-7.375
4.875
1.875
-15.5
-17.375
-7.25
9.625
15.0
5.875
1.625
-1.125
-5.75
-13.25
-12.875
-4.625
-1.75
-5.125
-7.5
-7.0
-11.375
-14.625
-9.5
-4.625
-11.5
-21.375
-24.5
-33.375
-43.0
-34.625
-14.625
-1.375
-2.625
-6.375
-6.75
-23.875
-34.0
-16.0
2.875
10.75
7.0
-1.375
-6.375
-6.5
-7.75
-13.0
-12.0
-4.125
-4.25
-15.75
-24.625
-22.375
-13.5
-7.25
-7.75
-14.25
-21.0
-17.25
-13.75
-21.0
-29.5
-24.75
-5.625
4.875
8.375
11.5
7.875
5.0
3.5
-14.75
-30.0
-18.75
-2.125
6.375
5.25
0.125
-0.5
-3.625
-6.75
-3.875
-11.375
-16.875
-8.625
-5.75
-4.0
-9.125
-20.875
-20.75
-22.125
-22.5
-13.125
-1.75
3.375
-1.25
-4.875
-4.375
-4.375
-5.875
-14.625
-18.75
-4.625
4.375
0.375
-4.25
-5.75
-4.25
-7.625
-9.75
-10.375
-25.875
-29.375
-12.25
-0.375
-2.5
-19.125
-19.5
-12.75
-22.375
-12.375
10.25
13.875
8.125
6.5
1.625
-8.75
-10.0
0.875
13.625
16.375
12.875
8.5
5.0
2.5
-2.875
-3.875
-3.5
-8.625
-3.625
6.125
-3.875
-28.0
-28.125
-10.125
2.25
11.5
6.625
-5.75
-17.375
-25.5
-16.375
-11.0
-14.375
-11.875
-0.75
16.75
21.5
14.5
12.5
15.375
15.0
11.75
8.375
8.0
6.75
-4.375
-7.125
-7.625
-33.125
-42.5
-21.625
1.75
16.75
16.375
11.125
4.875
4.75
7.875
3.25
3.0
0.0
-12.0
-13.625
-2.375
6.5
3.375
2.5
11.875
15.5
12.125
11.0
13.5
8.75
-4.375
-3.875
2.375
-0.125
-0.125
-3.125
-27.0
-41.375
-29.875
-11.625
5.25
1.75
-15.625
-16.875
-7.75
-11.0
-16.625
-12.375
-0.875
7.5
4.125
0.625
2.75
9.0
19.25
18.75
8.75
0.75
-5.125
-9.0
-11.875
-15.25
-17.75
-20.0
-23.25
-24.0
-21.125
-20.625
-21.125
-9.25
-3.125
-15.25
-20.5
-17.375
5.75
26.125
21.75
20.25
10.875
-0.375
-2.5
-3.5
1.125
7.25
5.875
-4.0
-12.0
-14.0
-8.375
-0.75
2.5
4.625
7.5
6.875
1.625
1.25
2.375
-2.125
-4.125
-0.625
2.125
5.125
5.375
-12.375
-36.0
-35.875
-11.375
-0.625
-8.875
2.125
14.75
9.25
3.25
-0.375
-6.375
-6.125
-1.5
-0.375
-4.5
-13.0
-22.875
-35.5
-28.0
-3.625
1.5
-5.5
-7.625
-6.0
-6.75
-10.5
-12.625
-12.125
-11.75
-9.625
-10.125
-13.375
-25.125
-36.125
-20.125
2.875
10.25
6.125
2.75
2.75
-0.875
-2.125
3.375
1.625
-6.0
-1.0
10.5
11.25
3.375
1.875
1.75
-0.875
-2.25
-7.625
-3.875
8.0
5.25
-12.875
-37.375
-40.375
-16.375
4.75
-0.125
-12.125
1.5
12.125
8.5
8.625
7.625
0.25
-7.75
-7.375
-4.375
-7.375
-5.625
-2.125
2.25
8.375
5.25
1.625
2.375
-0.375
0.0
7.625
-4.5
-35.375
-36.25
-7.875
17.625
28.125
21.5
7.375
3.5
8.75
10.75
9.625
1.25
-2.125
6.375
11.0
10.125
3.25
-1.5
4.25
5.875
5.75
16.5
23.125
17.75
9.25
5.375
2.25
-3.125
1.25
7.25
-0.75
-15.5
-17.75
-16.875
-23.75
-20.5
-6.875
6.875
6.75
4.5
8.375
5.125
5.375
9.25
9.125
6.25
-2.75
-11.0
-7.75
-0.5
-1.375
-6.875
-6.75
-4.25
-9.125
-12.25
-2.25
3.375
-4.75
-17.125
-17.125
-10.25
-4.75
-11.0
-45.125
-56.875
-25.375
6.375
13.875
6.5
4.75
2.5
-3.875
-1.375
1.125
-5.375
-8.375
-6.25
-8.0
-8.75
-6.625
-5.375
-3.25
-6.75
-14.25
-8.25
0.125
-5.0
-4.125
7.875
11.25
-8.125
-27.25
-24.75
-6.0
20.375
30.375
18.125
6.5
5.875
8.125
9.125
6.875
-3.625
-12.0
-4.625
7.0
9.125
8.875
10.125
7.5
2.125
0.125
0.875
1.25
-3.125
-10.5
-17.375
-17.875
-1.625
7.0
0.0
-1.375
-4.625
-24.5
-42.125
-32.125
-7.125
15.875
14.5
-8.5
-15.75
-2.125
9.125
9.75
9.625
10.25
7.75
4.375
5.625
8.375
7.125
4.25
-3.5
-17.625
-23.125
-14.25
-2.75
2.25
-1.75
-4.25
-1.5
-25.25
-42.375
-9.875
17.25
16.75
13.25
8.75
2.25
3.375
4.0
0.25
1.75
3.625
2.0
0.75
1.375
1.125
3.875
4.75
-7.375
-11.5
2.25
9.75
2.75
-2.5
-3.5
-13.25
-21.875
-16.125
0.75
-11.125
-34.0
-13.875
12.625
17.875
11.875
4.25
1.125
4.625
9.5
5.375
4.125
8.25
5.5
-3.5
-11.375
-15.0
-15.625
-12.5
-8.5
-11.875
-18.375
-14.25
-7.0
-3.25
1.5
3.375
1.75
-1.5
-4.5
-7.375
-8.875
-8.875
0.75
14.125
11.625
5.375
-2.875
-20.375
-22.375
-16.0
-33.125
-51.5
-39.625
-8.125
13.125
18.0
15.625
8.75
0.875
-8.5
-7.375
-4.125
-9.75
-8.5
-9.125
-16.5
-19.875
-21.0
-21.375
-18.5
-15.375
-22.625
-26.625
-12.25
-17.375
-48.0
-39.0
-8.0
-3.625
-11.625
-26.125
-29.875
-19.125
-18.5
-20.875
-20.75
-17.375
-8.5
-7.875
-16.875
-18.625
-13.125
-10.5
-7.75
-11.5
-17.75
-15.25
-14.125
-15.75
-17.625
-24.75
-28.625
-23.75
-28.875
-41.25
-45.25
-31.625
-6.875
-10.5
-18.75
-6.25
-8.75
-14.0
-6.5
-2.25
-6.625
-16.625
-24.5
-25.125
-23.0
-22.875
-22.75
-25.875
-32.125
-30.125
-21.875
-22.875
-26.125
-20.0
-13.25
-8.375
-5.125
-4.625
-14.25
-41.875
-51.5
-30.625
-9.375
-10.875
-29.375
-24.625
-8.375
-8.875
-9.625
-13.75
-20.0
-7.5
4.125
2.875
1.375
-1.125
-2.625
-0.25
-7.125
-20.5
-16.125
-0.625
1.25
-11.75
-15.0
-4.125
2.75
3.25
-3.75
-9.125
0.375
-2.375
-29.75
-42.25
-22.25
1.5
10.5
6.875
-4.75
-8.375
-0.125
5.875
4.625
3.25
-4.75
-8.5
-0.25
3.375
-4.875
-15.25
-12.0
-4.0
-1.0
-8.25
-10.875
-3.0
-14.125
-27.0
-13.0
10.25
17.125
9.0
7.375
8.375
3.125
3.5
6.625
3.375
1.0
0.5
0.75
1.625
-2.0
-14.0
-20.375
-20.375
-29.5
-25.5
-9.125
-5.625
-8.5
-14.25
-16.75
-11.375
-10.75
-14.375
-18.875
-44.5
-58.75
-32.375
-9.0
-0.875
-0.375
-4.5
-4.75
-6.75
-13.125
-15.75
-16.625
-20.5
-21.25
-25.5
-37.0
-34.5
-18.0
-13.375
-10.125
-5.5
-13.875
-16.75
-13.25
-12.0
-8.125
-4.625
-12.625
-25.25
-24.625
-12.75
-19.25
-39.5
-38.75
-27.25
-9.25
3.75
-0.375
-5.25
-6.25
-8.5
-14.375
-18.25
-15.0
-9.125
-8.25
-10.5
-10.0
-8.75
-14.625
-19.125
-18.125
-23.375
-25.5
-14.0
-5.75
-8.875
-12.875
-10.375
-11.125
-20.75
-21.5
-7.625
3.875
4.0
3.5
4.125
1.5
-5.75
-20.625
-31.25
-33.625
-22.125
-20.625
-35.375
-27.25
-9.375
2.375
5.0
-6.625
-12.125
-6.875
-5.375
-6.625
-7.75
-6.125
-2.75
-11.0
-24.625
-26.875
-18.625
-7.5
-1.75
-3.875
-1.875
-8.0
-26.75
-24.75
-12.5
-11.625
-11.0
-12.375
-14.875
-15.375
-30.375
-39.5
-20.875
-7.875
-25.5
-40.625
-25.75
-4.875
5.75
4.25
-6.125
-16.375
-26.0
-30.625
-27.125
-14.25
-2.625
-3.5
-8.125
-7.5
-5.625
-12.25
-17.625
-13.0
-7.25
-6.5
-7.5
-8.0
-8.875
-8.25
-6.75
-6.75
-9.125
-10.375
-12.0
-15.875
-19.75
-28.75
-48.25
-53.25
-39.0
-31.75
-13.5
13.375
18.375
10.5
4.125
-4.0
-11.625
-14.375
-15.0
-21.0
-31.375
-35.5
-28.375
-21.0
-16.625
-11.0
-8.25
-9.125
-10.75
-11.375
-11.125
-8.875
-8.125
-13.25
-15.5
-13.5
-13.25
-13.25
-19.375
-22.125
-14.625
-12.75
-16.125
-24.75
-43.125
-44.5
-22.375
-0.125
4.875
-4.75
-6.5
-3.625
-7.0
-4.0
2.375
1.375
-1.75
-1.375
-2.125
-5.5
-3.875
0.25
0.125
-2.875
-6.5
-6.625
-9.5
-26.375
-37.375
-28.0
-18.0
-14.0
-13.0
-15.875
-19.375
-18.875
-29.25
-48.0
-43.75
-18.0
2.875
10.0
7.875
-6.25
-14.625
-9.375
-3.375
-3.5
-8.0
-1.25
3.125
-5.75
-11.75
-12.375
-13.625
-17.125
-22.5
-20.75
-10.125
-5.125
-7.75
-7.625
-4.0
-1.875
0.5
-2.5
-6.125
-4.625
-10.0
-18.0
-21.75
-32.75
-40.5
-27.5
-6.75
-9.75
-35.375
-37.0
-15.875
2.125
9.75
5.125
3.75
1.875
-9.125
-12.125
-8.375
-14.125
-16.875
-15.5
-11.25
-5.375
-7.875
-18.25
-27.125
-18.75
-10.5
-13.5
-7.625
-4.125
-9.875
-12.875
-16.375
-18.25
-15.875
-12.375
-27.125
-52.625
-44.625
-19.875
-7.5
-6.125
-18.875
-29.625
-26.375
-20.375
-15.375
-8.875
-2.5
2.0
2.375
2.125
0.375
-3.875
-9.125
-16.75
-16.0
-13.25
-32.125
-51.875
-43.5
-21.625
-9.375
-7.625
-9.875
-7.125
-6.625
-18.125
-18.0
-5.5
6.0
16.5
0.375
-37.625
-36.375
-0.75
20.125
16.0
3.75
-5.625
-10.875
-8.375
-1.125
2.125
-1.5
-6.75
-10.5
-13.5
-11.0
-5.75
-6.875
-8.0
-8.375
-17.375
-26.25
-25.375
-21.875
-16.0
-10.25
-11.0
-19.625
-24.75
-20.875
-10.125
4.75
7.375
0.25
-4.625
-8.875
-12.375
-9.875
-9.875
-35.0
-48.5
-21.375
-2.625
0.375
3.875
3.5
7.0
6.625
-6.0
-16.875
-13.25
-2.75
2.0
-0.25
-7.125
-16.125
-22.5
-19.625
-14.75
-12.0
-2.625
-0.375
-6.125
-9.875
-13.125
-10.25
-23.125
-34.625
-16.375
5.25
14.25
14.125
11.75
7.625
-0.125
-3.875
-3.5
-5.5
-8.5
-9.5
-7.125
-4.875
-1.125
-6.625
-25.375
-37.5
-29.125
-7.375
2.0
-0.75
-2.0
-4.125
-10.25
-21.5
-24.375
-13.25
-5.25
-0.5
3.75
-1.5
-8.75
-7.5
-9.125
-6.5
-0.875
-15.5
-27.375
-9.5
15.625
16.0
-2.125
-13.875
-13.625
-13.125
-12.25
-14.875
-28.625
-28.0
-20.125
-27.875
-32.625
-26.875
-17.875
-13.375
-20.125
-24.875
-21.375
-11.5
-5.25
-11.0
-16.0
-20.25
-25.0
-22.75
-22.75
-24.625
-27.5
-40.625
-39.375
-29.375
-43.0
-50.375
-29.875
-7.625
-0.5
-1.5
-1.25
-4.5
-15.0
-28.0
-21.0
-7.5
-5.0
10.75
24.75
17.125
8.375
14.875
12.875
4.0
2.25
-3.25
-6.75
-4.625
-0.625
5.0
6.875
5.75
-7.875
-26.625
-15.75
12.25
29.75
27.625
19.375
13.125
-0.125
-8.375
-3.375
3.5
3.0
0.75
-6.25
-18.0
-13.625
-0.875
7.0
16.625
24.625
24.25
18.625
8.0
-5.25
-3.875
2.625
16.625
29.5
17.75
6.25
10.375
14.125
8.375
3.125
7.75
16.25
19.5
17.0
16.25
20.75
24.375
26.5
20.625
16.875
14.125
-0.25
-3.5
5.0
18.25
27.25
22.0
18.25
19.25
19.125
18.25
11.125
2.0
3.0
4.625
4.375
9.625
15.625
14.75
13.125
13.125
3.625
2.375
10.75
9.0
5.125
5.75
2.375
-6.875
-11.75
-12.125
-12.0
-14.25
-17.625
-19.25
-21.625
-21.0
-22.875
-33.375
-32.75
-18.875
-9.625
-4.5
-2.5
-13.5
-23.0
-18.375
-20.75
-27.375
-24.25
-21.125
-22.5
-25.875
-24.125
-17.375
-18.125
-19.125
-13.25
-14.75
-17.0
-24.75
-47.75
-52.375
-40.25
-30.25
-22.625
-35.375
-52.0
-38.375
-22.625
-26.0
-28.875
-30.75
-35.25
-33.75
-35.625
-40.25
-36.5
-27.25
-19.625
-22.625
-29.375
-32.875
-28.25
-20.0
-16.75
-19.375
-32.125
-43.375
-39.875
-28.125
-23.375
-29.0
-38.0
-46.125
-44.0
-42.25
-44.5
-35.75
-28.875
-31.625
-38.125
-35.0
-23.875
-32.625
-53.375
-58.125
-41.625
-29.0
-42.875
-50.0
-38.25
-33.25
-30.625
-25.25
-25.0
-29.0
-30.25
-31.125
-33.25
-32.75
-33.25
-35.0
-32.625
-33.5
-27.5
-15.0
-15.0
-17.625
-21.75
-33.875
-42.625
-43.875
-44.625
-45.25
-47.625
-54.125
-55.0
-46.75
-37.375
-35.125
-36.0
-35.375
-44.125
-60.125
-61.875
-53.75
-52.125
-57.875
-56.0
-38.125
-23.0
-14.5
-10.0
-9.875
-7.625
-7.875
-16.625
-22.25
-22.75
-29.625
-31.5
-29.125
-34.75
-34.875
-35.375
-44.875
-50.875
-51.5
-45.75
-36.125
-34.625
-33.875
-28.875
-22.125
-13.25
-11.375
-24.0
-32.5
-28.625
-25.75
-22.625
-19.75
-21.375
-28.25
-32.25
-30.625
-30.25
-26.875
-19.25
-17.0
-18.25
-19.0
-32.875
-51.625
-43.375
-23.5
-17.375
-14.875
-27.75
-48.875
-48.625
-34.75
-18.375
-11.5
-17.625
-24.25
-29.875
-28.375
-29.375
-43.125
-39.625
-20.875
-20.375
-34.875
-37.125
-29.375
-29.125
-29.875
-31.75
-37.75
-41.875
-42.5
-38.875
-35.0
-35.125
-33.5
-32.125
-37.75
-38.875
-31.5
-24.125
-18.875
-14.875
-13.75
-20.25
-22.5
-16.25
-15.25
-21.75
-23.25
-34.375
-54.25
-48.25
-29.0
-23.25
-26.875
-25.25
-16.25
-9.125
-12.0
-18.375
-21.875
-28.375
-38.0
-39.875
-32.0
-25.125
-24.125
-23.5
-28.375
-29.875
-19.75
-14.0
-11.75
-9.625
-11.875
-15.125
-17.25
-19.625
-20.875
-19.5
-16.25
-18.125
-26.0
-28.0
-35.5
-43.625
-27.875
-6.375
-0.625
-7.25
-14.625
-18.375
-26.25
-27.625
-20.125
-22.5
-27.375
-34.375
-36.625
-24.375
-20.625
-21.125
-14.125
-12.25
-15.375
-14.0
-4.75
-7.0
-39.625
-55.625
-33.25
-7.0
4.75
-6.5
-18.75
-14.5
-8.75
-9.5
-12.375
-16.75
-18.875
-20.375
-21.75
-19.875
-20.625
-18.5
-6.875
4.75
7.25
3.375
2.25
1.875
-2.25
-5.625
-7.75
-9.5
-14.875
-19.5
-14.125
-10.875
-12.125
-11.25
-10.125
-9.625
-8.0
-8.0
-15.625
-22.5
-14.375
-6.875
-13.625
-6.375
7.625
9.125
6.625
7.75
8.5
-1.0
-5.125
5.375
15.875
12.125
2.75
2.0
4.125
4.625
6.75
6.5
-9.0
-14.0
-5.375
-23.75
-31.0
-8.875
5.375
10.0
7.25
2.75
-3.125
-8.125
0.875
9.75
10.125
9.375
8.125
8.25
10.875
15.625
20.125
21.125
23.75
21.25
5.0
-11.875
-16.375
-11.75
-2.5
-2.0
-2.0
13.125
19.75
14.375
13.375
11.875
6.375
4.5
-2.875
-18.5
-21.375
-14.125
-6.625
2.125
3.75
-1.375
-3.875
-3.125
-4.25
-2.625
4.25
9.375
10.125
7.875
5.75
6.25
5.125
12.75
24.875
22.0
16.125
16.0
0.375
-28.5
-36.375
-18.25
8.0
17.0
7.625
5.625
7.0
-3.75
-12.25
-6.25
4.75
12.625
12.75
11.875
16.25
20.375
16.875
8.25
5.375
11.0
14.75
13.25
16.375
18.875
15.25
5.625
1.125
4.0
-2.75
-7.125
-5.625
-11.0
-13.75
-7.625
-9.875
-22.5
-22.125
-7.375
5.0
7.125
5.75
4.5
1.875
1.125
-0.75
-4.375
-9.625
-14.25
-4.5
-4.875
-17.5
-3.375
21.375
35.375
35.75
25.25
19.125
19.375
20.375
20.875
16.75
8.125
2.75
0.625
-5.875
-8.75
0.5
6.875
9.625
16.875
15.125
8.375
12.25
16.375
13.625
9.625
5.375
3.125
2.375
1.625
6.25
12.875
15.125
15.75
11.75
14.5
27.75
27.375
14.375
9.125
10.25
5.875
3.25
5.5
-6.875
-18.0
-7.5
5.0
0.5
-9.0
-7.75
-6.375
2.625
18.5
31.75
42.375
45.375
45.75
46.125
44.375
40.0
27.0
17.875
19.875
-2.25
-29.375
-12.75
16.0
27.375
22.375
10.25
9.125
12.625
10.75
10.125
6.5
6.125
14.125
18.25
17.625
14.5
11.0
11.625
12.875
6.0
1.75
17.5
30.75
28.25
24.25
16.625
5.875
-3.5
-4.625
1.75
7.75
6.5
5.375
8.0
5.125
1.375
-3.375
-0.25
9.375
11.5
18.125
24.5
24.875
27.375
26.0
19.625
15.625
13.625
6.25
-6.25
-21.75
-33.375
-38.625
-34.75
-14.75
7.875
26.75
36.0
32.25
27.375
24.25
21.25
20.375
22.875
20.75
14.75
11.875
7.5
2.125
1.75
9.25
12.625
8.25
8.375
13.625
11.875
4.625
7.5
15.875
17.375
17.0
9.75
-3.0
-1.625
7.25
15.625
20.625
17.0
22.375
26.75
13.625
1.5
1.875
5.625
11.75
19.625
23.5
25.75
22.625
17.875
17.25
14.5
7.625
3.25
3.625
6.625
17.5
24.75
20.75
18.875
26.0
33.125
33.5
32.5
29.75
22.75
18.125
16.25
13.875
11.25
8.0
5.25
-0.125
-6.5
-13.125
-13.0
-13.625
-19.875
-7.125
11.625
18.875
21.5
16.375
14.125
11.375
7.375
13.125
18.125
21.125
18.75
13.875
10.875
8.875
13.0
19.375
21.75
23.125
27.5
28.625
25.0
20.75
16.75
13.875
15.75
14.75
4.0
1.0
4.375
-1.875
-6.125
0.5
11.375
24.875
27.25
20.125
24.75
34.375
33.625
28.25
31.875
35.375
30.625
24.875
19.75
15.125
10.125
5.125
3.25
5.5
3.875
-1.25
2.375
10.875
15.5
18.625
22.0
25.625
23.5
13.25
12.0
22.375
15.375
-16.375
-29.75
-19.0
-5.25
11.0
11.625
-1.25
-4.125
4.375
11.625
17.25
21.5
22.5
22.625
16.625
16.625
24.5
23.5
22.25
22.0
17.875
15.5
13.125
10.125
7.875
8.625
11.5
6.75
2.75
12.25
23.25
23.25
20.25
22.875
29.125
31.875
22.0
13.5
16.25
17.75
16.25
10.875
2.375
-0.25
4.75
10.5
12.5
11.625
13.0
17.875
18.25
10.125
3.875
8.5
13.625
14.375
14.125
15.5
5.375
-15.25
-21.0
-4.625
14.25
17.5
14.75
6.75
6.625
19.5
26.875
27.5
21.125
13.75
16.0
25.625
31.0
27.125
15.375
9.875
15.25
13.5
2.875
1.75
8.125
6.5
3.5
7.375
10.5
9.75
11.875
12.0
4.875
2.75
7.25
14.25
20.75
22.0
23.0
22.875
16.0
8.5
1.625
-3.25
3.625
13.625
14.0
11.0
8.375
6.875
1.75
-9.25
-10.125
-4.25
-7.875
-7.5
4.875
9.875
7.75
10.875
10.125
-3.0
-13.125
-9.375
-2.25
-0.875
-1.75
-2.75
2.25
9.625
-15.75
-43.75
-25.75
8.375
28.625
24.25
15.375
15.875
9.5
2.875
6.375
9.375
9.5
8.375
4.875
4.625
5.625
5.375
3.75
-2.0
-9.875
-12.625
-7.125
9.25
22.0
19.75
17.75
20.625
22.875
20.375
14.25
6.375
4.875
7.375
-0.5
-11.75
-6.625
9.0
12.5
9.75
9.5
6.0
3.125
7.25
13.125
17.25
16.5
12.375
11.5
10.125
5.875
0.875
-2.0
-6.625
-15.75
-17.25
-18.5
-39.0
-38.625
-7.125
12.25
17.25
15.25
13.875
12.875
5.875
11.25
21.125
12.875
-5.5
-10.375
3.625
11.625
8.625
6.25
2.5
-6.375
-20.625
-25.125
-18.0
-15.5
-12.0
-10.375
-13.5
-9.125
-0.125
5.0
6.5
6.0
6.625
0.625
-18.125
-25.5
-11.625
2.875
5.125
0.625
0.25
-2.25
-10.0
-13.5
-11.125
-8.625
-4.5
-1.375
-2.25
2.625
15.625
20.75
12.375
14.25
25.0
24.625
14.75
3.625
3.75
-6.875
-32.5
-34.875
-25.375
-14.25
-4.375
-7.875
-12.875
-10.875
-5.25
-1.5
-2.125
-1.5
5.125
6.75
1.125
-4.875
-1.0
13.75
19.125
11.5
-0.5
-2.25
2.875
-1.625
-13.375
-18.875
-15.625
-11.25
-10.25
-11.125
-10.75
-8.875
-6.125
-3.375
1.375
5.875
6.5
5.875
9.25
14.875
4.75
-11.75
-5.5
2.75
3.5
8.25
8.375
3.625
-0.375
-11.625
-24.125
-31.75
-35.25
-20.375
-0.125
10.25
11.875
10.25
12.25
18.75
22.875
19.0
13.75
14.75
18.0
-2.375
-23.25
-8.0
10.125
15.625
12.75
-0.375
-3.5
4.625
2.875
-3.125
-5.25
-10.875
-13.0
-5.875
2.625
8.375
8.5
2.75
-4.875
-6.5
0.75
1.875
-12.0
-12.875
-4.375
-17.125
-18.75
-2.5
2.25
0.625
-4.375
-6.375
1.75
5.875
5.25
9.0
10.875
-0.5
-12.5
-7.625
1.375
6.25
9.125
2.0
-6.625
-2.75
-3.875
-12.5
-15.75
-10.25
-18.25
-39.625
-26.5
3.125
12.875
11.75
8.375
-0.25
-5.875
6.875
15.875
-2.125
-8.5
2.875
2.125
-2.0
-3.5
-5.875
-7.375
-9.25
-9.25
-9.625
-16.0
-19.625
-15.75
-4.375
10.875
17.25
15.375
13.875
12.0
5.0
-2.75
-7.25
-8.875
-8.5
-17.0
-28.125
-26.375
-23.25
-21.125
-16.375
-14.0
-11.0
-5.625
-2.375
-9.125
-11.5
-1.625
3.5
5.5
9.625
12.625
6.5
-2.75
0.25
-10.5
-31.375
-23.25
-4.625
2.875
7.625
10.5
2.375
-14.0
-14.0
-4.125
-0.125
3.375
7.875
12.25
15.75
14.75
4.25
-2.75
2.375
0.5
-4.75
-4.125
-6.75
-9.0
-9.375
-8.5
-6.375
-4.0
-5.125
-19.0
-26.5
-16.25
-6.875
1.125
2.125
-1.125
8.0
20.25
23.5
20.25
15.75
10.25
5.25
3.75
-4.375
-19.5
-19.0
-10.75
-12.5
-8.75
-2.25
-3.125
-1.75
1.75
4.125
6.5
8.125
1.375
-10.75
-13.625
-7.75
-6.0
-9.25
-8.125
-5.125
-4.25
-8.625
-14.625
-18.625
-24.25
-20.875
-9.25
-0.625
3.75
5.0
2.875
-1.875
-5.75
-4.25
-2.125
-1.125
4.875
7.75
1.5
-2.75
2.875
6.5
6.625
4.5
-3.75
-8.375
-3.875
4.0
9.875
14.625
7.75
-4.375
1.0
15.625
1.375
-31.25
-23.375
5.125
20.25
29.875
28.0
14.375
8.0
10.625
10.125
15.125
18.75
11.0
3.875
2.25
5.625
11.375
11.0
-0.75
-11.375
-11.625
-10.75
-14.0
-15.25
-10.75
-8.125
-12.375
-9.0
3.25
3.375
-2.25
1.375
0.875
-9.625
-8.75
0.75
4.25
11.0
15.625
12.5
6.25
-1.0
-5.75
-13.625
-31.125
-35.0
-16.875
-12.5
-17.75
-6.875
5.625
7.375
5.875
8.0
7.625
4.375
6.0
6.5
4.125
6.0
8.75
7.625
3.25
-1.5
-3.625
-2.25
-2.125
-10.125
-16.875
-11.5
-6.5
-13.625
-27.75
-30.5
-24.75
-19.125
-7.0
1.375
1.125
-3.0
-6.25
-5.375
-0.5
-0.625
-15.75
-16.5
4.375
15.25
14.5
11.25
11.375
12.0
10.75
12.75
13.625
7.25
-4.0
-9.0
-9.375
-10.5
-11.125
-9.5
-2.75
-0.5
-3.625
-9.75
-17.0
-19.75
-21.5
-27.0
-34.75
-38.875
-31.75
-20.375
-15.625
-12.625
-7.5
-0.125
-0.625
-19.125
-27.125
-10.125
5.25
11.0
8.75
7.75
13.625
16.875
16.5
15.375
12.375
7.5
3.625
6.375
11.625
11.875
9.625
10.0
6.5
-10.25
-16.875
-5.375
2.875
4.25
-3.625
-6.25
5.5
8.0
1.25
-2.625
-9.25
-12.125
-1.625
6.5
4.625
2.125
4.125
5.25
-5.75
-13.375
-7.125
-1.0
-1.25
-1.875
-1.125
-1.625
-5.375
-14.375
-15.25
-5.25
-1.625
-3.5
-0.25
4.25
2.5
1.125
3.0
4.25
3.375
-4.0
-5.375
-4.5
-12.5
-14.0
-13.75
-18.25
-11.0
3.875
7.75
5.875
3.875
1.25
0.875
-4.5
-8.25
-2.75
3.625
8.25
13.125
9.875
4.375
13.875
21.375
10.25
-1.25
-1.0
-1.25
-5.75
-0.75
6.75
3.75
-5.25
-9.375
-7.625
-10.5
-10.875
-0.875
6.125
5.25
3.75
5.875
-5.125
-34.125
-33.25
-3.125
8.25
-0.125
-6.375
-1.75
-3.0
-13.25
-17.25
-24.75
-23.25
-4.0
5.5
4.5
5.875
6.375
6.5
3.125
2.75
7.875
9.375
10.125
12.5
12.5
8.0
7.875
12.625
14.375
15.75
17.375
19.375
16.625
8.375
3.75
-3.25
-9.375
-2.875
6.0
7.125
-0.5
-4.625
4.75
13.5
15.0
12.125
3.75
5.0
15.0
22.25
27.875
27.125
25.25
24.0
13.25
5.25
7.75
9.875
12.875
13.75
13.0
11.25
1.625
-5.5
1.875
12.375
14.375
13.875
16.75
6.5
-16.25
-15.625
5.75
15.875
6.75
6.0
12.25
1.25
-3.25
0.5
-3.875
-1.75
7.25
16.75
24.125
28.625
30.25
23.875
18.0
19.625
18.875
15.125
19.0
20.375
15.375
10.875
5.375
3.0
1.75
-2.625
-3.0
-2.625
-1.875
2.25
1.5
2.0
5.625
5.625
8.25
15.625
22.75
29.0
31.125
26.625
22.375
19.5
15.375
16.5
21.5
24.375
10.75
-10.875
-7.875
4.75
8.0
8.5
2.625
-12.0
-19.625
-13.875
-11.125
-11.875
-7.625
-7.25
-7.875
-4.125
-9.0
-10.5
0.125
7.375
15.375
10.125
-12.375
-12.5
-0.625
2.25
9.625
17.0
9.5
2.875
8.375
3.625
-1.875
-1.125
-6.875
-10.625
-8.375
-3.875
1.125
2.25
2.125
3.0
-8.125
-21.125
-8.375
16.25
21.875
17.0
15.875
20.5
22.375
22.0
25.25
13.0
5.5
17.125
27.625
26.875
20.625
19.75
23.125
25.5
25.75
25.125
23.25
19.375
17.25
16.875
7.0
-5.0
-11.5
-12.625
3.375
10.375
5.875
10.125
6.875
6.0
12.375
14.125
20.5
20.75
14.375
15.875
14.25
8.0
2.25
2.375
4.5
-1.375
-6.0
-3.5
2.125
1.875
-4.75
-5.875
-0.5
3.25
1.75
-5.375
-9.75
-0.625
13.25
20.625
23.0
25.25
18.75
12.375
15.125
7.25
-2.875
-3.375
-3.75
-2.625
3.375
1.375
-4.0
4.25
18.375
29.875
37.5
41.75
42.0
34.25
29.25
32.0
30.625
23.875
15.625
3.875
-1.625
-1.375
-10.75
-13.625
-4.0
-2.625
-8.5
-8.375
-3.875
-2.75
-1.875
8.75
22.125
8.375
-9.625
3.125
21.625
27.0
24.625
22.875
24.5
26.25
16.375
-11.25
-24.375
-3.25
16.375
13.0
2.75
-4.0
-7.875
-9.75
-10.25
-8.5
-6.375
-12.25
-16.375
-7.25
1.875
4.25
8.875
16.125
23.625
30.625
32.875
26.75
16.625
16.5
21.625
16.5
-1.0
-7.75
3.875
9.375
3.75
2.25
5.0
5.625
11.25
18.875
10.875
4.125
15.5
18.5
20.625
32.75
31.125
17.625
11.875
19.125
17.875
5.5
4.125
0.375
-9.125
-2.0
3.875
-1.25
-5.125
-6.25
-4.875
-3.375
-1.75
-0.625
1.25
8.75
17.25
18.125
16.125
21.375
22.0
15.25
15.0
14.375
8.625
7.5
5.375
-0.5
-6.75
-28.5
-42.75
-27.25
-10.75
0.875
9.0
8.875
9.25
16.25
15.75
7.25
20.25
21.25
-0.25
2.125
20.75
32.375
28.75
25.125
20.375
5.0
2.875
10.5
6.125
0.0
-1.25
-3.875
-1.125
2.375
0.375
-2.0
0.25
7.25
13.875
20.125
24.125
25.5
29.875
34.875
32.0
17.75
9.125
17.625
22.0
14.75
-0.75
-12.5
-6.0
6.375
9.375
1.75
-1.375
4.25
8.5
10.625
11.625
13.625
13.75
9.75
8.875
13.5
16.875
16.625
15.5
11.5
5.25
5.75
8.5
3.0
-2.25
1.75
7.25
7.25
-1.75
-13.375
-18.5
-15.875
-4.75
7.25
6.375
-2.625
0.625
10.125
13.0
14.0
12.875
10.5
10.75
10.5
7.875
8.5
4.75
-3.25
4.5
10.125
-0.25
-5.25
-7.0
-8.25
-1.25
0.625
-1.25
5.625
14.5
21.75
28.25
33.25
35.0
32.75
32.125
32.375
28.875
24.375
21.25
18.75
13.125
5.25
-1.375
-6.875
-15.5
-21.625
-13.75
0.5
0.5
-5.875
0.625
3.75
-0.125
8.0
18.25
16.125
9.875
12.75
14.25
4.875
1.0
5.5
9.125
9.375
9.875
13.75
13.0
-5.5
-33.25
-34.0
-8.75
20.625
33.75
26.25
19.75
18.75
19.125
20.375
13.0
-1.625
-11.25
-10.25
1.25
6.125
8.625
20.25
29.375
30.25
27.0
25.5
20.125
11.125
14.75
20.0
17.5
13.375
5.875
0.75
1.75
5.875
9.125
10.5
11.125
10.625
5.125
2.875
11.125
12.375
7.625
6.5
9.75
16.0
21.375
29.625
30.25
22.375
19.75
17.125
-1.375
-18.0
-14.875
-4.5
2.5
2.375
-0.875
-3.25
-4.625
-3.5
-14.0
-34.625
-30.875
-7.375
7.25
9.75
3.875
1.125
7.625
6.625
4.5
8.125
9.75
11.125
11.75
8.375
-0.125
-7.75
-8.0
-1.875
6.125
12.5
13.25
6.875
3.25
-5.125
-28.875
-29.0
-8.375
-3.25
1.625
10.75
7.875
1.375
7.25
7.625
0.25
8.875
19.875
18.625
15.5
13.625
5.875
1.5
8.875
12.875
12.125
13.125
11.5
3.25
1.125
3.625
-4.5
-8.625
-1.875
-2.25
-9.25
-10.625
-8.5
-8.125
-8.75
-8.25
-11.125
-21.125
-28.0
-18.125
0.125
16.875
17.25
-4.5
-10.625
5.0
19.375
26.25
25.25
19.0
14.625
6.375
-9.125
-9.75
5.875
13.0
7.375
0.625
-1.625
1.375
6.375
5.0
-1.75
0.375
10.125
17.5
14.625
6.125
4.5
-1.0
-9.75
-15.375
-19.5
-11.875
8.625
22.625
21.0
17.125
14.125
9.75
7.0
6.25
8.0
13.5
14.875
11.0
8.875
3.375
-1.0
-1.875
3.625
13.125
7.875
-5.125
-3.5
8.625
12.5
8.125
11.25
19.875
21.5
22.5
20.75
16.5
16.25
17.625
19.625
8.0
-5.25
-14.0
-33.25
-28.25
-6.875
5.25
7.875
-1.75
-2.625
6.125
2.5
-6.75
-12.125
-13.625
-3.375
4.0
1.25
2.0
4.75
4.875
7.125
8.375
6.25
3.625
0.75
2.375
6.25
5.0
-0.25
-2.75
-1.125
-0.5
-6.25
-10.0
-5.625
-2.625
-0.75
-4.75
-14.5
-19.0
-14.25
0.375
7.625
5.875
8.625
13.0
11.125
5.125
-0.375
-0.5
5.25
5.0
-3.375
-6.375
-1.375
5.5
3.75
-12.0
-17.625
-10.375
-6.875
-5.25
-7.375
-13.875
-25.375
-41.625
-36.125
-6.125
19.125
29.375
27.25
15.875
5.125
2.5
-4.375
-18.125
-17.25
-3.5
3.75
7.875
9.0
5.75
11.875
18.75
18.5
13.125
4.0
2.875
8.125
14.0
18.5
14.25
4.75
2.0
7.625
10.625
9.875
11.625
13.875
12.75
9.5
2.75
-7.75
-9.25
1.375
7.0
4.625
8.625
15.375
16.375
8.0
-3.25
1.625
13.5
17.25
16.75
15.625
14.625
15.375
14.125
1.125
-3.125
7.875
3.375
0.125
-1.0
-7.75
-2.25
-12.75
-31.25
-22.125
-3.25
6.5
1.625
-4.625
2.625
11.25
17.875
21.125
19.0
17.0
15.625
15.0
16.5
18.25
15.375
9.625
5.75
1.625
-4.25
-6.125
-9.25
-22.5
-39.125
-35.25
