-91.375
-103.125
-112.875
-108.75
-100.625
-109.5
-116.875
-90.5
-79.25
-94.875
-95.5
-102.25
-113.375
-93.375
-93.75
-101.625
-80.0
-82.25
-95.375
-93.0
-97.75
-89.25
-82.75
-100.375
-98.25
-79.875
-83.375
-85.25
-80.125
-83.875
-92.25
-95.625
-89.625
-98.875
-97.0
-80.5
-87.125
-96.75
-90.625
-83.0
-79.375
-81.0
-85.75
-97.75
-104.125
-97.625
-95.375
-95.625
-91.5
-81.375
-93.5
-98.875
-99.375
-118.625
-106.125
-89.875
-101.75
-101.125
-103.0
-121.0
-107.125
-86.125
-100.75
-112.5
-113.125
-106.875
-91.5
-93.25
-104.625
-109.75
-112.125
-110.625
-112.125
-114.0
-112.625
-108.875
-96.25
-98.75
-105.0
-96.75
-122.75
-134.875
-99.125
-96.5
-104.0
-94.875
-88.125
-86.0
-86.625
-89.0
-91.375
-86.75
-95.125
-104.5
-108.5
-109.0
-91.125
-86.0
-91.375
-85.75
-84.125
-89.625
-94.75
-92.5
-95.0
-87.875
-72.875
-71.125
-73.875
-84.25
-84.25
-76.75
-81.625
-81.875
-82.625
-89.25
-79.75
-73.375
-82.375
-84.25
-84.5
-85.5
-98.125
-106.375
-83.0
-80.125
-105.25
-114.25
-95.75
-83.375
-94.5
-107.25
-109.25
-98.375
-92.25
-103.625
-102.5
-83.125
-85.5
-102.875
-102.625
-104.25
-104.375
-92.125
-91.5
-95.875
-103.5
-108.625
-111.125
-112.0
-95.75
-91.5
-108.125
-105.25
-92.75
-97.5
-101.75
-91.125
-95.625
-111.625
-96.75
-81.5
-91.75
-115.625
-103.875
-74.125
-91.625
-112.25
-104.125
-105.375
-113.125
-89.75
-78.75
-96.75
-101.875
-96.125
-87.375
-93.5
-110.375
-98.375
-93.375
-109.375
-101.0
-101.875
-120.5
-113.875
-126.5
-122.0
-90.0
-100.5
-120.0
-119.125
-118.125
-109.5
-96.625
-104.0
-106.125
-109.875
-113.75
-110.875
-107.375
-100.375
-104.125
-106.5
-117.875
-118.875
-103.625
-101.25
-97.625
-98.125
-98.875
-100.75
-103.625
-100.375
-107.875
-111.375
-107.5
-116.25
-115.0
-112.0
-103.625
-81.0
-81.375
-105.375
-117.375
-110.0
-118.25
-112.25
-96.375
-120.75
-118.5
-109.0
-124.375
-107.25
-109.75
-120.625
-96.75
-108.375
-117.875
-95.5
-97.0
-98.75
-104.125
-114.375
-107.5
-112.875
-132.5
-110.0
-85.75
-104.125
-111.5
-100.875
-104.75
-110.375
-104.125
-102.75
-106.25
-116.625
-109.625
-105.125
-115.75
-101.125
-106.0
-116.5
-101.75
-98.5
-105.625
-106.375
-102.0
-103.5
-101.25
-99.375
-114.125
-112.0
-102.625
-107.375
-121.375
-115.125
-91.125
-102.25
-106.75
-101.875
-101.375
-97.625
-102.25
-109.375
-112.375
-115.625
-113.0
-101.75
-104.125
-108.0
-85.0
-69.875
-83.25
-88.75
-90.625
-101.25
-89.625
-88.625
-115.25
-100.625
-76.25
-88.625
-99.625
-100.25
-104.25
-102.5
-98.375
-104.25
-109.125
-105.875
-93.125
-86.125
-93.25
-86.25
-77.5
-89.375
-90.0
-86.375
-101.625
-105.75
-91.875
-92.25
-106.375
-102.25
-94.0
-96.25
-96.375
-96.125
-98.25
-106.625
-103.0
-88.375
-103.0
-101.875
-92.625
-107.375
-86.5
-81.75
-105.125
-114.625
-108.125
-77.5
-77.125
-88.5
-88.75
-94.625
-91.875
-90.25
-90.5
-98.375
-93.75
-80.625
-95.5
-100.875
-100.375
-121.125
-114.0
-89.125
-79.375
-88.5
-99.875
-95.5
-96.125
-100.5
-105.75
-99.625
-95.125
-107.125
-105.625
-102.25
-102.125
-93.0
-85.25
-99.25
-103.625
-85.625
-89.375
-101.0
-103.375
-100.375
-94.125
-95.0
-93.0
-96.875
-103.0
-87.875
-78.625
-88.625
-92.0
-87.625
-79.5
-69.625
-86.625
-82.25
-77.0
-86.0
-72.125
-75.625
-71.5
-66.375
-78.125
-78.125
-76.0
-80.125
-76.5
-84.25
-93.25
-90.625
-86.0
-77.25
-82.75
-93.5
-92.625
-83.5
-81.875
-80.625
-80.125
-76.625
-76.125
-77.0
-78.5
-84.25
-85.25
-80.875
-79.375
-81.625
-70.625
-69.375
-84.625
-87.625
-79.75
-83.125
-93.625
-95.125
-81.625
-90.0
-103.75
-93.5
-105.625
-113.75
-104.125
-85.375
-71.625
-86.875
-101.0
-100.25
-86.5
-92.75
-103.125
-87.0
-76.25
-92.625
-104.625
-98.375
-95.875
-85.375
-84.75
-98.75
-105.75
-99.0
-88.75
-96.875
-99.375
-94.25
-81.125
-78.125
-102.25
-96.5
-83.125
-101.25
-110.875
-86.875
-72.625
-91.75
-98.375
-92.0
-92.0
-90.0
-82.125
-83.875
-90.375
-95.25
-100.25
-97.0
-98.625
-106.5
-99.875
-84.75
-73.875
-89.0
-105.375
-79.5
-52.5
-52.25
-63.5
-79.5
-82.0
-72.25
-71.75
-79.125
-83.0
-79.75
-77.125
-76.75
-72.5
-70.25
-67.625
-69.75
-77.875
-77.0
-74.125
-74.0
-81.25
-89.125
-77.75
-67.75
-72.75
-71.0
-84.125
-100.75
-81.375
-75.375
-95.0
-97.375
-69.375
-56.875
-78.5
-83.625
-63.0
-59.5
-70.0
-77.375
-75.625
-68.75
-72.75
-76.125
-71.5
-74.75
-77.625
-69.75
-68.625
-73.25
-81.25
-80.5
-72.5
-67.875
-67.875
-69.5
-68.375
-66.0
-71.5
-72.125
-74.625
-83.5
-64.75
-60.125
-74.75
-68.125
-73.375
-84.125
-71.25
-58.375
-73.75
-92.25
-81.5
-70.625
-66.625
-69.25
-71.875
-56.875
-58.875
-64.375
-61.625
-79.375
-90.375
-76.875
-73.125
-75.25
-67.0
-74.875
-79.625
-70.125
-75.25
-84.125
-72.375
-60.125
-73.125
-87.75
-81.125
-57.625
-53.375
-63.25
-68.25
-66.75
-57.5
-64.875
-77.125
-69.875
-67.375
-82.25
-82.75
-69.75
-68.0
-71.5
-68.0
-73.5
-83.375
-70.75
-57.875
-63.125
-72.875
-76.125
-74.25
-72.375
-72.0
-81.0
-86.875
-71.5
-66.75
-76.75
-76.875
-84.75
-85.25
-81.5
-76.625
-63.25
-65.125
-76.0
-77.0
-65.75
-72.25
-73.375
-58.75
-64.375
-77.625
-93.375
-89.75
-62.25
-57.875
-67.875
-71.125
-72.75
-67.75
-55.125
-56.75
-72.75
-69.75
-64.5
-70.75
-71.5
-64.5
-55.75
-64.25
-72.375
-77.125
-71.25
-67.125
-81.5
-75.75
-74.75
-85.75
-64.875
-53.375
-66.75
-63.5
-63.125
-75.0
-75.125
-57.375
-51.125
-61.125
-72.5
-69.625
-61.125
-65.0
-72.125
-73.0
-73.25
-69.0
-55.625
-65.125
-85.375
-92.25
-81.75
-61.625
-69.875
-96.5
-89.125
-72.875
-84.625
-94.375
-89.25
-89.625
-90.625
-69.75
-59.75
-72.0
-82.125
-83.375
-89.375
-78.25
-62.625
-79.5
-84.25
-69.875
-64.75
-88.25
-92.625
-68.25
-78.75
-86.375
-82.0
-85.875
-84.875
-92.625
-106.625
-112.875
-88.375
-54.75
-57.875
-68.5
-65.375
-58.875
-63.875
-75.75
-68.75
-51.125
-49.625
-71.125
-82.25
-58.125
-51.0
-70.75
-55.125
-44.125
-55.125
-45.125
-25.625
-25.875
-39.75
-35.875
-16.625
-15.5
-21.625
-19.25
-7.75
1.25
-13.25
-21.375
-14.25
7.0
15.0
4.875
23.0
33.375
20.0
16.875
23.0
12.125
14.5
43.125
47.0
35.375
36.375
46.25
51.375
65.0
71.0
61.25
58.75
54.5
62.375
80.375
96.0
83.125
64.75
98.875
133.0
122.125
108.5
110.875
124.125
134.375
120.375
109.625
117.125
125.25
131.25
124.5
125.125
117.875
119.625
151.75
144.625
130.25
141.5
138.875
139.875
152.5
151.875
145.625
153.625
160.875
144.875
143.625
147.375
129.0
121.5
141.25
153.125
151.375
155.625
146.75
141.25
148.375
152.25
148.75
151.125
163.875
154.875
132.875
145.875
165.75
153.25
142.0
154.125
167.25
150.875
142.625
171.875
173.75
165.75
171.125
169.0
160.875
146.375
145.0
167.375
177.75
161.0
157.625
169.125
171.375
159.25
165.0
173.875
163.0
167.375
171.125
154.125
152.375
173.625
182.375
176.0
166.375
154.0
162.5
179.5
179.75
169.375
145.25
158.375
183.125
173.75
175.125
175.625
171.125
165.625
169.625
185.375
180.5
165.25
164.875
176.0
179.5
184.125
182.625
172.25
175.125
172.625
163.625
169.625
180.625
184.25
174.625
167.25
168.625
171.5
176.0
173.0
174.25
176.5
168.5
162.75
173.625
185.375
183.875
179.25
180.625
183.75
181.75
180.0
176.875
179.625
183.875
178.25
173.875
173.375
178.125
174.875
171.5
180.75
170.5
173.75
195.0
187.375
174.375
173.75
174.125
174.875
175.625
174.75
171.125
175.25
182.0
186.125
188.625
179.0
180.0
195.375
198.5
174.25
167.0
183.125
186.75
182.75
175.625
179.25
188.25
182.5
176.5
180.625
183.75
173.875
160.0
181.75
191.25
181.875
188.0
172.625
175.125
173.75
150.875
168.375
191.875
175.375
159.25
161.25
159.125
171.5
180.875
172.75
172.0
170.875
171.375
166.625
167.75
185.0
182.875
169.0
155.625
145.0
159.625
173.0
167.625
161.375
167.625
188.5
187.25
167.5
175.375
164.5
146.75
160.0
163.125
154.5
143.625
142.375
146.625
146.625
150.875
156.125
147.75
134.125
127.625
134.625
142.5
147.625
151.0
159.5
163.5
152.375
130.125
125.5
147.875
154.875
156.125
168.25
157.625
145.375
153.125
143.125
143.25
152.25
140.75
148.25
152.5
147.75
155.5
158.75
161.125
163.25
160.0
155.0
155.0
152.0
155.0
154.25
129.75
151.25
173.875
149.375
148.5
143.5
135.625
139.375
135.625
126.875
128.5
151.875
158.75
146.75
145.5
151.25
162.25
168.625
166.625
147.0
134.25
156.25
170.875
153.125
123.75
147.375
181.0
169.25
158.625
157.0
159.375
156.375
141.25
140.625
154.5
162.25
162.375
156.375
160.125
159.0
142.0
145.75
162.75
149.75
128.375
129.375
152.125
164.875
154.375
156.875
155.5
148.375
147.375
154.5
166.125
159.625
152.375
150.625
145.125
151.25
156.0
148.375
140.5
129.25
142.625
165.25
141.625
133.0
153.375
143.625
132.375
132.0
133.5
140.625
136.0
125.75
125.875
128.0
122.5
118.125
113.5
102.875
94.5
84.25
96.875
115.5
105.375
92.375
104.75
110.875
82.875
76.0
96.0
92.0
71.5
67.5
70.625
61.5
50.75
50.0
59.75
56.625
39.625
37.125
34.25
23.375
0.125
-8.25
19.375
16.5
3.25
4.625
4.5
-2.5
-13.875
-23.125
-27.875
-21.25
-25.125
-32.875
-34.875
-46.75
-54.75
-48.125
-37.375
-38.25
-38.0
-50.5
-70.75
-61.625
-51.5
-54.625
-68.25
-75.5
-55.875
-49.5
-57.75
-59.625
-61.75
-56.25
-49.0
-52.875
-68.0
-65.375
-66.25
-73.5
-60.625
-54.25
-55.75
-68.375
-79.0
-71.875
-76.75
-89.5
-85.5
-81.5
-88.75
-88.375
-79.75
-82.625
-95.125
-95.625
-89.875
-86.75
-94.875
-107.75
-93.0
-73.5
-79.25
-90.625
-87.375
-83.5
-85.0
-73.375
-70.25
-81.25
-75.625
-74.875
-78.375
-74.875
-78.375
-81.25
-80.25
-84.75
-90.125
-81.0
-70.0
-78.375
-92.875
-88.125
-89.5
-118.875
-95.375
-52.25
-64.0
-70.625
-68.375
-73.875
-80.125
-83.5
-77.75
-77.75
-81.5
-84.125
-86.5
-77.375
-77.625
-88.0
-93.75
-101.375
-88.75
-75.375
-93.375
-99.875
-77.25
-68.75
-81.375
-79.75
-72.375
-71.875
-73.375
-76.375
-77.75
-87.125
-95.375
-88.625
-77.25
-73.625
-72.5
-69.5
-75.125
-78.875
-77.0
-82.125
-85.375
-90.5
-86.125
-73.5
-83.25
-83.125
-86.5
-104.875
-89.625
-74.75
-86.25
-86.75
-76.75
-76.5
-75.625
-67.625
-66.125
-71.125
-75.125
-76.875
-77.5
-85.5
-87.125
-79.5
-83.375
-81.125
-77.875
-84.5
-74.625
-72.0
-79.0
-76.75
-83.625
-79.5
-68.0
-68.0
-71.375
-85.125
-84.625
-69.125
-75.375
-82.375
-71.25
-73.625
-79.0
-71.0
-63.875
-62.5
-67.625
-68.75
-72.875
-72.0
-62.0
-63.625
-70.125
-81.875
-90.125
-71.75
-60.375
-66.25
-60.0
-65.625
-69.125
-69.25
-79.875
-72.625
-62.0
-67.0
-74.0
-68.125
-61.75
-62.125
-60.125
-58.25
-56.5
-62.5
-67.375
-65.625
-72.5
-73.0
-66.0
-73.125
-75.375
-58.375
-51.5
-55.125
-62.0
-64.5
-56.375
-53.875
-57.875
-58.875
-59.125
-58.25
-55.125
-53.5
-63.75
-71.0
-65.0
-74.125
-62.5
-64.875
-85.125
-57.625
-53.25
-67.875
-61.625
-63.625
-68.5
-66.5
-64.375
-60.5
-63.25
-61.125
-56.375
-58.125
-54.5
-65.5
-82.875
-86.875
-84.875
-61.125
-44.5
-59.125
-70.375
-65.25
-56.875
-58.25
-60.5
-60.875
-61.75
-62.375
-60.125
-57.5
-56.125
-57.625
-63.625
-62.5
-59.25
-58.5
-62.375
-78.75
-80.875
-80.625
-89.25
-63.125
-36.25
-47.125
-64.0
-69.375
-60.75
-55.625
-59.75
-57.125
-51.75
-48.375
-44.5
-43.0
-46.875
-54.25
-59.5
-57.75
-62.375
-78.75
-68.25
-48.75
-50.5
-64.375
-63.75
-43.625
-42.625
-44.375
-49.625
-52.375
-39.25
-42.75
-44.875
-34.5
-33.5
-38.25
-41.25
-43.125
-49.0
-50.125
-47.75
-55.625
-57.0
-45.875
-53.25
-56.625
-38.875
-37.75
-50.75
-54.375
-51.0
-52.0
-46.875
-42.875
-59.0
-71.0
-67.875
-69.0
-70.5
-68.125
-55.625
-33.5
-35.0
-50.25
-51.5
-54.625
-50.375
-48.125
-55.125
-43.5
-42.625
-44.375
-49.25
-49.875
-34.875
-40.375
-52.625
-49.125
-36.375
-41.875
-46.625
-43.125
-55.875
-57.125
-42.75
-47.375
-62.125
-56.75
-43.5
-50.5
-54.5
-49.0
-47.875
-47.5
-50.25
-58.375
-66.125
-55.25
-52.375
-67.25
-68.75
-68.0
-65.25
-57.625
-56.75
-59.25
-70.625
-69.875
-71.75
-88.125
-78.875
-64.875
-61.5
-58.875
-59.625
-63.0
-73.375
-77.875
-68.25
-66.625
-72.5
-68.0
-67.75
-65.625
-53.625
-58.625
-73.25
-75.25
-63.625
-59.125
-70.375
-77.5
-70.5
-57.875
-64.375
-82.875
-78.25
-67.375
-69.5
-68.75
-60.75
-70.375
-80.75
-71.75
-71.25
-65.875
-54.75
-59.625
-69.125
-79.375
-71.875
-67.25
-58.25
-40.5
-47.625
-57.25
-60.5
-54.125
-48.25
-54.125
-64.25
-65.25
-62.375
-64.25
-64.875
-66.5
-72.625
-80.0
-69.125
-59.5
-84.375
-81.25
-57.0
-48.0
-35.625
-58.0
-70.75
-53.125
-63.0
-56.125
-44.875
-51.875
-44.75
-39.25
-41.25
-39.625
-39.125
-42.0
-32.875
-15.5
-4.75
-2.875
-7.375
4.625
24.375
20.75
15.0
17.375
28.5
38.75
33.75
39.75
42.25
37.25
40.0
44.125
48.0
44.25
41.25
44.375
47.875
52.0
41.75
29.125
29.75
37.75
44.625
39.625
33.75
29.25
22.625
23.75
23.25
22.875
24.25
15.875
10.0
6.5
2.625
-1.75
7.25
6.375
-12.25
-11.25
-6.125
-9.375
-10.0
-2.25
0.125
-6.375
-9.875
-5.75
-7.625
-15.625
-26.25
-39.875
-31.0
-24.875
-38.375
-40.375
-35.875
-35.0
-36.5
-33.375
-41.125
-39.875
-21.625
-18.875
-20.625
-31.375
-44.625
-38.125
-33.625
-51.0
-68.25
-64.25
-55.125
-49.0
-49.375
-70.125
-74.25
-45.25
-38.25
-57.125
-57.5
-47.0
-49.25
-55.0
-57.5
-64.25
-63.0
-55.125
-61.375
-63.5
-58.5
-60.5
-52.625
-47.125
-49.125
-55.0
-55.125
-53.25
-57.25
-59.0
-61.0
-61.25
-56.125
-54.125
-55.0
-49.375
-57.5
-56.625
-46.625
-53.375
-56.75
-58.125
-68.25
-68.5
-48.25
-39.5
-48.25
-62.75
-65.875
-55.125
-49.625
-44.875
-51.875
-56.875
-48.0
-50.75
-43.125
-39.25
-56.125
-52.5
-39.25
-46.75
-55.0
-48.25
-49.25
-52.25
-45.625
-48.125
-52.25
-59.375
-61.0
-54.0
-60.75
-59.5
-55.0
-65.0
-58.125
-47.625
-53.5
-53.75
-53.125
-58.5
-57.5
-57.5
-63.625
-55.0
-45.875
-51.375
-56.25
-53.375
-50.125
-53.0
-50.375
-41.125
-47.125
-46.875
-35.875
-39.125
-39.375
-30.875
-40.125
-49.625
-46.875
-47.0
-41.125
-38.125
-45.5
-42.625
-30.875
-33.375
-40.75
-39.625
-40.0
-41.5
-49.375
-52.875
-36.625
-31.0
-37.25
-35.75
-34.75
-23.5
-24.875
-43.0
-38.25
-27.625
-29.5
-30.25
-29.0
-32.875
-40.5
-49.125
-55.25
-64.875
-56.5
-36.625
-36.0
-46.0
-58.5
-64.5
-53.0
-43.25
-47.375
-56.125
-56.375
-50.625
-48.75
-47.75
-56.0
-54.375
-47.375
-54.0
-55.0
-55.5
-54.375
-54.125
-65.875
-69.25
-61.75
-65.0
-69.75
-69.875
-66.25
-62.625
-61.375
-63.125
-74.375
-68.375
-64.125
-70.625
-67.375
-70.25
-72.25
-69.75
-76.125
-77.625
-63.375
-61.0
-70.25
-66.125
-57.625
-63.875
-72.375
-71.0
-74.375
-72.875
-63.25
-61.25
-67.125
-64.25
-52.0
-49.5
-54.125
-57.625
-63.5
-62.25
-53.5
-65.25
-63.0
-49.25
-54.5
-67.625
-82.0
-74.125
-56.25
-58.75
-67.75
-66.875
-64.5
-57.0
-56.25
-58.0
-51.875
-53.375
-57.875
-58.5
-54.75
-52.125
-53.75
-57.875
-56.375
-51.375
-54.125
-62.25
-70.25
-70.125
-56.0
-46.5
-53.75
-59.625
-55.625
-47.875
-50.5
-55.125
-54.875
-59.25
-61.875
-61.75
-60.625
-54.375
-51.0
-57.0
-67.625
-70.875
-64.0
-63.25
-59.875
-51.375
-60.0
-64.125
-59.625
-68.125
-73.25
-64.625
-56.75
-52.875
-44.0
-39.375
-47.75
-50.75
-46.75
-49.5
-51.0
-52.5
-62.125
-54.125
-38.25
-45.5
-50.625
-48.25
-53.0
-55.25
-49.75
-40.375
-56.0
-64.25
-44.875
-45.5
-48.25
-42.875
-42.125
-36.375
-35.25
-44.625
-43.75
-35.875
-39.5
-51.25
-42.375
-30.125
-34.375
-46.25
-56.0
-44.75
-47.875
-57.125
-48.375
-56.0
-56.125
-47.125
-50.875
-46.0
-36.625
-35.75
-48.125
-48.0
-36.625
-37.25
-41.625
-49.75
-48.625
-39.125
-42.75
-53.75
-55.75
-48.625
-46.625
-50.25
-48.25
-44.125
-45.0
-49.625
-47.25
-41.25
-39.125
-41.625
-44.625
-42.375
-44.625
-51.5
-59.375
-60.5
-46.375
-31.5
-37.0
-51.75
-45.5
-36.125
-45.875
-45.25
-37.75
-42.875
-43.5
-41.5
-46.125
-51.0
-52.0
-47.25
-43.5
-50.0
-61.75
-61.25
-44.625
-44.75
-56.375
-42.875
-40.375
-52.625
-50.375
-37.25
-30.125
-35.25
-38.625
-43.75
-46.375
-39.375
-44.875
-56.25
-54.5
-47.625
-42.75
-45.125
-46.0
-52.125
-54.625
-43.75
-39.25
-48.75
-62.375
-47.375
-24.5
-32.875
-44.5
-42.875
-45.625
-47.375
-34.75
-40.625
-49.625
-37.375
-36.625
-45.25
-45.625
-39.0
-39.0
-45.0
-37.875
-35.75
-39.0
-31.875
-27.875
-26.0
-29.625
-36.625
-39.5
-28.75
-18.625
-35.75
-47.75
-35.0
-29.375
-28.25
-24.25
-33.0
-43.375
-39.875
-38.25
-44.75
-41.875
-38.5
-37.0
-29.625
-34.375
-36.875
-32.5
-37.0
-44.625
-41.25
-32.75
-40.25
-52.0
-53.875
-48.125
-43.875
-50.875
-64.0
-73.0
-73.375
-62.625
-44.125
-51.25
-65.0
-48.375
-39.625
-52.5
-58.25
-46.375
-52.625
-69.375
-61.625
-49.625
-56.75
-68.75
-66.0
-53.625
-51.875
-60.5
-61.125
-53.875
-55.875
-59.875
-53.75
-53.375
-72.5
-66.25
-29.625
-28.5
-49.0
-49.125
-46.75
-52.5
-48.125
-45.5
-54.625
-60.75
-61.75
-50.125
-40.375
-54.75
-63.375
-52.375
-51.625
-70.625
-71.0
-49.125
-65.0
-82.25
-50.75
-35.375
-50.0
-50.25
-47.625
-49.625
-46.25
-46.5
-47.125
-45.25
-43.125
-42.875
-52.375
-54.75
-47.5
-55.5
-60.75
-52.75
-61.625
-59.875
-52.875
-66.0
-67.75
-63.25
-56.5
-45.25
-38.125
-38.625
-56.125
-59.0
-34.625
-37.25
-52.875
-46.25
-39.375
-51.625
-61.875
-46.0
-37.125
-53.25
-57.625
-46.5
-46.875
-46.125
-39.0
-54.875
-67.0
-47.5
-50.875
-80.625
-62.0
-32.25
-47.25
-48.25
-40.125
-55.875
-58.375
-45.25
-49.125
-47.375
-41.125
-45.0
-44.125
-39.875
-38.375
-43.125
-42.0
-41.75
-46.25
-46.75
-51.625
-45.0
-42.375
-54.25
-56.125
-52.25
-50.375
-45.875
-35.75
-38.0
-45.25
-46.25
-45.0
-37.25
-32.125
-35.625
-40.375
-42.0
-40.875
-34.5
-32.5
-41.75
-61.5
-59.25
-25.375
-31.125
-54.875
-39.375
-23.375
-36.125
-44.375
-44.125
-37.875
-28.875
-38.0
-40.875
-35.25
-37.625
-42.375
-55.375
-65.5
-70.375
-69.875
-51.375
-38.125
-28.375
-24.125
-21.0
-19.125
-24.625
-18.375
-11.375
-9.75
-8.75
-10.375
-10.5
-8.25
-7.375
-8.25
-4.125
4.375
6.375
5.5
2.25
-9.25
-10.25
16.625
29.75
20.125
23.0
34.25
33.375
25.25
32.5
40.0
33.75
27.75
18.75
9.125
17.25
28.0
22.5
24.375
34.5
29.375
16.5
19.5
26.625
24.0
14.125
13.875
26.25
22.375
21.5
26.625
8.125
-4.75
15.125
15.0
8.0
31.5
30.5
11.5
16.125
22.625
17.5
22.125
22.25
16.75
13.125
10.75
17.375
20.25
13.875
6.625
2.125
4.875
-0.375
-9.75
8.5
17.0
5.375
9.625
13.0
9.25
12.125
11.25
3.875
8.875
14.0
2.625
-5.0
7.25
19.625
1.5
-14.25
0.75
8.0
1.125
-0.375
2.625
-3.0
-12.75
2.875
15.375
4.25
-5.0
-1.875
6.125
1.125
-3.25
-2.0
-7.0
-8.75
-5.375
-5.625
5.0
6.375
3.625
9.75
0.75
-2.5
-0.75
-2.25
2.5
4.375
1.125
-4.375
-5.375
-5.125
-7.875
-4.0
1.5
-0.5
-7.875
-9.875
-6.125
-6.875
-3.375
-5.5
-18.125
-31.625
-11.375
16.0
1.375
-6.625
2.0
10.75
7.25
-9.25
-10.375
-0.875
2.375
6.25
9.25
4.375
4.5
6.25
3.125
2.875
2.625
2.0
2.25
3.5
6.25
7.125
9.625
11.25
-1.125
-8.125
2.875
17.0
14.875
6.375
8.625
18.875
25.25
18.375
18.125
17.625
12.0
9.375
0.0
-0.625
17.0
16.75
13.25
20.875
18.25
14.25
9.0
8.375
9.25
5.625
10.0
15.375
18.125
18.75
7.625
11.25
37.125
33.5
16.375
17.5
17.0
26.375
30.25
18.0
21.75
24.0
17.875
11.25
9.875
8.0
1.25
8.375
15.625
20.25
20.375
15.875
16.25
14.375
11.375
10.625
10.625
11.25
15.75
10.625
0.125
13.625
34.5
30.25
9.75
8.75
24.25
18.0
4.625
18.375
20.5
6.25
2.375
11.75
22.375
17.75
16.75
15.375
5.875
7.75
9.625
3.125
-1.125
-7.625
-8.75
-16.0
-13.625
0.75
-0.375
1.0
9.125
6.0
2.375
3.125
-5.125
-11.625
-8.625
-12.125
-15.375
-9.125
1.625
5.5
1.125
3.125
3.5
5.125
8.625
4.625
8.25
16.75
14.375
13.625
16.875
15.375
17.5
9.0
13.625
25.625
14.5
30.5
41.75
30.375
27.75
26.0
23.875
23.0
25.875
24.875
30.25
34.0
26.75
25.0
17.375
12.25
16.0
23.875
31.5
30.375
35.125
35.875
24.625
18.0
29.0
35.375
32.5
32.75
24.5
21.25
27.875
26.625
20.375
28.5
35.5
30.25
20.875
14.5
26.875
19.375
3.125
21.0
32.625
34.25
34.25
30.625
29.0
29.75
25.625
22.5
28.0
22.625
12.0
11.25
21.75
20.75
11.125
22.25
26.125
17.625
22.875
23.75
33.625
28.625
3.5
28.75
32.0
1.0
22.875
36.375
23.875
29.75
31.75
30.125
33.375
35.0
32.875
22.375
21.625
26.125
21.75
22.25
27.75
33.25
27.5
17.625
17.75
14.25
15.625
18.5
13.625
26.875
29.5
4.5
4.125
23.5
20.25
7.625
11.875
23.5
15.875
5.625
21.625
30.25
15.25
2.875
3.625
6.0
-2.375
14.375
34.375
28.5
19.875
14.0
16.25
17.375
17.5
16.5
21.625
26.125
17.25
12.875
12.25
11.125
15.875
16.75
18.0
19.75
14.125
16.0
18.5
19.375
19.375
4.625
7.75
27.875
25.875
3.875
-2.125
20.0
39.5
32.25
16.625
17.0
26.25
25.125
19.625
20.125
27.625
26.875
10.875
13.875
18.875
16.625
21.25
23.875
20.5
18.375
23.375
20.875
19.875
28.625
19.0
4.875
17.25
29.625
25.875
16.75
25.875
36.5
19.75
3.625
-6.75
13.75
39.625
22.25
24.125
34.5
27.125
33.125
36.75
26.875
18.75
23.0
23.0
22.5
30.25
17.625
14.0
12.5
-0.625
21.5
31.25
16.375
19.375
19.625
25.875
25.875
19.125
25.0
28.0
20.0
-3.25
-5.25
21.375
30.375
32.5
30.375
26.875
17.25
-0.375
13.5
18.875
0.75
-3.25
7.25
20.625
23.25
21.625
24.0
21.125
15.125
20.25
25.875
17.5
7.75
5.875
13.125
8.5
-4.25
-2.75
-2.75
0.375
-5.625
-3.125
15.125
8.625
7.375
6.75
5.75
8.75
6.25
14.125
10.25
-0.375
1.375
-1.375
-6.875
-3.125
-1.0
2.875
7.25
5.75
4.375
2.625
8.375
11.25
5.875
-1.125
-4.5
5.25
3.125
-6.625
-2.0
-2.875
-4.125
9.875
3.125
-7.0
3.0
7.75
2.625
-5.5
1.875
9.0
6.25
13.75
17.625
12.875
7.25
3.625
5.0
-8.625
-12.125
8.375
16.0
7.125
-3.75
-8.625
7.125
20.875
7.625
4.25
11.75
15.5
17.875
8.625
8.75
17.25
6.625
4.375
14.25
19.375
23.75
4.5
-5.0
13.75
19.625
17.375
19.375
20.875
15.625
7.625
0.5
-1.625
18.25
24.625
-0.125
-1.75
11.25
-5.5
-21.375
-18.75
-12.375
2.75
15.375
7.0
-8.625
-8.75
-2.5
-6.5
-3.0
-3.75
-12.5
-3.75
-0.375
-1.875
-6.25
-11.375
-12.375
-18.125
-23.875
-31.625
-29.0
-27.25
-39.25
-44.125
-49.25
-41.75
-42.125
-56.25
-61.125
-54.625
-40.625
-57.5
-61.875
-43.75
-50.625
-59.625
-60.75
-65.875
-68.75
-70.625
-80.875
-87.125
-84.75
-84.875
-81.5
-83.5
-91.5
-90.75
-88.0
-90.375
-100.25
-102.75
-105.125
-115.625
-113.125
-126.25
-136.375
-107.625
-107.0
-127.5
-131.625
-135.875
-134.875
-136.25
-142.5
-128.5
-133.125
-154.625
-143.75
-131.625
-139.875
-149.875
-147.75
-152.75
-152.375
-141.875
-141.75
-152.0
-158.75
-152.0
-159.125
-171.125
-175.0
-167.75
-158.375
-159.375
-155.875
-153.375
-159.375
-158.0
-152.375
-157.125
-151.5
-158.5
-172.625
-169.125
-175.625
-174.375
-167.875
-165.0
-159.75
-167.5
-183.125
-184.625
-171.5
-176.875
-181.0
-173.5
-171.25
-166.875
-166.5
-172.75
-168.375
-163.0
-169.625
-163.625
-157.875
-168.5
-170.5
-162.75
-162.875
-161.875
-164.25
-171.5
-175.5
-174.75
-175.25
-182.5
-170.375
-157.625
-170.125
-167.75
-150.5
-159.625
-171.0
-167.125
-159.25
-151.125
-148.125
-151.125
-164.375
-155.125
-150.125
-159.75
-159.25
-168.875
-158.875
-145.75
-162.5
-165.5
-152.0
-155.375
-164.125
-167.0
-180.0
-181.25
-158.25
-159.375
-171.75
-178.75
-175.25
-164.125
-157.5
-153.625
-155.625
-157.0
-166.75
-169.25
-161.875
-156.25
-155.25
-155.5
-157.875
-163.125
-156.875
-157.375
-168.25
-166.375
-158.625
-161.375
-160.5
-160.125
-173.0
-172.75
-157.625
-146.625
-146.875
-153.0
-155.25
-158.125
-157.25
-154.375
-151.875
-152.75
-157.125
-165.625
-171.375
-152.5
-152.375
-170.75
-168.375
-157.0
-144.75
-151.125
-160.625
-154.125
-154.625
-160.5
-159.75
-165.75
-164.75
-153.875
-161.125
-166.5
-157.5
-150.125
-149.125
-155.125
-154.125
-150.75
-147.5
-143.375
-147.0
-151.375
-148.625
-144.75
-152.5
-163.75
-143.625
-125.625
-146.25
-156.875
-151.0
-151.875
-156.125
-154.25
-157.75
-164.125
-156.75
-151.875
-144.75
-135.5
-137.625
-140.0
-136.875
-139.25
-140.375
-136.375
-132.0
-144.5
-153.875
-132.375
-123.25
-136.0
-141.5
-137.0
-136.75
-139.0
-143.0
-147.125
-145.375
-143.5
-140.875
-140.25
-139.75
-133.375
-125.5
-127.75
-137.75
-134.875
-129.625
-138.875
-146.375
-139.875
-153.25
-161.5
-148.875
-163.5
-164.0
-145.375
-152.5
-147.875
-124.5
-119.875
-118.375
-113.25
-114.375
-114.75
-111.375
-101.25
-101.0
-107.0
-102.75
-98.25
-89.5
-80.75
-88.25
-90.5
-82.875
-59.875
-37.625
-53.125
-61.625
-41.0
-37.875
-43.125
-26.75
-13.75
-20.0
-21.125
-13.375
-20.875
-15.625
-1.75
-11.375
-14.5
-3.375
0.25
-10.25
-3.875
6.0
18.25
27.75
-3.125
2.0
25.875
25.375
24.75
11.25
15.5
22.75
12.25
8.25
12.75
13.5
9.375
2.75
-0.25
4.375
2.25
1.5
5.875
2.25
-3.125
2.0
13.625
17.25
19.125
16.5
-9.25
-15.0
12.375
20.125
8.625
2.875
-4.5
-8.125
11.25
24.375
16.5
6.625
6.125
17.5
22.125
15.625
12.125
13.875
17.875
23.875
21.5
5.5
8.375
9.375
-6.75
13.0
24.0
10.125
13.0
26.5
24.125
14.375
23.0
27.25
28.0
35.375
27.375
18.25
20.125
17.375
16.0
16.5
15.0
20.375
22.875
20.75
27.75
23.75
18.125
26.375
23.0
19.625
40.875
37.25
19.5
35.5
35.125
20.25
28.125
30.125
26.75
32.0
27.875
24.25
29.375
35.375
29.375
22.5
30.125
37.0
35.375
23.625
22.125
30.25
31.375
18.625
11.875
34.25
37.875
31.75
33.875
21.0
20.75
33.0
37.125
30.625
22.625
19.625
27.5
32.75
22.25
12.875
14.125
25.75
26.375
19.5
22.25
17.25
12.625
11.75
8.375
11.375
16.125
19.125
17.875
13.0
11.5
8.5
9.0
14.5
16.125
14.875
11.5
11.75
8.75
10.0
14.125
9.375
3.625
8.875
16.625
9.25
-4.5
-7.875
-5.5
3.625
24.625
29.625
14.75
20.25
32.25
17.375
17.125
26.625
17.25
14.375
15.875
11.5
9.0
7.75
12.25
9.75
-0.5
6.875
15.625
10.375
7.125
5.25
11.5
23.875
20.125
13.375
18.625
14.5
4.5
5.0
4.375
2.125
14.0
28.875
26.0
22.875
14.125
9.0
16.125
15.5
14.5
14.0
16.0
15.25
2.625
5.75
21.375
13.5
1.5
-8.75
-15.875
-9.375
-3.5
17.375
33.125
24.0
30.5
42.875
33.5
26.25
25.875
27.625
36.5
39.375
30.75
31.875
45.5
47.25
34.75
27.875
37.875
40.25
41.375
37.125
4.125
8.625
51.0
51.0
26.25
21.625
25.75
31.25
41.625
36.875
30.875
31.5
21.0
18.625
23.0
24.75
26.5
22.875
24.875
30.625
27.625
22.875
8.625
-7.25
10.875
36.25
24.25
17.0
22.0
9.625
13.875
21.625
19.75
22.875
15.75
12.5
20.125
16.125
9.25
4.125
1.25
15.375
18.375
4.625
11.125
20.875
17.0
19.875
23.5
17.5
6.0
-2.625
-1.0
5.875
4.125
4.0
14.5
16.375
10.125
20.5
19.375
-2.25
0.25
5.375
10.75
26.75
21.875
7.125
7.125
17.125
17.75
11.5
7.5
6.375
3.25
4.375
9.75
10.5
19.5
24.25
21.75
17.625
16.0
20.25
24.125
20.625
13.875
15.0
16.0
16.375
14.5
16.5
13.5
4.375
7.875
15.25
18.75
15.125
10.5
15.0
19.125
9.0
4.125
28.375
29.625
18.625
29.0
22.0
13.0
16.125
17.5
16.625
17.0
16.125
13.125
12.125
12.875
17.125
14.625
12.125
26.75
32.375
29.375
29.625
14.0
12.875
9.875
5.0
22.25
12.5
3.875
3.875
0.0
14.875
24.0
21.25
23.0
18.625
7.75
10.5
16.125
11.875
11.0
8.875
8.375
5.75
2.75
7.0
-7.625
-10.25
9.125
4.0
-1.375
6.0
11.375
11.125
8.25
14.25
23.125
14.0
-2.375
9.5
15.375
6.625
15.0
7.625
-10.625
-4.125
7.375
6.0
1.625
6.625
12.125
0.0
-2.625
14.125
21.625
22.5
12.75
6.875
12.125
6.625
-2.875
-22.0
-14.375
16.5
0.25
-10.625
3.875
2.625
-4.25
-5.0
0.875
5.875
10.75
11.875
9.25
9.375
6.125
6.125
10.75
8.5
17.75
23.25
20.0
16.0
12.625
14.0
28.25
42.625
33.875
28.75
30.375
35.375
37.875
26.5
26.625
33.375
37.375
42.25
34.0
29.625
38.0
41.25
38.875
38.5
38.5
38.125
12.75
-4.25
29.625
37.625
26.125
34.875
27.875
19.25
20.625
19.0
16.5
14.625
15.25
10.125
5.0
13.125
21.75
22.5
22.375
23.25
22.375
18.625
9.125
9.375
17.125
16.625
1.25
-10.875
-0.75
17.875
19.0
2.75
2.375
5.375
3.375
14.625
14.875
7.5
15.0
12.0
8.0
10.5
-1.75
-0.25
9.25
2.25
4.0
-3.875
-19.375
-0.25
5.625
-14.0
-13.5
-7.0
-8.5
-7.75
-4.375
-4.875
-4.0
0.375
-5.875
-22.25
-32.625
-21.125
-5.0
-4.0
-4.75
-9.0
-16.75
-17.25
-20.625
-21.125
-20.0
-27.75
-22.25
-16.5
-26.875
-24.0
-12.75
-11.875
-18.25
-21.375
-14.875
-11.875
-13.375
-22.625
-13.75
10.0
-5.375
-22.125
-4.25
0.0
-19.75
-23.5
-1.5
6.625
-1.375
1.0
6.125
6.75
6.0
1.875
3.0
3.0
-0.375
10.125
8.125
-3.0
0.125
5.375
-1.375
-7.75
11.875
11.125
-1.75
10.5
8.25
-2.875
-7.125
-8.375
-12.0
-17.25
-5.875
-1.75
-19.875
-21.625
-10.375
-13.75
-22.0
-23.375
-11.625
-4.75
-10.25
-13.125
-16.5
-22.375
-18.75
-10.625
-15.5
-15.125
-8.625
-10.25
-6.125
-3.625
-12.25
-20.25
-24.75
-25.25
-20.125
-20.125
-24.625
-21.75
-9.25
-3.125
-18.0
-29.625
-13.5
-13.0
-23.5
-12.25
-5.875
-14.625
-19.0
-10.375
-7.0
-13.125
-13.0
-15.5
-26.75
-24.5
-20.125
-26.0
-14.25
-23.875
-45.5
-29.0
-16.5
-22.25
-33.5
-33.0
-30.875
-32.375
-25.875
-28.375
-24.625
-25.375
-31.5
-25.0
-35.125
-45.0
-31.625
-35.375
-37.375
-25.625
-25.75
-25.625
-25.875
-30.0
-29.75
-36.625
-44.25
-24.875
-9.5
-27.25
-45.5
-36.375
-32.0
-41.0
-43.5
-50.375
-50.125
-33.0
-21.75
-28.125
-32.0
-30.375
-37.0
-41.25
-37.375
-32.125
-33.875
-35.375
-28.875
-29.0
-30.875
-33.0
-36.75
-24.0
-27.25
-45.625
-44.5
-46.375
-45.5
-24.25
-19.75
-30.375
-30.625
-37.0
-45.375
-38.875
-35.125
-40.0
-33.0
-30.375
-31.875
-29.625
-32.75
-29.375
-29.875
-32.25
-31.875
-32.0
-28.375
-30.0
-29.25
-40.125
-45.5
-21.375
-16.5
-26.375
-31.375
-33.125
-25.75
-25.5
-32.125
-33.875
-33.375
-31.625
-29.5
-21.125
-25.5
-31.25
-23.75
-25.0
-29.125
-30.875
-27.5
-23.0
-30.375
-42.5
-37.375
-27.875
-30.375
-23.625
-16.75
-21.0
-19.125
-20.125
-23.625
-20.125
-24.375
-23.875
-17.875
-29.125
-36.0
-23.75
-12.875
-17.625
-14.0
3.625
-6.125
-24.75
-18.375
-5.25
-14.0
-30.625
-27.75
-22.75
-30.75
-44.375
-42.375
-23.75
-13.875
-11.375
-22.5
-42.125
-48.875
-42.125
-24.25
-7.125
-6.5
-13.625
-16.875
-11.75
-6.375
-11.25
-16.75
-17.0
-19.375
-25.875
-16.625
-6.25
-11.0
-31.375
-41.875
-10.625
9.75
-7.375
-8.5
-1.25
-7.25
-8.125
-7.0
-6.375
-9.25
-19.125
-18.625
-12.875
-10.375
-10.0
-20.125
-29.625
-26.75
-16.0
-4.5
6.375
4.25
-9.375
-9.625
-12.875
-13.875
-2.5
-1.75
1.875
4.75
-1.75
-5.375
0.75
8.75
3.75
-10.125
-18.625
-16.5
-8.125
-10.75
-10.25
-4.875
-10.75
-5.875
7.0
-0.875
1.5
6.25
-10.875
-8.0
6.0
6.375
-6.875
-4.75
16.75
12.875
5.125
5.75
4.375
17.375
27.625
28.75
20.0
14.875
24.75
27.125
20.5
15.75
20.875
22.25
17.25
9.125
3.25
5.25
13.5
28.875
31.875
33.0
35.375
25.5
20.0
15.125
16.625
30.875
33.625
28.0
29.25
27.0
21.625
12.25
2.875
18.625
25.25
21.625
22.625
1.0
-3.75
17.5
17.625
10.0
5.25
-4.375
4.125
21.25
26.0
24.0
18.0
12.75
15.375
22.25
13.875
8.875
28.625
29.375
12.125
1.5
9.0
24.625
13.625
0.375
7.75
4.5
2.5
8.75
21.25
35.0
15.875
4.5
9.0
15.5
25.875
25.875
22.125
17.25
19.875
23.875
17.375
4.25
-6.75
-7.125
-5.5
-0.75
16.25
25.625
18.875
16.5
12.625
3.875
6.625
14.625
14.125
3.0
-4.875
2.375
9.5
-13.375
-14.5
13.5
16.5
15.25
9.75
3.75
9.0
15.5
25.375
29.75
20.375
8.5
1.0
1.5
6.625
4.625
3.75
11.625
2.25
0.875
14.5
17.0
14.0
7.375
0.0
2.25
10.0
-0.625
-3.625
17.5
26.375
23.625
13.375
-14.375
1.875
42.375
22.125
0.0
16.875
30.625
33.375
32.625
20.375
7.75
19.25
24.375
12.0
8.75
15.375
25.5
22.75
22.375
21.75
17.0
21.875
13.875
7.75
12.5
13.75
18.0
18.75
15.75
15.375
19.625
16.0
14.25
25.125
24.25
19.25
12.0
4.625
13.75
23.5
15.0
0.875
2.875
22.375
35.375
13.75
-2.125
20.125
22.375
18.125
28.875
21.625
18.375
23.125
17.125
15.25
19.625
11.0
1.25
2.625
-2.5
-3.25
7.125
14.0
5.75
-2.125
10.125
18.625
20.0
13.25
11.25
18.625
9.625
1.75
2.75
5.375
4.0
-9.0
-7.625
14.5
16.125
18.5
15.0
-3.75
0.25
-4.625
-1.125
26.125
29.75
14.25
14.625
24.0
12.875
5.125
5.0
0.5
0.25
6.625
7.625
6.125
11.25
11.5
4.625
-5.875
-2.0
6.625
-10.625
-10.25
4.5
1.375
14.0
19.375
9.75
6.5
6.125
13.125
17.125
16.0
17.875
3.625
-1.25
6.625
-7.625
-12.5
1.625
9.625
5.625
8.25
3.75
-8.125
8.375
16.25
9.125
7.125
8.875
9.0
3.5
6.375
8.75
7.375
14.375
14.125
5.25
4.75
9.125
2.5
-3.625
-0.375
-1.0
-0.875
12.25
18.75
5.875
-6.125
-11.25
-10.5
-0.75
6.25
2.625
1.375
11.5
22.5
20.5
12.25
19.25
22.625
3.0
-2.375
3.375
5.0
11.875
7.625
-2.5
2.625
4.375
-4.5
-10.625
-11.625
1.5
13.0
6.5
4.125
6.625
7.0
8.75
0.75
-6.5
2.0
12.625
16.625
10.375
10.375
23.625
14.5
10.75
10.25
-2.375
10.75
18.75
7.125
-8.625
-9.125
8.25
6.375
-1.25
1.875
7.625
13.375
6.375
-21.25
-22.375
28.75
42.75
10.25
-3.25
10.25
8.625
-4.625
9.0
11.25
5.75
5.375
3.875
22.25
24.875
7.5
6.25
4.0
0.625
3.25
-6.25
-4.375
15.125
19.125
19.75
22.125
17.25
17.0
13.0
7.5
10.625
15.125
21.0
21.875
12.125
9.875
12.0
7.875
12.125
11.375
12.5
13.0
5.125
10.75
16.25
12.25
5.875
5.5
1.75
-5.25
-6.5
-9.25
1.5
28.875
38.375
34.125
29.25
23.125
14.875
9.125
6.875
8.75
19.25
22.25
25.5
29.25
16.25
7.25
13.0
25.125
27.375
11.25
13.25
24.125
15.75
5.0
15.5
38.0
31.0
6.875
-1.625
7.375
11.75
8.625
22.25
40.25
50.375
43.5
32.125
35.75
35.5
31.375
27.375
21.375
12.125
7.5
22.0
13.875
5.625
22.5
25.625
24.25
32.75
42.0
47.875
39.0
13.0
2.625
9.25
8.75
10.375
19.25
18.0
15.5
31.125
31.5
11.875
12.375
18.5
23.25
32.625
28.25
23.75
28.625
38.25
38.75
15.625
10.875
25.375
29.875
24.25
20.625
25.625
17.875
13.875
13.25
16.125
13.625
-7.5
-3.125
12.0
9.625
8.375
9.25
14.0
23.875
19.25
12.0
28.0
31.5
20.25
20.5
7.125
6.0
28.375
21.5
12.125
24.875
20.0
15.375
9.0
-3.5
5.625
13.875
15.75
18.75
19.625
21.375
28.375
29.75
15.0
13.125
21.875
20.125
22.625
20.625
13.125
23.25
31.5
20.25
8.875
16.875
26.25
16.25
15.25
26.75
22.5
12.75
21.125
26.25
21.625
25.0
30.125
32.25
26.875
22.125
10.75
7.25
20.625
27.5
6.875
-6.75
19.75
30.25
25.125
21.375
9.625
9.0
18.5
24.25
29.125
27.25
23.125
25.625
20.5
16.125
24.0
11.5
-3.875
13.875
25.75
20.375
21.375
21.125
9.0
-1.5
-2.25
3.75
19.375
29.625
30.875
23.125
-5.25
-6.375
14.875
14.0
23.875
34.625
29.25
17.125
5.75
5.0
5.25
11.125
9.625
1.125
6.0
19.25
27.5
7.75
4.25
20.875
9.5
10.25
24.0
22.125
14.5
20.75
22.25
8.625
4.75
2.75
3.25
10.0
5.75
5.0
14.375
7.5
5.375
18.375
21.0
11.25
-9.875
-0.75
23.625
11.125
8.625
16.25
10.5
8.375
0.0
-12.375
0.125
14.0
7.5
17.875
23.25
1.125
1.625
24.0
17.75
-7.625
1.375
7.875
-2.0
17.125
31.0
23.875
16.875
17.125
30.875
37.75
25.875
14.75
19.5
24.625
25.0
29.125
27.375
16.0
14.75
20.75
27.875
32.375
19.125
24.625
36.875
35.25
30.375
20.25
15.75
30.125
30.25
15.125
20.875
22.0
27.875
38.375
37.875
35.375
27.75
25.5
8.375
-12.75
20.25
41.75
23.625
21.0
17.5
16.0
15.0
5.25
16.25
21.625
18.625
29.625
23.5
26.25
35.5
34.0
33.375
20.5
29.0
51.5
41.125
31.75
42.25
35.125
19.125
24.25
23.875
17.0
16.125
20.75
34.125
41.5
45.875
51.75
47.125
36.0
23.375
18.25
32.5
53.75
41.875
17.625
30.75
35.5
32.0
34.875
25.875
20.375
27.75
37.75
21.375
14.125
26.625
25.75
27.625
26.375
14.375
3.5
2.125
6.5
11.0
19.5
11.5
-3.0
6.75
21.375
25.875
23.0
13.5
10.625
19.0
23.25
15.5
2.75
-10.25
-4.25
9.875
12.75
10.875
0.625
0.875
19.5
30.25
24.875
7.625
1.375
24.0
22.875
10.875
22.25
28.5
27.875
23.75
16.875
13.25
21.25
19.0
8.875
12.125
13.375
14.875
18.125
14.875
4.875
2.75
19.875
21.75
29.875
38.125
24.125
31.25
24.875
14.5
23.5
16.0
4.75
13.0
21.875
5.875
4.5
25.25
22.625
14.25
11.75
6.875
15.25
27.75
34.75
22.5
14.5
25.875
27.0
25.25
15.25
9.625
14.625
8.875
-0.75
-3.5
-4.25
-2.375
7.625
26.5
28.625
23.75
18.0
5.625
19.25
30.875
21.0
17.875
23.125
18.5
9.0
8.25
10.0
13.75
11.25
11.375
8.5
7.375
27.625
39.375
22.375
-0.625
12.75
25.875
13.375
12.75
20.125
20.75
22.5
20.25
13.75
16.25
15.375
15.5
19.625
24.625
24.5
24.375
31.75
21.75
13.375
23.5
32.625
35.25
21.375
13.0
25.875
31.5
22.875
26.0
32.75
26.0
23.75
23.625
26.0
34.5
42.5
46.25
40.25
36.0
29.625
31.125
45.75
43.375
27.5
16.75
20.875
33.25
30.625
7.375
13.375
42.0
39.125
19.5
22.875
35.125
33.625
28.625
24.375
25.875
25.75
33.25
36.25
27.625
27.875
32.125
30.75
27.875
37.875
46.125
28.875
9.5
22.75
43.25
51.375
44.375
32.375
23.75
27.375
39.375
40.0
38.25
30.5
23.25
31.875
39.125
35.5
36.5
34.875
26.125
14.5
18.375
37.5
50.625
40.375
22.625
39.5
47.625
32.25
26.0
28.625
33.875
27.375
22.5
24.875
23.75
23.625
24.375
21.75
17.0
23.125
20.125
7.625
17.5
14.75
11.125
26.625
24.375
21.375
25.625
35.375
34.375
22.625
25.625
29.625
30.75
34.375
32.0
22.125
24.0
35.875
42.375
30.125
13.25
18.25
31.125
28.375
25.125
29.25
30.0
25.875
17.5
19.5
25.875
30.75
33.375
26.375
21.75
29.875
35.25
31.0
19.5
16.625
26.375
27.375
26.125
31.5
32.375
22.375
15.75
25.625
32.625
16.875
1.75
17.25
28.625
15.0
6.25
29.125
50.125
42.125
27.5
12.625
13.625
23.375
28.875
31.5
28.125
21.875
22.625
28.75
29.0
26.125
19.0
16.0
26.0
27.125
21.375
14.875
0.625
2.75
8.375
8.375
28.125
31.875
26.75
37.75
36.625
27.375
22.25
24.0
27.5
28.25
31.125
28.875
23.625
27.375
25.375
11.875
17.25
29.5
27.0
35.125
42.75
21.625
-6.75
9.75
15.25
10.375
25.0
15.125
11.875
15.25
13.25
8.0
12.5
20.75
21.5
24.875
23.5
22.875
23.125
22.625
27.375
25.375
22.125
19.0
7.875
12.125
25.625
17.5
12.25
0.25
-2.125
27.875
38.375
30.25
21.75
23.125
19.75
16.375
24.625
32.25
31.75
24.625
28.625
36.25
30.125
26.75
33.75
19.875
8.5
30.0
38.375
22.75
23.375
27.25
27.75
25.125
15.75
17.0
19.625
23.5
26.25
21.0
19.75
25.5
30.625
26.875
16.75
17.25
25.0
21.25
19.5
24.375
23.25
14.125
16.0
30.875
24.0
15.25
28.375
43.25
35.75
36.125
25.375
4.375
21.125
30.125
29.125
34.375
33.875
30.125
32.5
37.625
34.25
33.5
34.125
22.25
13.875
19.375
27.125
21.375
11.125
22.25
37.375
37.0
29.5
21.625
21.875
20.25
-3.125
7.75
35.5
16.875
16.375
34.5
28.875
24.5
37.5
44.0
35.75
26.875
28.375
33.125
30.0
23.0
22.0
24.75
30.25
34.625
25.5
16.875
19.375
17.125
11.5
15.625
14.875
18.25
25.5
13.5
17.0
27.125
16.125
20.25
23.25
12.0
12.0
11.25
10.5
17.375
12.125
3.125
7.375
9.75
4.5
11.5
18.625
8.5
5.75
15.125
14.625
9.75
17.125
1.75
-11.75
7.25
16.25
14.0
10.75
9.625
12.375
8.5
10.375
15.75
-1.0
5.25
28.25
24.25
20.0
17.625
15.375
19.25
21.875
20.25
17.625
20.75
19.5
12.875
12.0
10.5
6.25
2.625
1.25
8.5
17.125
12.0
-0.625
2.75
-1.75
1.875
20.25
10.875
14.375
27.625
32.625
33.75
27.625
22.25
20.625
22.375
23.375
25.875
25.0
21.875
21.625
22.0
22.75
26.5
28.875
29.875
25.5
17.875
19.5
23.0
16.125
6.25
-2.625
-7.125
4.5
20.0
16.75
12.875
25.75
25.5
18.25
12.875
17.5
32.875
26.25
17.75
20.75
15.75
7.0
8.0
20.625
29.25
30.625
29.5
27.75
35.75
38.5
24.125
25.125
29.25
15.75
22.5
31.75
20.375
21.25
34.625
42.0
36.0
25.875
23.375
20.0
15.25
17.5
22.5
26.875
31.625
29.125
27.75
30.5
29.25
19.375
13.375
19.75
2.875
-22.0
21.25
66.875
44.5
27.875
34.5
35.125
28.875
24.75
31.25
28.75
23.875
25.0
17.0
15.0
21.25
29.0
32.25
23.625
11.0
6.5
20.0
29.375
0.875
-8.625
21.0
26.375
20.625
26.125
28.125
24.625
19.75
11.5
11.875
25.625
24.25
14.625
16.125
19.375
21.875
20.0
20.125
24.25
18.25
10.25
10.5
5.75
-1.375
0.625
9.0
9.375
15.125
30.875
17.875
2.25
5.625
5.5
4.625
3.875
3.625
13.625
15.25
2.875
1.875
4.0
-4.125
-8.0
-9.0
-11.375
-7.25
-4.75
-10.75
-22.375
-22.25
0.75
13.625
7.5
3.75
-14.75
-24.5
-2.125
-0.875
-13.625
-10.125
-3.875
-0.875
-3.625
-4.125
1.25
-1.25
-10.25
-8.25
-6.0
-10.875
-6.375
-9.375
-14.875
-9.0
-4.625
-9.0
-18.75
-24.625
-14.125
10.875
-2.75
-17.625
-3.125
-3.5
-14.125
-6.375
9.375
6.875
5.625
8.375
2.125
-0.75
-3.125
-9.375
-5.75
-8.25
-6.875
5.625
0.875
-12.125
-4.125
9.125
-1.75
2.0
18.875
16.625
8.125
8.125
14.375
9.0
4.375
6.375
2.875
-6.5
-8.25
-2.25
-4.125
-0.375
1.25
-26.0
-40.25
-21.5
5.375
25.875
22.625
15.125
11.125
-2.125
7.0
26.0
16.25
6.625
10.0
14.625
15.875
12.0
7.875
11.75
18.625
19.0
16.625
17.0
17.125
10.0
6.625
3.75
-23.375
-30.875
0.25
13.625
17.125
35.25
38.25
27.75
30.0
29.5
22.375
18.75
19.875
20.25
18.25
18.25
17.75
13.75
4.625
8.25
11.875
-12.375
-18.0
-24.375
-24.375
30.875
41.25
18.5
21.5
17.125
11.875
17.125
27.0
21.625
4.625
-3.5
5.25
12.625
13.75
16.375
14.875
14.0
16.125
11.125
-1.875
-2.75
4.5
-0.5
-8.625
-0.25
-1.75
-9.875
-5.375
-3.375
9.75
20.5
17.625
9.25
6.25
11.875
11.0
16.75
19.25
11.875
9.5
6.375
-0.375
-10.5
-10.375
-4.625
-7.5
-8.625
-8.125
-4.75
-4.125
-0.125
5.25
-3.375
-7.75
-9.875
-26.125
-14.125
7.25
-11.125
-7.5
9.25
-1.5
-12.0
-17.0
-12.125
0.25
-1.375
-6.375
-0.5
-4.75
4.875
18.375
7.625
3.625
4.0
2.0
-8.75
-16.0
-6.25
5.125
11.75
9.625
2.75
-5.375
-9.75
-0.75
4.0
-4.625
2.625
7.75
-3.125
3.125
1.5
-11.0
-5.5
4.625
4.0
7.75
2.125
-12.25
-11.625
-2.375
4.75
-7.875
-7.375
7.0
5.5
5.125
6.625
8.625
10.375
1.5
-2.25
-2.0
-2.25
2.5
6.0
11.0
14.0
6.625
1.625
5.625
9.375
1.25
1.125
11.625
3.625
-1.0
-4.25
-17.125
-11.0
-8.125
-21.5
-5.125
15.125
2.875
-11.25
-9.0
0.125
5.875
18.125
22.875
18.0
21.875
21.125
15.75
16.0
12.125
4.375
0.25
-1.75
-1.125
5.0
8.0
2.625
-4.75
-12.0
-11.625
-18.125
-16.875
16.0
20.125
6.875
7.5
3.125
7.625
6.375
-4.125
-2.25
1.625
0.125
-0.875
-0.625
2.0
6.875
7.875
5.375
3.125
1.75
-3.625
-10.875
-21.625
-19.375
-3.75
-4.125
3.375
16.875
8.375
0.25
10.375
9.25
-3.5
-6.625
-2.25
5.125
3.875
-0.75
-2.375
-3.0
-5.375
-10.625
-9.625
-9.0
-10.5
-3.0
-0.25
0.0
4.875
7.0
6.25
7.75
16.375
19.625
9.125
1.0
3.0
6.625
6.5
4.75
-2.25
-7.25
1.25
11.0
13.0
10.5
9.125
0.875
1.125
10.5
12.375
7.125
-15.125
-19.625
-1.75
7.875
10.5
8.75
6.375
8.375
5.0
-13.375
-12.875
16.75
14.875
4.25
16.5
11.75
5.375
10.25
1.25
-7.5
1.375
8.375
6.875
8.75
14.75
11.5
0.375
-0.5
9.0
15.5
10.875
5.375
5.0
6.5
13.5
12.625
3.625
14.0
18.75
0.875
3.375
11.25
5.75
0.875
5.625
8.75
-5.75
-11.875
-1.5
8.875
6.125
2.125
7.5
3.875
-8.5
-10.25
-6.75
4.375
15.125
12.25
4.0
-0.625
4.25
8.0
11.125
10.875
5.5
0.75
-5.875
2.5
13.375
1.625
5.5
7.125
2.75
12.0
12.375
-6.75
-20.25
3.5
25.25
27.125
19.875
17.375
19.875
14.375
10.5
10.0
11.375
16.75
19.25
11.0
0.125
0.75
12.625
15.375
12.875
8.5
-5.5
-1.125
8.625
1.75
11.375
14.625
15.875
25.75
14.125
6.75
9.5
16.125
21.875
16.375
14.0
16.125
17.0
20.5
16.375
9.5
7.5
6.25
10.625
11.875
4.75
1.125
2.0
8.5
15.75
17.0
8.375
6.0
17.75
19.625
15.625
13.625
8.25
5.875
16.0
23.125
16.0
9.125
9.0
14.0
12.625
-6.125
-2.125
19.375
23.125
18.75
8.375
12.125
29.25
23.375
7.375
15.875
22.625
17.75
19.5
20.625
17.75
14.625
2.125
0.0
13.25
1.25
-2.5
9.375
9.125
9.125
13.625
16.0
10.875
11.75
18.375
15.0
14.375
20.125
15.0
11.125
8.75
6.375
12.125
10.75
2.5
-3.375
-2.875
-3.875
-27.625
-19.125
9.125
-0.875
-1.0
12.125
6.0
-3.375
5.25
10.375
3.25
-6.375
-11.0
1.875
14.625
16.75
11.25
6.75
7.375
6.0
4.5
8.5
14.0
13.75
12.875
11.5
-0.625
-8.5
-12.0
-7.5
5.75
-6.25
-2.5
11.375
9.0
16.375
19.25
16.25
11.125
3.0
10.25
16.25
6.0
3.875
10.0
2.125
-4.5
1.625
0.625
0.25
4.625
-0.125
-15.125
-3.0
23.125
4.5
-11.25
6.125
3.625
-0.125
12.5
10.125
7.125
7.125
6.25
6.375
2.0
-3.5
-8.875
-13.0
-10.375
-9.25
-13.25
-12.375
-10.375
-8.125
-6.125
-6.625
-9.375
-11.5
-11.375
-7.75
-6.25
1.625
6.875
0.375
0.75
0.75
-1.25
-4.625
-10.125
-8.75
-4.0
-4.0
-10.0
-12.875
-11.0
-7.375
-12.875
-16.625
-3.625
-3.5
-3.5
-2.125
-6.75
-3.125
-7.375
-7.625
5.0
1.0
-2.75
-2.375
-8.375
-8.25
-4.75
-6.125
-9.125
-1.25
-1.875
-8.125
-4.125
2.0
3.375
0.0
-2.875
-2.5
-5.875
-9.25
-4.0
-8.125
-16.375
-12.375
-0.5
-0.125
-13.625
-8.125
7.125
5.625
0.875
-2.125
-6.0
-8.875
0.25
1.875
-7.5
5.5
17.5
9.25
7.125
6.5
-8.625
-13.875
-16.375
-7.5
0.0
-15.625
-13.125
-7.75
-9.25
-3.25
-3.125
-0.25
11.125
11.875
13.875
21.0
22.625
15.25
11.125
17.875
15.125
9.25
13.875
14.0
12.75
14.25
16.375
19.625
14.125
13.875
15.25
8.125
13.875
31.375
45.125
41.75
40.25
54.375
56.625
57.25
62.25
61.125
64.0
67.875
64.25
65.875
72.75
71.5
64.75
61.875
63.625
66.375
67.5
64.625
49.75
47.0
54.25
41.5
45.375
51.75
44.0
53.75
49.75
33.75
35.25
39.375
40.5
32.25
26.875
31.5
29.25
28.25
28.875
22.0
13.375
8.75
-6.25
-19.125
-3.75
15.375
16.875
4.375
-1.0
6.75
3.5
-4.125
1.25
1.125
-3.875
-0.125
-5.0
-15.0
-19.75
-24.625
-23.0
-22.5
-27.25
-23.375
-11.125
-22.625
-37.25
-26.5
-30.75
-40.375
-25.375
-20.125
-25.5
-13.75
-18.375
-34.0
-30.375
-26.75
-30.125
-31.0
-27.375
-25.875
-31.375
-37.125
-42.375
-41.375
-31.625
-28.625
-35.75
-25.625
-16.125
-24.5
-26.875
-23.625
-25.75
-34.375
-35.75
-36.0
-32.375
-26.75
-30.875
-33.25
-33.125
-31.75
-30.125
-31.0
-37.25
-49.0
-50.875
-31.875
-32.375
-41.625
-25.75
-22.375
-29.625
-26.75
-22.625
-21.25
-28.125
-40.625
-39.25
-23.5
-23.0
-29.375
-22.25
-24.5
-33.0
-28.0
-26.0
-27.625
-25.5
-22.875
-19.875
-31.0
-37.5
-30.5
-21.625
-10.875
-19.875
-34.125
-25.375
-17.875
-31.375
-38.125
-26.375
-18.125
-29.25
-28.5
-12.75
-18.125
-17.75
-15.375
-27.625
-33.25
-27.75
-18.625
-19.5
-28.25
-31.125
-16.5
-26.5
-29.75
-13.375
-30.5
-26.625
-15.25
-25.375
-32.125
-36.75
-25.375
-14.75
-18.0
-17.5
-14.5
-20.75
-24.5
-19.875
-20.0
-15.75
-13.375
-23.75
-29.375
-21.0
-17.625
-26.875
-28.875
-18.125
-21.5
-34.0
-34.75
-20.625
-23.875
-43.375
-41.625
-26.625
-22.5
-43.875
-46.75
-20.75
-20.625
-28.25
-22.625
-24.75
-26.0
-28.75
-33.0
-27.375
-30.375
-36.5
-28.375
-22.5
-31.75
-33.25
-33.375
-40.75
-38.375
-37.375
-36.125
-37.875
-40.125
-30.5
-24.5
-29.25
-36.0
-28.25
-22.0
-29.75
-32.875
-35.0
-29.0
-13.125
-10.25
-16.5
-16.75
-13.125
-22.75
-25.25
-14.75
-17.625
-22.125
-25.125
-30.625
-33.0
-28.0
-25.5
-26.25
-13.625
-20.625
-24.25
-13.0
-14.75
-13.0
-14.75
-15.625
-20.5
-20.375
-13.125
-15.75
-12.875
-10.0
-15.625
-14.375
-12.125
-14.625
-15.875
-15.125
-4.25
-5.375
-28.25
-18.875
4.875
-16.375
-16.375
4.0
-10.625
-18.625
-18.375
-19.25
-17.375
-5.375
-1.375
-19.0
-7.625
4.5
-20.75
-27.875
-9.375
-2.875
3.75
25.25
26.125
7.0
3.25
20.125
33.125
22.125
22.0
30.5
12.375
24.625
46.375
39.0
55.25
78.375
67.625
54.5
68.875
76.25
72.375
83.375
94.375
86.125
81.375
83.0
77.875
72.625
75.875
84.25
82.0
74.625
63.25
63.125
70.875
52.625
35.875
44.0
60.0
72.25
72.125
45.0
40.0
65.0
60.5
49.125
42.125
28.25
35.375
46.125
37.875
35.75
31.625
22.375
19.875
14.5
19.125
11.5
-10.5
0.125
9.625
1.375
15.5
21.375
2.375
9.25
13.5
-2.5
-5.0
-3.0
7.0
9.75
0.25
-8.375
-17.25
-2.625
3.125
-7.125
-13.75
-27.875
-17.75
-8.875
-14.625
-14.5
-17.25
-16.875
-19.75
-33.75
-19.625
-9.0
-31.625
-32.0
-15.875
-25.875
-32.0
-22.0
-27.25
-23.5
-16.0
-15.0
-17.875
-30.875
-19.5
-22.5
-41.125
-13.75
-7.0
-26.125
-33.0
-38.5
-29.125
-26.875
-39.5
-19.75
-6.375
-23.875
-25.75
-26.25
-30.0
-23.875
-19.0
-18.0
-12.625
-14.25
-18.875
-18.25
-22.5
-24.0
-16.75
-13.625
-22.375
-27.375
-15.25
-19.875
-37.375
-16.875
-7.875
-27.75
-25.5
-10.25
-12.375
-22.75
-12.125
-11.375
-32.75
-22.375
-12.5
-24.375
-24.25
-30.125
-36.5
-18.75
-3.5
-15.875
-20.25
-18.625
-21.875
-21.25
-25.125
-23.125
-20.875
-7.625
-7.375
-26.125
-15.75
-11.25
-23.25
-18.75
-8.0
-16.625
-18.5
-12.25
-23.375
-25.75
-15.0
-8.125
-18.375
-8.875
7.5
-7.625
-24.375
-24.5
-20.0
-20.25
-19.375
-12.875
-15.25
-29.625
-23.625
-16.0
-13.625
-15.875
-27.25
-20.625
-24.625
-38.375
-23.375
-10.375
-16.75
-20.625
-15.75
-16.5
-25.625
-16.5
-12.75
-29.75
-26.125
-4.875
-9.75
-17.875
-8.5
-13.5
-14.5
-7.5
-12.875
-13.625
-9.75
-5.75
-13.625
-31.5
-24.75
-14.625
-27.125
-15.5
-1.375
-20.375
-25.375
-11.875
-5.875
-23.0
-33.125
-0.5
11.125
-7.0
-10.875
-11.875
-12.0
-7.75
-8.0
-17.0
-9.25
-7.625
-21.0
-9.875
-16.125
-31.375
-14.875
-9.125
-18.0
-17.5
-17.5
-11.625
-7.75
-17.75
-17.5
-4.5
-0.875
-13.0
-29.375
-17.875
-0.75
-10.75
-11.0
-8.125
-16.125
-16.0
-10.75
-4.625
-3.625
-18.25
-11.125
-0.625
-3.25
-1.375
-1.625
-5.5
-16.125
-12.5
-4.125
-17.25
-24.0
-8.625
-1.375
-12.375
-12.25
-6.75
-8.875
-16.25
-36.875
-26.625
4.75
2.625
-14.875
-12.5
-0.5
-2.375
-11.375
-20.75
-14.75
-8.75
-9.125
-5.25
-6.75
-6.625
-19.125
-14.25
-6.75
-18.625
-9.875
-15.625
-23.125
-8.0
-17.875
-36.375
-24.625
-5.75
-0.75
0.0
-2.875
-10.75
-9.625
0.875
-4.875
-16.375
-1.75
9.125
-22.875
-44.75
-2.75
15.125
-6.5
-1.0
7.125
11.25
11.25
-6.125
-9.0
8.25
10.125
13.5
16.0
-1.375
-1.375
2.125
-1.625
-1.5
-8.25
-7.25
3.0
-11.875
-28.5
-13.625
-9.0
-20.875
-10.25
6.25
0.5
-15.125
-28.125
-17.375
8.125
11.375
1.875
0.875
-4.25
-8.125
-2.125
-4.375
-6.5
0.25
-2.0
-3.125
2.125
-3.0
-9.375
-2.625
-11.125
-18.75
-13.625
-7.875
3.625
2.875
1.625
5.0
3.25
-14.75
-15.0
7.5
4.375
2.75
10.625
-0.125
-11.0
-10.625
-4.625
-1.875
-4.625
-1.25
3.875
-5.125
-16.5
-19.5
-18.125
-0.125
-0.375
-21.625
-13.375
1.25
-6.625
-14.375
-3.375
-14.25
-14.25
22.5
20.5
-3.375
-10.875
-8.625
-1.375
-11.125
-27.375
-8.75
3.875
-11.375
-13.25
-2.625
8.875
4.875
1.375
-4.0
-19.375
-4.625
9.375
0.25
3.375
2.375
-0.625
-0.25
1.875
2.0
0.0
6.75
-4.25
-20.125
-10.125
3.5
-0.375
-4.25
-9.125
-15.875
-10.125
1.0
5.375
6.0
-1.125
-8.25
-8.0
2.5
0.75
-12.25
-3.625
-1.25
0.25
-11.875
-7.5
14.25
-5.25
-13.375
-7.25
-0.875
-3.25
-9.5
6.625
4.5
-14.5
-19.5
-8.0
5.375
1.75
4.375
16.875
11.75
0.75
2.75
2.125
7.125
6.0
1.125
17.875
27.5
25.875
22.625
37.125
53.625
44.875
47.625
59.125
64.125
68.375
76.375
79.25
72.5
87.75
95.625
77.625
81.375
101.625
100.0
79.0
89.875
104.875
100.75
109.625
115.25
106.375
108.5
125.5
117.5
97.5
85.0
95.375
98.375
81.0
96.625
90.25
82.75
97.75
74.5
58.75
72.875
76.75
57.625
56.125
77.75
78.375
63.625
51.125
46.375
48.375
43.625
34.875
41.75
41.625
36.625
44.125
36.875
17.0
10.5
21.125
27.875
19.75
14.75
3.75
-14.375
8.25
21.0
8.0
14.5
2.25
-25.125
-19.875
-6.875
-5.375
0.5
-5.625
-8.625
-12.625
-13.125
-5.0
-17.5
-24.625
-17.75
-23.875
-21.625
-14.875
-17.625
-19.125
-22.25
-25.25
-14.875
-13.125
-32.25
-29.75
-11.625
-13.25
-16.125
-17.125
-23.875
-29.875
-27.125
-22.125
-27.875
-28.0
-33.75
-40.0
-40.125
-46.375
-30.625
-24.75
-36.875
-25.375
-26.625
-32.0
-20.875
-18.25
-23.25
-16.125
-2.625
-17.625
-30.75
-21.625
-26.125
-31.625
-32.75
-39.875
-32.875
-28.875
-43.25
-38.0
-14.375
-29.625
-57.5
-31.5
-9.375
-33.75
-42.125
-28.125
-27.625
-36.25
-43.5
-38.0
-20.125
-14.5
-22.0
-26.75
-29.375
-34.75
-34.625
-24.625
-25.875
-26.0
-25.75
-33.25
-35.625
-38.75
-40.625
-43.5
-45.5
-18.875
-15.125
-29.25
-16.125
-33.5
-40.125
-11.0
-19.625
-38.375
-31.5
-33.25
-42.875
-31.75
-17.875
-28.125
-41.75
-31.375
-19.625
-29.125
-26.0
-21.5
-27.875
-18.25
-17.5
-38.25
-37.5
-26.625
-44.5
-51.75
-28.875
-24.5
-35.25
-32.25
-34.25
-31.375
-28.375
-32.5
-26.625
-25.125
-10.0
-2.875
-17.875
-27.25
-27.75
-19.125
-20.125
-18.25
-15.625
-25.125
-31.25
-37.375
-34.5
-29.0
-35.125
-35.375
-32.625
-39.75
-45.75
-39.25
-30.375
-15.875
-0.625
-10.625
-37.0
-40.75
-22.75
-19.625
-30.0
-31.375
-19.0
-17.375
-16.5
-14.5
-25.875
-36.125
-41.75
-41.0
-29.375
-32.875
-53.75
-47.25
-29.875
-34.625
-39.125
-32.125
-34.75
-40.0
-36.875
-32.75
-34.25
-41.375
-36.875
-32.125
-27.375
-24.75
-22.5
-15.0
-20.375
-24.875
-35.0
-54.875
-46.5
-43.125
-37.5
-27.75
-35.25
-33.875
-41.125
-40.875
-45.375
-58.75
-46.0
-28.125
-30.25
-42.875
-41.125
-37.5
-44.5
-34.625
-24.0
-35.625
-41.125
-34.75
-38.625
-58.75
-63.375
-48.0
-40.625
-32.25
-34.5
-51.5
-50.0
-35.75
-47.125
-71.75
-73.25
-70.0
-57.875
-46.875
-55.625
-52.0
-46.375
-47.0
-41.75
-33.875
-46.5
-61.125
-48.5
-41.375
-46.875
-41.5
-45.25
-54.25
-50.5
-47.875
-37.125
-40.625
-43.75
-35.0
-45.5
-54.625
-43.25
-30.125
-35.5
-52.375
-44.0
-25.625
-35.0
-46.5
-41.875
-45.0
-44.625
-36.5
-43.375
-35.5
-30.625
-46.875
-45.25
-27.5
-29.125
-37.25
-27.625
-19.25
-25.25
-38.25
-39.125
-31.75
-39.25
-47.25
-44.125
-40.75
-27.5
-33.0
-47.875
-33.25
-24.75
-30.375
-38.125
-36.75
-29.375
-37.625
-40.5
-26.625
-25.375
-37.0
-41.875
-40.75
-47.625
-37.875
-16.125
-26.125
-46.875
-45.375
-37.125
-39.5
-33.25
-38.0
-45.625
-34.0
-28.25
-23.5
-27.75
-32.0
-27.0
-28.875
-27.5
-27.125
-28.5
-33.75
-43.5
-40.375
-36.125
-33.75
-36.625
-46.0
-36.125
-24.75
-28.125
-19.75
-21.25
-36.875
-41.375
-38.625
-39.125
-41.875
-27.875
-19.125
-29.625
-38.5
-39.0
-41.875
-47.375
-45.375
-45.0
-44.375
-52.25
-64.0
-31.75
-11.5
-33.625
-22.5
-18.5
-43.375
-44.875
-25.875
-25.5
-27.125
-25.125
-35.0
-37.5
-33.5
-34.125
-34.375
-26.625
-25.0
-26.625
-27.125
-34.25
-36.875
-36.125
-40.875
-42.625
-50.0
-47.875
-42.5
-34.125
-22.75
-20.0
-22.125
-39.0
-32.875
-17.25
-24.375
-29.625
-25.0
-19.375
-21.5
-22.25
-21.5
-23.0
-29.375
-38.0
-31.125
-25.0
-29.5
-28.0
-44.5
-65.75
-40.0
-18.5
-35.375
-37.625
-27.375
-17.125
-14.0
-22.875
-29.75
-20.75
-14.0
-20.75
-22.0
-25.0
-34.5
-41.125
-32.5
-24.375
-25.125
-22.375
-20.25
-27.375
-35.875
-28.0
-26.5
-40.75
-39.0
-15.125
-6.25
-24.625
-29.625
-33.5
-46.5
-48.125
-37.5
-32.875
-36.0
-31.125
-34.5
-36.125
-35.125
-34.75
-28.75
-38.375
-47.625
-43.75
-42.375
-43.0
-49.875
-50.75
-39.0
-37.375
-40.0
-38.625
-35.75
-41.375
-42.625
-34.125
-37.0
-36.625
-33.0
-49.875
-72.625
-63.0
-36.0
-34.875
-32.375
-21.875
-18.75
-22.375
-39.0
-39.0
-38.125
-41.0
-35.125
-41.625
-41.875
-31.375
-34.375
-45.0
-40.125
-39.5
-51.5
-45.875
-35.625
-34.0
-36.375
-44.375
-46.0
-34.625
-35.625
-45.25
-43.875
-41.25
-44.25
-46.375
-41.0
-51.625
-45.25
-27.0
-30.5
-27.875
-32.125
-41.875
-41.0
-33.75
-29.25
-31.875
-37.875
-47.625
-44.0
-27.0
-29.75
-37.75
-29.625
-26.625
-24.5
-24.25
-28.0
-36.375
-50.0
-38.125
-25.375
-32.625
-31.875
-20.5
-30.5
-46.125
-37.875
-41.5
-38.5
-24.875
-31.25
-28.25
-22.25
-26.875
-23.875
-21.25
-25.375
-26.25
-27.0
-40.875
-31.625
-12.5
-20.75
-35.75
-44.5
-33.5
-25.5
-34.25
-33.5
-26.75
-40.5
-49.75
-22.375
-26.0
-48.0
-26.625
-9.375
-10.125
-16.375
-20.75
-21.25
-26.5
-33.625
-43.75
-45.375
-35.625
-35.375
-44.75
-35.5
-19.125
-28.875
-46.875
-35.75
-27.125
-41.0
-46.0
-36.875
-17.75
-14.25
-23.875
-20.875
-16.375
-19.125
-23.875
-33.875
-34.625
-22.25
-21.75
-32.875
-29.375
-25.625
-40.375
-46.875
-40.5
-45.375
-44.75
-36.375
-40.125
-39.0
-40.0
-34.75
-36.5
-39.0
-31.375
-32.875
-38.75
-48.375
-48.125
-42.375
-33.875
-33.875
-39.0
-28.25
-27.625
-35.5
-48.5
-57.125
-41.375
-42.375
-41.0
-37.375
-54.875
-59.5
-51.75
-32.375
-29.25
-42.125
-40.25
-41.625
-36.875
-32.375
-38.0
-38.125
-38.0
-33.0
-27.75
-27.625
-31.25
-38.25
-39.5
-41.75
-42.875
-35.375
-41.125
-50.875
-38.625
-37.875
-47.625
-39.125
-31.375
-33.875
-33.625
-21.0
-18.0
-30.625
-36.0
-37.375
-38.125
-32.375
-27.625
-29.625
-33.25
-30.5
-28.5
-34.25
-38.75
-39.375
-42.75
-46.25
-52.75
-57.625
-33.625
-14.375
-21.0
-26.875
-34.875
-31.375
-23.5
-24.125
-26.25
-37.75
-40.0
-30.0
-26.375
-36.25
-46.375
-47.5
-53.25
-46.625
-23.375
-16.375
-30.375
-34.875
-32.375
-40.125
-37.375
-37.375
-55.5
-34.75
-13.375
-35.125
-30.625
-18.75
-27.375
-26.125
-32.75
-49.625
-32.5
-18.125
-41.75
-46.25
-27.5
-27.25
-37.0
-40.0
-34.875
-22.375
-22.25
-35.625
-29.125
-28.5
-41.125
-29.875
-25.25
-26.0
-21.5
-27.125
-27.0
-17.5
-18.5
-17.25
-8.75
-9.75
-18.0
-20.375
-18.75
-22.375
-22.375
-23.5
-25.125
-17.75
-33.25
-32.125
-7.5
-18.875
-29.875
-27.375
-32.625
-32.5
-39.5
-36.625
-17.125
-22.5
-27.75
-22.625
-22.25
-21.875
-23.0
-17.875
-13.625
-19.75
-21.125
-24.875
-25.125
-21.375
-38.375
-43.625
-14.25
-3.375
-13.375
-10.75
-16.75
-30.75
-26.75
-21.625
-32.0
-35.375
-12.125
-5.375
-23.375
-37.5
-35.875
-13.0
-6.75
-22.625
-26.375
-23.375
-33.375
-36.375
-29.25
-16.875
-12.625
-20.25
-25.75
-21.25
-6.625
-11.75
-25.625
-16.375
-12.125
-16.125
-17.0
-24.875
-21.875
-20.125
-18.625
-18.25
-23.375
-25.375
-31.25
-28.75
-25.375
-25.375
-18.0
-15.75
-13.375
-16.25
-25.5
-16.5
-3.25
-10.75
-25.125
-14.25
-0.875
-4.75
-8.0
-14.25
-17.625
-10.875
-20.0
-27.25
-18.125
-21.25
-13.375
-6.375
-16.75
-14.5
-5.125
-1.25
-3.875
-9.75
-16.375
-5.625
5.625
-6.625
-21.625
-17.875
-2.5
-3.5
-11.0
-15.5
-24.0
-28.375
-25.75
-23.625
-11.5
0.125
-7.375
-4.0
6.375
1.5
-4.625
-9.5
-12.5
-2.875
-2.75
-10.125
-9.5
-14.25
-16.625
-11.375
-13.625
-21.875
-16.25
-3.5
-12.75
-21.0
-15.625
-28.625
-18.875
-18.125
-23.5
8.125
4.25
-14.25
-2.125
3.0
-11.625
-14.25
-9.625
-7.75
-6.125
-9.875
-7.125
-2.5
-4.875
-7.5
-6.875
-7.5
-9.5
-9.625
-12.625
-20.75
-24.125
-20.0
-24.25
-30.75
-31.25
-24.375
-19.125
-22.875
-25.75
-24.25
-21.75
-17.125
-11.625
-16.375
-19.125
-14.0
-16.125
-22.0
-28.875
-23.5
-7.625
-13.5
-27.0
-22.5
-18.5
-14.25
-11.0
-11.875
-7.5
-12.625
-21.375
-15.25
-2.5
-4.25
-9.625
-17.75
-18.125
-4.0
-4.75
-11.25
-14.375
-15.75
-14.0
-8.375
-5.25
-3.75
-1.75
-1.75
3.625
-4.875
-23.75
-24.875
-24.25
-35.125
-24.0
-6.5
-10.125
-15.125
-18.75
-28.375
-22.5
-14.25
-16.875
-23.375
-30.375
-14.375
-10.25
-17.375
-8.375
-9.5
-19.25
-27.5
-17.875
-11.375
-17.25
-9.5
-4.125
-11.25
-19.75
-29.5
-23.25
-9.5
-23.375
-36.125
-15.75
-7.375
-22.75
-17.625
-11.375
-14.375
-12.625
-10.375
-4.5
-6.125
-21.25
-25.5
-1.625
-4.375
-18.375
-3.5
-2.875
-19.375
-15.375
-0.75
-7.375
-10.875
-3.25
3.25
18.25
17.0
4.625
8.875
4.0
-1.375
5.875
9.0
13.625
17.625
7.875
-4.625
-7.875
-16.25
-21.75
-3.75
-6.0
-23.375
-11.125
0.0
-10.125
-11.75
-7.625
-12.625
-15.875
-11.5
-1.625
-8.125
-14.625
-12.875
-16.625
-4.125
3.5
-9.125
-17.625
-15.25
-12.5
-2.75
-3.125
-10.0
-3.5
-2.875
-6.625
-14.25
-15.625
-10.125
-9.0
-7.75
-7.75
-18.25
-26.625
-23.625
-18.125
-2.0
2.375
-13.125
-13.75
-19.875
-21.875
-6.875
-9.0
-9.375
-6.75
-9.375
-13.5
-20.125
-12.625
-12.5
-24.5
-11.375
-5.25
-17.75
-16.125
-7.75
-6.25
-10.375
-19.125
-14.75
-9.625
-14.375
-5.0
-8.875
-27.75
-24.375
-13.125
-15.25
-12.625
-13.0
-17.25
-13.25
-12.125
-13.25
-10.0
-11.625
-15.875
-11.375
-26.75
-45.0
-23.375
9.875
5.5
-25.0
-20.375
-3.75
-6.0
-8.125
-13.75
-16.625
-9.875
-8.125
-19.375
-25.5
-12.75
-6.75
-14.25
-21.625
-23.875
-20.0
-8.875
-0.75
-11.25
-26.25
-12.5
2.375
-12.875
-17.75
-4.125
-1.875
-17.875
-36.125
-24.25
3.5
-8.5
-23.125
-12.625
-6.5
-17.25
-14.75
-1.625
-6.625
-8.375
-4.125
-2.25
-6.125
-4.25
2.0
-2.5
-24.875
-28.5
6.25
6.5
-0.5
4.875
-2.0
-0.125
-10.625
-18.25
-6.25
6.25
2.375
-9.75
-0.25
10.0
1.875
-4.875
-5.625
3.625
4.125
-7.625
-11.5
-13.625
-13.125
-12.875
2.625
11.0
-2.875
-8.875
-2.625
-0.75
-13.125
-14.75
-18.5
-9.375
12.625
10.125
4.375
2.0
-2.75
-5.5
-9.5
-9.625
3.0
7.875
6.375
11.625
8.0
-1.875
8.25
22.25
12.875
6.875
8.5
6.0
7.25
7.5
-1.125
-6.25
0.625
6.125
1.875
-2.0
3.75
-1.375
-10.5
-4.25
-5.625
-14.0
-2.25
8.25
-3.5
-13.5
-13.625
-4.375
4.125
5.5
-1.75
-11.125
-19.875
-19.875
-13.375
-9.5
0.25
-2.625
-8.5
-12.75
-23.625
-24.0
-20.125
-27.25
-28.0
-28.0
-43.75
-42.875
-22.875
-21.875
-43.25
-63.0
-47.25
-26.75
-36.0
-52.5
-56.5
-51.375
-56.75
-68.5
-73.875
-74.25
-77.0
-75.875
-79.25
-81.5
-80.375
-89.0
-99.625
-105.75
-89.125
-74.125
-92.5
-103.5
-104.25
-113.0
-127.125
-134.625
-117.875
-108.375
-113.0
-113.25
-120.125
-126.875
-128.75
-132.625
-132.125
-115.0
-116.375
-135.625
-125.25
-116.5
-121.0
-128.0
-132.5
-139.375
-142.0
-132.0
-140.25
-154.5
-148.375
-132.875
-136.75
-143.875
-136.0
-137.625
-143.875
-134.625
-134.0
-150.625
-151.0
-137.25
-143.625
-153.0
-142.125
-147.5
-158.0
-158.875
-157.75
-153.875
-153.625
-139.75
-134.625
-136.5
-149.875
-155.0
-143.0
-142.0
-143.0
-172.0
-169.5
-145.5
-141.25
-140.875
-147.5
-140.75
-134.75
-137.0
-139.875
-138.0
-144.5
-147.75
-132.625
-138.125
-147.25
-130.875
-138.75
-151.0
-132.375
-124.5
-135.625
-146.0
-140.625
-119.375
-119.0
-142.625
-147.875
-133.875
-132.0
-138.75
-143.0
-140.125
-130.875
-133.375
-140.5
-144.875
-148.375
-138.375
-137.5
-149.625
-139.375
-135.0
-142.75
-135.875
-141.375
-148.75
-146.125
-154.5
-157.875
-153.0
-160.875
-170.25
-156.0
-149.125
-158.0
-160.25
-164.0
-177.5
-193.25
-171.75
-153.625
-167.625
-168.25
-175.625
-173.5
-162.625
-174.875
-166.5
-166.75
-174.75
-156.125
-161.75
-173.625
-164.5
-159.625
-157.75
-164.25
-183.375
-189.875
-169.0
-164.125
-170.5
-160.375
-168.25
-170.0
-167.25
-169.375
-164.75
-181.875
-180.875
-155.5
-151.125
-154.5
-161.25
-166.0
-163.0
-159.75
-167.875
-179.125
-165.25
-148.125
-150.125
-147.5
-146.25
-153.875
-160.0
-162.75
-158.0
-158.125
-161.875
-163.0
-163.625
-154.125
-164.875
-186.625
-164.875
-139.875
-147.5
-164.125
-166.875
-151.25
-141.875
-140.125
-144.0
-148.625
-140.0
-137.75
-138.125
-136.125
-139.625
-149.375
-147.875
-131.875
-141.875
-156.125
-137.625
-130.5
-142.125
-134.625
-133.625
-151.125
-159.75
-147.5
-136.0
-144.5
-150.5
-149.625
-154.25
-149.75
-146.0
-157.5
-162.75
-164.375
-169.25
-164.5
-147.5
-148.375
-150.375
-136.75
-139.875
-146.0
-138.375
-133.0
-139.125
-145.875
-142.0
-132.375
-133.875
-143.125
-143.0
-142.625
-143.75
-132.75
-112.25
-111.0
-130.5
-129.125
-112.625
-124.0
-148.0
-138.5
-121.75
-124.625
-130.125
-116.875
-105.25
-107.625
-99.0
-108.5
-117.375
-104.875
-101.25
-102.75
-103.125
-100.375
-97.5
-91.0
-100.625
-112.0
-109.125
-116.375
-113.375
-104.25
-114.375
-125.0
-116.5
-110.75
-124.625
-127.75
-116.0
-109.75
-101.625
-101.125
-108.625
-102.5
-97.125
-106.0
-102.75
-90.625
-91.0
-92.875
-90.625
-103.375
-127.75
-126.625
-107.0
-96.875
-94.625
-98.875
-101.625
-114.375
-132.375
-117.25
-100.0
-95.625
-88.0
-89.375
-86.25
-81.5
-93.625
-104.625
-107.125
-110.0
-120.375
-116.75
-104.625
-113.125
-118.625
-109.25
-112.125
-112.125
-102.75
-107.625
-108.875
-99.875
-95.875
-112.375
-127.625
-108.0
-84.75
-88.875
-89.625
-96.5
-109.0
-93.0
-91.625
-94.125
-75.375
-76.375
-97.25
-110.625
-101.875
-81.75
-76.375
-90.5
-94.5
-79.375
-69.0
-80.625
-82.75
-66.5
-59.75
-68.625
-79.875
-85.125
-85.5
-78.375
-74.5
-69.5
-68.25
-77.25
-78.25
-70.625
-78.5
-87.75
-80.875
-79.25
-90.0
-90.75
-78.5
-74.125
-75.875
-77.375
-76.375
-80.625
-78.75
-68.625
-74.375
-70.125
-65.0
-73.25
-76.375
-77.375
-76.75
-75.625
-74.125
-73.75
-81.5
-77.125
-65.25
-72.625
-78.75
-80.75
-71.75
-58.25
-70.625
-82.125
-76.0
-75.0
-79.125
-77.5
-78.375
-86.5
-78.125
-70.375
-81.25
-83.75
-74.25
-68.125
-83.75
-83.5
-70.25
-95.625
-93.875
-63.375
-69.875
-73.125
-59.0
-50.25
-56.875
-76.625
-73.375
-60.75
-59.875
-69.125
-82.875
-72.5
-60.25
-53.75
-48.125
-58.0
-67.0
-61.625
-44.5
-50.625
-64.125
-55.5
-49.875
-55.25
-58.25
-55.125
-54.375
-54.625
-58.0
-61.0
-58.75
-57.125
-55.75
-58.625
-73.875
-68.5
-47.125
-55.0
-63.25
-57.375
-55.625
-59.125
-66.125
-64.0
-61.125
-69.625
-58.125
-44.5
-49.375
-51.0
-55.25
-57.25
-54.875
-56.0
-55.75
-54.875
-53.5
-51.5
-49.875
-46.75
-52.25
-54.0
-49.125
-57.625
-60.25
-49.0
-54.375
-59.5
-53.625
-48.75
-47.25
-55.75
-62.0
-57.0
-50.625
-50.25
-54.75
-62.25
-66.625
-54.875
-38.25
-43.125
-58.375
-69.0
-61.5
-52.5
-59.5
-47.25
-36.5
-53.0
-56.0
-49.375
-51.375
-58.25
-49.125
-48.0
-62.125
-55.625
-45.25
-37.125
-42.75
-54.0
-48.0
-41.875
-44.5
-47.375
-48.125
-47.25
-53.5
-67.5
-67.875
-44.25
-34.0
-53.5
-55.625
-43.375
-42.375
-41.875
-49.25
-55.0
-51.375
-55.0
-66.625
-64.375
-48.5
-50.75
-59.625
-50.375
-47.875
-53.875
-47.375
-63.25
-72.0
-44.625
-46.625
-57.75
-49.875
-51.0
-64.0
-62.875
-57.875
-65.25
-64.5
-65.75
-69.625
-76.375
-89.75
-90.5
-84.5
-75.125
-65.375
-56.75
-48.25
-55.375
-60.375
-55.0
-46.0
-48.375
-51.75
-42.5
-43.0
-45.25
-50.125
-58.25
-44.0
-22.875
-26.5
-40.5
-40.625
-34.125
-36.875
-36.5
-18.75
-10.125
-22.5
-14.875
3.875
-8.0
-14.5
-3.875
3.0
-2.375
-12.625
-9.0
-8.25
-9.25
-5.75
-11.375
-7.375
8.0
13.375
10.0
8.125
17.375
24.5
16.25
10.75
16.25
14.75
12.75
20.125
21.25
10.75
2.625
12.875
16.625
10.875
18.5
19.875
19.875
26.875
16.375
2.125
-0.375
-3.875
6.75
23.0
18.375
7.375
8.625
7.375
-1.75
-6.125
-0.125
6.125
6.125
8.875
-1.625
-19.75
-17.875
-15.375
1.875
6.0
-6.5
4.625
6.0
4.375
-8.625
-17.5
-0.875
3.375
-3.875
-7.0
-18.625
-27.625
-26.75
-33.625
-43.5
-35.25
-20.125
-32.875
-34.75
-14.5
-35.375
-36.375
-8.625
-16.875
-26.875
-24.25
-16.25
-12.375
-14.5
-14.125
-9.5
-14.125
-13.0
-9.125
-31.375
-46.0
-22.25
4.0
-0.625
-12.5
0.125
-0.25
-27.375
-23.5
-6.375
-11.25
-11.0
-1.375
-6.875
-25.25
-24.875
-19.875
-26.625
-31.75
-29.0
-28.0
-41.25
-44.375
-30.25
-23.75
-22.375
-22.5
-27.0
-32.0
-38.375
-38.125
-34.5
-33.25
-25.5
-16.125
-24.125
-34.125
-29.0
-35.125
-46.0
-45.125
-46.375
-37.0
-36.875
-56.625
-42.375
-25.375
-27.75
-18.25
-17.125
-34.625
-55.75
-49.875
-29.375
-29.375
-43.75
-47.5
-33.625
-27.625
-41.5
-50.0
-47.5
-39.375
-31.125
-36.625
-24.375
-13.25
-14.75
-6.125
-9.25
-28.375
-41.75
-32.125
-20.875
-25.875
-29.125
-29.125
-37.875
-30.625
-12.75
-27.125
-50.75
-38.0
-27.25
-26.875
-27.75
-19.625
-5.875
-20.625
-28.875
-22.75
-32.875
-45.125
-42.75
-39.75
-13.25
-0.125
-15.875
-15.25
-22.25
-38.5
-40.625
-34.0
-18.625
5.0
11.0
2.5
-0.5
0.125
-0.5
-14.125
-20.75
-5.25
1.0
-3.25
-14.875
-17.375
2.625
10.25
-0.875
-19.0
-17.25
3.0
10.375
8.125
-4.875
-10.375
3.875
4.0
-15.0
-22.375
-12.125
-0.125
5.625
2.875
4.25
8.75
-1.25
-8.75
4.5
19.5
17.25
13.25
17.875
5.125
-13.125
1.75
5.75
-17.625
-4.25
20.875
14.75
7.25
9.125
2.125
-2.75
10.125
8.0
-0.375
-6.0
-9.125
1.625
7.5
11.875
24.5
41.125
53.0
38.0
20.625
27.875
34.25
32.625
46.125
63.375
58.5
55.875
57.625
54.25
64.375
79.375
80.75
83.125
107.75
121.875
103.25
101.0
130.25
125.625
110.75
119.5
119.625
125.625
135.25
128.875
124.75
127.875
117.375
104.25
107.375
124.75
127.375
105.75
104.0
115.125
120.125
121.375
97.625
79.0
88.125
113.875
121.75
106.375
100.375
85.625
71.875
82.375
87.875
73.875
74.875
94.0
87.0
56.625
56.0
67.75
68.5
60.5
42.0
40.625
50.125
48.125
45.625
58.625
65.875
52.5
43.875
46.125
39.375
15.5
14.875
36.875
40.375
34.625
26.5
20.375
22.875
21.875
14.75
7.125
21.25
30.875
26.375
24.5
23.25
25.375
13.375
12.875
23.125
8.125
1.75
20.25
33.25
38.5
30.625
14.375
8.375
11.625
17.875
19.5
14.5
7.875
9.125
31.625
29.0
6.375
15.25
16.875
1.875
-9.75
-0.625
22.5
26.25
23.375
22.625
16.5
9.375
14.375
21.125
14.0
10.25
14.875
17.625
22.75
12.625
13.375
21.5
7.125
15.875
17.625
-1.5
7.0
24.25
29.75
24.625
12.875
15.125
25.625
17.375
6.5
10.625
22.125
27.625
15.375
14.625
28.25
25.875
16.0
7.375
-0.375
-4.625
-4.375
5.75
17.0
15.5
7.375
5.875
10.125
-1.375
-13.625
-9.625
-12.5
-5.875
16.0
15.625
6.0
8.5
16.0
13.375
6.875
4.375
14.0
9.0
-3.75
-0.125
-14.875
-3.125
20.25
6.75
4.875
14.0
10.5
4.25
1.5
9.0
16.625
12.625
8.0
9.875
4.0
-4.25
1.625
9.375
13.875
16.25
12.125
10.25
11.5
7.0
-1.625
8.25
25.125
17.5
-1.875
-1.625
18.125
23.625
15.875
11.375
10.625
14.75
17.875
20.5
30.5
30.625
25.125
27.875
21.875
19.375
17.125
7.25
20.25
31.875
20.375
7.375
13.25
30.875
28.5
18.25
29.5
41.5
38.25
38.75
39.375
32.125
29.0
33.25
26.25
10.25
13.75
18.625
26.875
30.75
16.375
13.875
15.0
21.0
39.625
38.75
27.625
28.125
26.5
21.0
30.0
35.875
28.25
24.25
26.625
35.625
32.5
22.25
23.75
22.125
22.875
30.5
28.0
20.5
17.5
21.5
23.375
21.875
21.0
18.625
22.0
24.625
24.75
35.125
32.875
26.75
29.75
22.875
21.25
26.375
24.125
19.5
18.0
18.5
16.5
19.625
28.5
24.625
24.125
26.125
21.625
24.625
27.0
29.25
22.75
9.75
19.0
29.125
21.5
11.375
0.25
1.75
15.75
20.25
14.375
-3.5
1.625
28.375
24.75
18.625
14.5
-3.125
7.0
28.0
22.25
11.875
10.375
8.375
2.625
4.125
11.5
13.375
13.5
14.625
14.0
15.5
16.0
10.875
7.375
3.75
4.625
12.875
9.75
12.25
22.5
19.625
14.75
13.25
13.375
7.0
1.625
10.125
16.875
14.375
8.875
7.375
8.5
9.125
16.0
20.375
17.5
14.125
12.875
11.25
9.875
9.625
9.0
10.875
13.125
13.125
6.625
0.125
-5.75
-7.375
2.125
-1.0
13.125
33.25
23.75
15.0
7.75
4.25
15.125
24.875
16.0
7.0
7.5
14.5
20.375
14.5
8.375
8.125
12.25
20.625
22.875
21.625
18.0
8.75
7.0
5.875
3.5
8.875
12.75
9.5
4.625
5.125
7.75
3.625
0.875
0.5
-4.0
-5.5
-4.625
-2.875
0.75
4.0
5.75
5.875
3.125
1.875
4.25
3.75
3.25
2.75
-0.125
-6.75
-10.375
-9.375
-13.75
-17.875
-22.375
-25.75
-21.75
-19.25
-20.0
-18.5
-14.75
-11.625
-11.75
-14.25
-14.0
-12.625
-13.875
-15.0
-17.875
-18.375
-13.625
-10.125
-14.125
-18.125
-10.375
-5.625
-9.875
-10.0
-5.5
-4.875
-8.375
-11.0
-12.0
-8.5
-3.625
0.5
1.25
-4.25
-5.25
1.0
5.625
3.875
0.625
1.875
1.5
-3.5
-7.5
-9.0
-7.125
-8.0
-11.25
-9.875
-11.5
-18.625
-15.125
-5.625
-8.75
-12.25
-6.625
-2.5
-2.5
1.5
7.375
4.875
-1.5
-2.625
-3.625
-8.125
-11.875
-14.875
-13.5
-11.0
-15.25
-21.125
-24.5
-25.125
-24.75
-25.5
-24.25
-21.625
-21.875
-21.25
-16.375
-14.125
-15.875
-19.375
-22.25
-22.625
-22.75
-24.0
-24.75
-20.25
-15.875
-19.625
-26.625
-31.875
-32.5
-30.125
-29.125
-29.5
-30.5
-28.875
-26.125
-26.5
-29.625
-31.0
-30.375
-27.875
-25.375
-26.375
-30.5
-35.25
-32.875
-28.75
-29.25
-30.625
-30.375
-30.875
-32.25
-32.875
-30.875
-29.5
-29.5
-26.125
-24.625
-26.0
-26.5
-25.875
-28.875
-31.5
-28.75
-27.25
-27.875
-29.375
-29.0
-25.75
-22.875
-20.375
-18.75
-17.125
-17.375
-22.125
-24.25
-23.75
-27.375
-33.375
-35.125
-31.125
-29.125
-27.875
-28.375
-36.5
-36.875
-27.5
-22.75
-25.0
-24.75
-22.125
-21.5
-22.625
-23.125
-19.625
-21.375
-28.875
-30.0
-27.125
-27.875
-29.875
-29.25
-26.5
-21.875
-24.75
-31.25
-32.75
-32.625
-31.0
-28.5
-24.75
-22.375
-24.125
-24.625
-23.75
-23.25
-21.625
-23.0
-20.25
-14.25
-16.625
-18.125
-12.875
-10.875
-9.75
-6.625
-5.875
-7.625
-7.5
-5.875
-6.25
-8.25
-10.0
-9.25
-6.25
-4.375
-6.5
-9.0
-7.375
-5.0
-1.25
1.875
-1.0
-3.5
-2.5
-3.125
-1.375
1.375
1.375
-0.75
-6.25
-5.875
-2.75
-4.625
-4.0
-2.5
-1.5
4.125
7.75
5.5
4.75
4.25
1.75
4.125
6.125
3.75
4.375
8.0
3.75
3.375
9.0
5.25
0.875
-0.125
0.5
1.75
-2.25
-4.375
-1.0
4.375
4.75
-1.5
-0.25
-1.25
-9.625
-12.625
-12.625
-14.5
-19.625
-27.625
-32.125
-28.25
-22.125
0.25
8.625
-21.625
-10.25
6.5
-7.0
-4.25
-2.75
-6.875
-4.75
-5.25
-12.75
-12.75
-10.5
-7.0
-4.0
-5.0
-5.0
-6.75
-10.0
-5.875
-17.625
-31.5
-17.625
-17.625
-24.0
-14.5
-4.75
2.375
6.375
3.0
-4.75
-15.875
-35.0
-43.375
-33.375
-27.25
-28.125
-28.875
-33.5
-37.25
-38.75
-43.25
-45.625
-44.625
-48.375
-45.25
-54.375
-72.875
-54.25
-36.25
-34.5
-36.0
-41.0
-36.25
-28.0
-26.75
-27.375
-25.875
-25.25
-25.5
-20.25
-11.0
-6.625
-3.5
-0.375
-5.75
-12.25
-4.5
3.125
0.375
0.875
3.875
3.875
3.75
5.375
6.0
2.625
3.125
3.75
-0.75
-0.125
1.0
-4.125
-7.25
-4.75
-7.875
-11.5
-5.0
-1.375
-3.125
-1.375
0.875
-1.625
-4.625
-2.625
0.625
-2.875
-8.25
-6.375
-1.125
2.125
-2.625
-11.125
-17.375
-20.625
-20.125
-22.5
-27.5
-28.5
-27.25
-21.25
-14.125
-17.375
-22.25
-20.25
-18.125
-18.5
-19.125
-17.5
-14.75
-14.875
-19.875
-23.125
-21.125
-20.25
-21.625
-23.5
-25.375
-29.25
-33.875
-33.625
-27.75
-27.0
-30.375
-29.0
-27.875
-29.625
-26.875
-22.75
-31.25
-41.25
-42.25
-40.5
-43.0
-51.125
-48.5
-43.75
-46.875
-42.25
-46.75
-60.5
-50.375
-31.0
-26.75
-19.75
-16.375
-10.0
1.875
-6.125
-5.5
4.375
1.75
-8.25
-4.875
19.375
42.0
46.375
46.875
55.625
53.5
44.875
47.625
54.875
53.75
50.375
56.125
65.25
67.5
67.625
77.375
82.5
78.875
80.5
87.125
91.75
88.25
84.125
85.5
89.0
90.375
88.25
84.125
84.625
87.125
85.25
82.625
81.5
80.375
80.0
82.75
86.375
85.875
82.375
83.625
89.0
92.125
91.25
84.125
81.75
84.875
84.375
84.875
81.375
76.0
78.875
78.25
72.625
71.375
68.875
60.0
52.625
54.0
53.5
47.375
49.25
55.375
58.5
62.75
62.375
51.625
37.875
34.375
39.375
39.75
42.625
43.625
46.625
68.5
80.125
72.0
57.0
35.5
20.5
23.875
25.875
19.0
19.25
28.5
31.25
24.875
17.875
8.25
2.75
7.375
15.125
19.75
19.625
21.625
26.0
30.0
37.875
46.625
46.0
36.25
33.875
30.25
16.625
10.875
8.0
-0.5
0.25
2.75
-3.75
-6.25
-1.75
-7.25
-23.0
-31.375
-31.75
-28.125
-23.5
-20.5
-23.875
-32.375
-28.625
-18.875
-14.75
-12.875
-13.125
-8.0
1.875
7.125
6.625
2.25
8.375
16.0
7.375
-5.875
-12.375
-12.875
-16.375
-23.75
-28.0
-29.0
-28.125
-26.25
-22.5
-12.75
2.5
14.0
13.0
5.75
1.25
-4.125
-10.5
-15.0
-18.25
-25.125
-31.0
-29.75
-23.25
-19.25
-24.125
-32.75
-35.5
-34.125
-35.75
-33.875
-27.125
-20.75
-13.75
-18.125
-31.875
-29.375
-24.125
-22.25
-10.25
-0.25
0.625
-1.75
0.75
3.625
-1.5
-10.25
-14.75
-8.375
-5.5
-10.5
-14.0
-19.625
-20.375
-14.75
-9.0
-1.875
0.625
-1.875
-1.375
-2.625
-4.75
-7.25
-10.625
-8.625
-6.375
-6.375
-6.25
-9.75
-16.0
-16.25
-13.375
-13.0
-10.5
-8.625
-13.125
-12.75
-5.375
-7.375
-20.625
-24.25
-8.75
7.0
8.375
2.375
-2.125
-0.875
7.0
13.25
17.125
15.0
4.25
-1.625
-1.125
-6.375
-6.875
-2.0
3.25
12.25
16.125
17.875
20.75
16.75
9.5
8.125
9.125
5.75
5.5
7.875
1.625
-5.0
-0.75
10.5
20.5
23.875
22.375
23.375
25.5
27.25
29.25
28.75
30.125
33.25
32.75
28.25
21.375
18.125
22.25
23.0
17.125
17.5
22.5
27.75
36.875
40.25
35.25
34.875
38.875
37.375
31.0
24.0
19.375
19.625
19.875
19.125
18.375
4.5
-7.25
-3.875
0.0
9.875
13.75
8.375
19.25
35.125
43.75
42.75
32.25
28.625
34.5
35.75
26.25
22.5
26.625
28.125
26.625
22.0
13.25
6.375
11.125
23.875
31.5
32.625
34.875
33.875
31.25
30.875
28.875
32.25
40.25
42.375
42.25
34.75
20.75
17.75
26.5
33.375
35.75
37.5
37.75
40.5
38.375
32.375
31.75
32.125
34.875
35.625
33.0
29.25
26.375
29.5
36.625
38.375
25.0
17.125
26.875
34.625
35.375
36.5
42.375
42.5
28.0
20.0
25.5
31.5
33.875
34.5
32.5
26.5
19.0
10.875
13.875
30.5
47.25
54.125
53.625
50.125
41.375
33.875
35.25
41.75
45.375
39.375
30.5
26.5
22.5
20.625
24.5
31.375
39.25
40.25
30.125
26.125
35.25
45.625
46.5
38.625
31.5
26.75
28.25
36.25
36.0
27.75
27.75
35.375
34.5
30.75
34.25
35.0
31.375
23.375
15.0
13.75
23.125
42.0
54.25
49.5
36.25
25.0
30.625
46.0
50.625
44.0
36.0
30.75
28.125
30.125
30.375
30.5
38.5
42.0
40.25
42.0
40.125
38.375
34.875
30.25
32.75
34.5
27.75
19.625
25.875
43.625
48.625
41.125
42.25
45.5
42.5
45.375
42.375
35.625
45.375
54.875
52.75
50.25
52.25
49.25
40.875
40.75
42.625
30.0
16.25
23.25
39.875
49.375
54.5
59.875
57.5
50.0
48.375
39.5
36.375
42.625
41.0
47.5
49.875
31.75
25.375
45.875
67.375
72.375
75.0
72.875
63.25
59.125
57.125
61.625
65.875
61.0
54.625
50.375
50.125
56.5
62.75
56.25
43.375
31.5
38.5
64.375
73.875
67.625
56.625
49.375
52.25
54.5
52.25
49.25
32.625
14.625
29.125
58.25
75.75
80.0
76.625
72.5
64.625
57.375
55.0
56.75
58.875
52.375
41.75
43.75
54.75
53.0
41.625
33.375
34.25
38.75
35.375
38.875
45.75
45.75
45.125
49.625
53.75
55.0
62.625
61.625
50.0
44.25
41.75
45.25
48.875
43.125
43.875
45.75
42.375
45.5
49.25
48.625
47.5
42.25
36.875
37.375
40.25
47.375
46.5
38.75
37.625
40.0
45.0
38.25
37.75
51.625
51.125
44.25
48.5
54.875
55.0
50.625
46.5
47.625
48.5
47.25
51.0
54.5
53.75
50.25
45.5
47.0
51.375
52.75
49.5
43.25
43.75
47.0
48.25
50.125
46.125
34.25
36.875
55.0
56.875
46.0
42.0
46.0
49.5
42.375
23.375
7.25
13.125
45.125
71.0
68.875
64.5
68.375
68.0
57.625
42.125
32.75
36.125
47.625
54.75
55.0
52.625
50.875
52.625
50.25
43.625
41.0
40.125
35.875
39.75
52.875
55.125
53.875
60.625
60.625
53.25
48.375
46.875
48.0
49.875
48.125
42.5
43.875
45.125
38.125
37.375
43.75
49.0
53.375
58.375
55.25
46.875
46.0
48.375
51.75
55.125
47.875
33.5
35.875
46.0
42.25
47.625
60.75
59.75
64.625
67.25
59.5
56.25
48.375
39.375
41.0
43.5
32.75
26.625
36.625
44.125
43.125
42.5
45.625
45.625
42.875
43.25
48.0
50.0
49.5
51.5
52.5
49.5
46.375
47.75
50.625
51.25
44.75
40.125
44.375
46.0
42.375
39.375
40.625
43.625
42.625
40.875
42.5
47.0
54.125
57.25
57.5
58.875
53.25
50.75
54.125
55.375
53.125
42.625
41.0
52.25
55.5
52.625
51.875
51.125
48.125
46.25
47.25
45.5
45.75
47.75
39.375
42.25
55.375
51.625
49.25
54.125
48.75
45.125
53.0
58.75
54.375
53.125
54.5
50.375
48.75
51.875
54.375
51.875
50.375
52.5
50.0
46.125
46.125
49.0
48.125
43.5
45.5
52.875
57.375
57.875
59.625
58.25
49.25
46.625
53.625
59.125
58.125
57.0
56.5
56.375
57.375
52.25
45.625
41.75
40.75
47.125
50.5
43.125
39.5
42.375
46.25
47.875
48.625
49.0
47.5
45.0
46.75
49.25
50.5
52.75
44.125
39.875
53.0
57.5
49.25
47.375
51.0
59.5
69.75
67.75
66.125
71.875
70.25
63.0
63.375
64.875
64.0
69.75
79.75
83.125
76.5
74.375
77.125
70.5
62.875
65.375
71.875
75.125
72.375
67.875
69.875
72.375
69.75
70.0
69.75
55.625
42.625
54.375
72.125
73.625
71.75
74.25
75.25
73.125
69.375
66.125
64.5
57.375
54.0
57.375
57.5
61.625
66.25
66.125
62.125
57.375
56.75
56.125
54.5
55.375
57.5
56.0
57.625
62.375
59.375
54.625
54.375
53.0
52.25
54.5
57.375
65.5
68.875
63.625
60.375
61.25
61.75
64.375
62.75
49.875
46.75
56.0
58.125
53.125
57.25
55.125
49.625
57.875
61.375
58.75
63.0
72.25
79.25
83.5
77.5
73.125
84.125
88.375
86.875
91.0
96.375
103.5
109.125
114.0
117.75
114.75
113.875
118.75
123.25
131.25
140.375
144.5
147.0
150.5
152.75
155.5
157.5
148.625
132.5
125.75
130.375
142.5
141.875
124.375
116.875
120.375
132.625
137.25
125.625
113.25
104.25
103.125
104.625
102.875
96.0
82.625
79.125
83.875
79.875
75.0
72.0
71.0
73.25
72.5
70.125
65.5
62.125
63.875
61.25
57.375
58.25
49.375
43.875
53.875
59.0
58.375
54.125
54.75
52.625
42.875
47.25
50.0
43.0
41.875
46.5
48.875
47.5
45.625
42.125
37.5
38.5
39.875
27.375
12.0
26.875
44.5
36.0
35.375
39.625
39.5
41.625
38.75
37.625
35.0
35.0
37.375
29.25
28.625
30.875
31.0
34.875
28.25
20.5
20.5
11.375
9.375
24.0
26.875
27.125
33.75
31.625
25.0
24.75
26.375
22.5
29.375
37.0
33.5
31.5
29.125
23.125
21.125
29.5
32.5
35.25
38.0
31.5
30.125
31.125
28.125
24.125
26.125
30.875
28.875
27.375
29.875
32.125
27.625
19.5
18.5
20.75
20.0
17.75
20.625
22.5
25.25
31.875
26.75
24.375
26.375
19.375
19.625
34.875
35.75
20.625
20.0
31.125
35.875
32.875
24.75
12.25
14.5
35.0
46.0
40.625
29.5
25.0
33.625
36.375
33.25
32.125
29.125
33.125
36.25
26.25
20.25
25.5
29.25
28.25
27.125
24.125
23.5
27.75
26.75
24.875
24.375
26.125
25.625
16.5
27.625
44.0
35.5
24.5
20.125
22.75
28.125
19.625
12.375
20.0
25.0
34.625
35.375
20.375
12.0
19.5
27.875
20.25
30.25
38.5
22.5
19.875
24.125
26.375
28.0
21.75
19.875
18.5
27.5
33.0
25.125
26.25
27.625
24.375
19.875
19.125
28.875
35.375
21.75
13.125
22.5
32.0
39.0
31.125
18.5
17.25
23.5
28.25
27.5
25.0
26.5
29.875
16.75
4.875
9.625
19.625
31.375
35.0
30.875
30.0
28.875
21.875
18.25
25.375
26.75
17.625
5.625
1.625
23.375
34.875
23.25
18.125
15.375
20.125
22.125
6.5
11.375
20.0
5.75
-3.25
2.875
16.125
16.5
6.25
-1.875
-2.625
10.875
13.5
10.375
8.75
5.625
19.5
22.125
8.375
3.75
2.375
-3.25
-0.25
12.75
9.25
-1.625
-2.125
-3.375
0.875
4.375
1.5
0.75
4.0
4.625
8.625
25.0
32.625
24.875
12.5
10.125
14.0
13.75
14.5
7.875
-1.0
-1.0
7.875
8.875
-4.5
-14.125
-12.5
2.125
1.0
3.875
16.125
8.875
-1.875
-3.375
7.125
9.25
10.5
6.875
-6.5
0.625
5.0
-2.0
2.0
-2.0
-8.75
-2.125
1.75
1.5
0.375
3.125
3.0
4.375
2.125
-8.875
-1.625
-2.0
-17.25
-7.25
5.75
-5.125
-8.0
-3.625
-17.0
-9.5
1.75
-11.25
-15.0
-9.375
-4.625
-2.125
-1.625
-4.875
2.125
2.0
-8.125
-0.875
4.0
0.375
-1.75
-10.25
-9.125
0.25
-3.75
-10.375
-10.25
-5.125
-0.875
-7.0
-10.875
0.5
-0.5
-14.25
-9.75
6.625
8.25
-5.25
-4.625
-6.25
-16.5
-15.25
-9.5
-0.875
-4.25
-6.5
0.375
-1.25
-6.375
-7.5
-13.5
-22.125
-12.875
-5.375
-14.5
-13.125
0.375
-1.25
-8.375
1.75
2.875
-9.125
-13.0
-9.0
-3.75
-5.375
-8.0
-5.125
-1.375
3.0
1.375
-4.375
-4.0
0.5
7.875
5.5
3.5
7.5
-4.75
-1.5
12.125
-2.875
-8.25
7.625
-4.875
-25.125
-11.875
-9.25
-18.625
-7.625
-2.75
-11.0
-14.125
-6.375
-7.25
-15.125
-12.625
-12.625
-27.125
-38.25
-12.75
0.5
-20.0
-27.25
-23.75
-14.5
-8.125
-14.0
-13.0
-9.875
-19.75
-38.125
-29.5
4.5
3.0
-3.625
7.875
-4.5
-10.375
-12.125
-19.125
-7.625
-1.75
-9.625
-12.0
-10.875
-20.875
-13.125
-2.625
-8.0
-3.125
-7.0
-15.125
-14.0
-13.875
-13.125
-15.125
-27.875
-28.875
-8.375
-8.875
-11.375
-8.5
-18.25
-10.625
-2.875
-9.125
-8.375
-9.625
-19.875
-20.875
-20.25
-12.875
-3.875
-11.875
-13.25
-13.625
-20.625
-22.5
-21.0
-24.625
-28.0
-23.125
-19.875
-14.375
-9.0
-6.0
-9.0
-21.75
-32.75
-13.625
3.0
-18.0
-29.75
-23.0
-21.5
-21.125
-20.375
-30.0
-22.0
-5.625
-8.25
-24.25
-23.25
-21.375
-33.125
-21.75
-2.5
-8.375
-13.375
-6.375
-17.375
-31.0
-24.5
-16.375
-26.375
-25.875
-13.25
-16.875
-25.125
-27.0
-26.875
-28.0
-32.125
-36.125
-33.375
-42.875
-50.875
-16.5
3.625
-11.875
-17.25
-10.0
-6.375
-7.5
-12.375
-16.25
-10.625
-9.625
-25.25
-29.25
-11.125
-2.0
1.5
0.625
-3.875
-6.0
-17.875
-13.5
10.625
13.875
0.5
-2.375
3.125
3.0
1.625
9.375
3.875
-11.25
-6.0
-3.625
-13.75
-13.0
3.25
8.25
2.0
5.5
0.625
-10.875
-0.5
2.75
-21.375
-11.5
-0.75
-28.75
-17.5
13.875
13.125
1.125
-2.5
2.875
4.875
-1.125
-12.25
-20.5
-5.875
21.125
10.375
-9.375
5.375
14.5
4.0
-3.125
-0.75
9.0
6.375
-3.0
-4.25
2.0
11.0
5.75
-2.625
-7.25
-10.0
-5.25
-7.25
-5.0
1.875
10.375
18.25
8.5
-3.0
-2.25
-0.875
-0.375
3.25
3.875
4.5
7.125
7.625
2.625
8.375
22.75
19.125
8.375
5.625
5.25
3.375
-6.25
-16.375
-8.875
-3.625
2.0
12.5
10.375
7.625
12.875
18.375
9.125
2.25
-4.75
-4.75
7.25
0.25
-0.75
8.0
6.25
13.625
17.75
11.875
2.75
-14.125
-10.125
5.625
3.25
-6.375
-11.25
-12.625
-10.0
2.75
6.625
0.5
0.5
-9.875
-21.25
-23.75
-17.875
-8.5
-8.25
-10.25
-15.75
-8.5
7.875
13.25
10.625
3.375
2.0
0.375
-2.0
-5.125
-8.75
2.125
1.25
-5.75
-14.5
-26.125
-11.375
7.0
7.875
-1.375
-5.375
-1.625
-5.125
-7.25
-2.625
-14.25
-9.125
5.25
7.625
19.75
14.75
2.125
13.125
18.875
7.375
-2.75
-6.0
2.125
-3.25
-12.625
-6.375
6.75
2.75
3.375
15.375
2.0
-3.0
-0.625
-12.625
-9.0
9.625
4.75
-14.375
-12.375
-0.75
10.25
19.125
15.125
7.375
11.25
9.75
0.875
1.125
-2.125
13.25
16.25
-5.875
7.75
21.0
6.125
0.0
-2.0
-6.25
-12.0
-6.375
5.5
-5.0
-4.75
8.625
3.375
-9.75
-18.125
-14.125
-5.75
-6.5
0.125
7.125
8.875
2.5
-1.75
6.125
5.0
-3.375
-4.375
7.375
12.625
5.375
6.625
9.5
6.25
5.375
-0.625
-3.875
4.75
5.375
-2.0
-12.625
-17.375
-3.625
1.625
-10.375
-2.375
13.875
13.125
12.5
6.25
-11.0
-16.375
-4.125
3.0
-7.375
-7.0
7.375
6.75
1.25
-2.875
3.0
9.375
5.0
6.875
0.5
-7.25
1.375
1.25
2.5
10.25
-0.25
-7.875
-7.125
-17.25
-18.5
-1.5
2.0
-5.0
-6.625
-5.5
-10.75
-16.375
-10.625
-9.25
-1.125
13.125
14.25
3.25
0.625
5.25
6.875
6.0
-1.5
-1.375
2.25
-8.0
-13.75
-1.125
5.0
-3.125
-4.625
2.25
5.25
0.875
5.0
12.75
1.375
0.75
9.25
5.5
3.5
7.25
7.125
-3.25
-10.25
-6.75
-3.375
-6.0
-6.0
1.5
-0.5
-9.625
-13.375
-0.75
15.75
9.375
14.625
19.0
11.5
8.5
3.5
5.75
8.625
11.625
18.5
12.625
1.625
5.125
1.375
1.625
11.625
-2.25
-13.625
2.875
20.375
22.75
5.75
-3.625
20.625
26.75
6.5
15.625
34.0
25.125
18.375
12.875
14.375
29.75
30.625
25.75
27.25
30.375
18.0
10.75
38.625
52.625
42.875
31.875
27.125
38.375
43.5
42.5
48.125
50.625
47.125
46.25
41.125
37.5
45.5
46.125
36.125
22.875
19.25
20.875
14.125
18.875
35.125
43.625
52.25
53.75
44.625
37.25
40.75
48.625
40.125
34.75
35.125
29.625
26.875
24.875
20.875
20.25
12.875
6.125
11.5
25.375
25.75
4.375
-4.25
22.25
52.125
44.875
28.75
23.75
22.25
17.375
16.5
20.0
12.0
6.375
11.5
13.5
8.75
5.0
5.375
4.625
4.875
4.125
-2.125
-2.25
14.875
33.875
16.25
-10.5
13.125
36.0
27.25
19.875
10.375
1.75
7.5
14.5
5.25
8.5
19.75
16.5
17.875
23.125
23.0
17.875
15.5
12.875
6.375
4.375
5.875
6.375
9.0
13.25
17.875
15.375
6.875
3.75
5.25
7.625
9.25
17.375
20.0
13.0
8.5
3.875
5.375
12.25
8.25
5.875
15.875
24.625
23.625
13.875
12.875
18.375
18.25
20.125
15.25
9.625
12.125
12.875
8.875
0.125
-10.5
-5.125
9.25
13.0
15.75
9.75
5.5
16.75
13.625
10.0
10.75
3.875
-0.625
7.125
14.125
9.125
8.0
8.5
5.25
2.625
3.125
-1.125
3.5
10.0
-2.75
-1.75
14.375
19.75
18.5
16.75
15.25
18.5
9.875
-4.75
4.375
19.5
20.0
15.0
13.75
10.875
1.125
-3.0
7.25
11.625
4.625
-0.75
-4.5
-0.125
13.375
4.0
1.75
18.375
6.5
-2.5
7.0
0.5
7.375
20.625
10.5
3.75
0.125
-5.125
-2.875
2.125
0.0
1.875
8.25
15.125
19.375
17.375
15.25
10.625
9.875
10.25
8.875
14.375
9.0
-4.75
5.625
22.125
4.375
-5.875
18.0
21.375
8.875
4.375
-0.5
11.0
23.25
18.625
18.0
21.25
19.625
18.5
17.75
18.0
20.875
24.375
24.125
23.625
28.625
16.125
7.875
20.25
15.125
6.75
3.625
2.375
9.75
11.875
0.375
-11.375
-7.0
7.875
20.875
13.375
11.625
19.25
15.5
11.5
2.375
3.0
8.5
2.625
-2.5
0.375
-1.625
0.625
7.25
3.5
7.875
8.25
-2.875
-7.625
-1.125
8.75
8.0
3.0
2.25
7.625
9.25
4.0
1.25
-1.75
-7.25
-13.75
-13.375
-15.75
-27.5
-31.875
-21.875
1.125
24.25
16.75
2.375
10.25
10.375
6.5
10.625
13.0
14.5
14.75
9.875
5.625
3.625
0.125
-0.25
6.5
6.125
-3.125
0.5
4.625
-2.5
-1.0
-5.5
-13.625
3.5
3.0
-14.375
-5.875
11.25
16.25
9.125
8.0
12.75
2.25
-7.25
3.625
3.0
-3.125
5.375
6.375
0.375
-1.5
3.25
9.125
9.0
4.0
-0.875
2.75
6.125
4.875
7.5
8.125
2.125
-6.0
4.125
15.875
14.0
8.75
-3.375
1.75
13.5
13.875
14.25
18.125
11.75
7.75
18.0
14.625
8.0
10.375
15.125
13.625
8.125
9.375
10.0
6.75
-2.0
-11.0
-2.875
5.875
1.0
-6.25
1.375
12.875
5.125
5.625
13.5
4.875
7.5
14.25
7.75
6.0
2.5
-3.5
-3.25
-3.125
-5.75
-7.25
-8.25
0.5
10.875
7.125
2.625
-4.875
-9.375
-2.25
-5.375
-7.375
-7.75
-16.75
-18.75
-18.0
-12.875
-12.25
0.875
24.5
15.75
3.375
4.125
0.5
-1.875
3.125
6.5
3.75
0.875
6.25
12.875
12.75
14.25
13.625
9.75
10.625
5.375
1.5
11.375
11.625
5.375
11.25
8.0
5.5
12.75
8.375
6.125
6.75
4.0
3.125
6.25
17.0
12.75
2.5
18.625
26.125
15.0
5.0
1.875
10.25
17.0
4.5
-0.25
15.5
14.75
16.25
28.875
27.5
21.125
14.5
1.75
-3.875
11.5
31.625
21.875
4.75
0.375
-2.25
6.75
10.125
7.625
8.125
7.75
7.875
-1.5
0.25
13.375
16.875
13.125
8.75
3.0
1.5
18.375
25.75
18.75
15.625
14.125
7.125
-1.625
-2.5
6.25
14.25
10.625
18.125
16.375
5.0
8.5
14.75
16.625
13.25
11.875
15.5
12.75
6.75
14.875
19.375
11.875
9.375
9.875
7.375
5.75
12.375
21.375
21.875
18.625
14.5
11.375
14.875
13.625
5.625
-4.125
-2.125
8.75
8.125
0.75
0.75
6.75
11.375
14.625
5.875
-1.875
6.125
5.0
-0.375
6.875
11.0
2.5
-6.875
-1.875
5.625
6.125
10.875
10.625
6.5
5.5
4.75
1.375
-7.625
-7.375
4.75
4.625
-1.125
8.125
8.125
-7.375
-17.75
-5.625
4.25
2.25
11.125
10.25
6.375
12.75
10.75
4.625
3.75
1.75
-5.75
-1.625
7.0
5.0
10.375
-0.625
-14.75
-6.25
-1.75
5.875
10.25
5.625
3.5
-4.375
-6.625
0.75
-4.5
-5.625
3.0
-0.875
0.875
5.0
2.625
1.25
3.25
2.375
0.75
9.125
6.375
3.25
13.0
7.5
4.875
19.875
14.5
-2.625
3.125
16.5
15.25
8.875
7.0
1.75
0.125
6.875
7.375
4.25
5.5
5.75
4.875
5.375
9.625
12.25
6.75
-9.5
-16.0
-1.5
-5.0
5.75
31.625
17.5
6.25
9.625
8.75
12.25
9.5
5.5
11.25
13.625
10.875
12.5
14.0
14.75
14.375
11.375
10.5
12.375
12.5
-4.125
-10.625
0.5
-14.625
-21.5
5.75
32.125
27.25
10.25
6.125
9.75
13.625
10.5
10.625
12.125
8.75
6.875
5.875
5.75
6.625
6.625
6.5
6.25
1.5
-7.5
-10.625
-3.5
8.0
12.125
0.625
5.5
23.625
12.875
9.75
16.875
10.375
7.25
6.5
12.125
14.375
6.125
4.375
6.875
2.625
0.75
6.0
5.5
3.25
0.25
-4.125
-3.125
-10.875
-18.25
-13.875
-2.75
7.5
8.375
1.125
-4.875
3.75
10.25
8.0
6.25
2.375
-2.0
1.0
3.75
1.0
6.875
11.375
8.5
10.125
14.375
9.75
0.125
1.625
3.625
-0.375
2.0
4.25
4.75
10.875
6.5
2.875
4.375
-6.375
-5.375
-2.5
-3.625
13.375
22.75
16.375
18.875
16.875
0.625
-2.125
8.5
9.75
1.875
-0.375
-0.875
-10.75
-11.625
2.5
8.75
-0.875
-0.25
15.875
19.375
18.125
19.375
18.75
16.875
0.25
-6.625
0.875
3.5
10.875
15.0
6.375
0.375
8.75
13.125
8.625
2.25
2.75
9.75
11.75
10.625
14.5
22.125
22.625
17.125
15.0
10.75
1.375
3.0
14.0
11.0
6.875
8.0
0.125
4.125
12.5
5.875
4.625
9.125
0.125
-3.125
6.25
4.375
-8.75
-5.625
9.0
3.0
-4.0
0.0
0.375
-3.625
-3.125
0.5
-8.0
-11.625
-6.875
-11.125
-7.875
1.25
1.25
-1.5
0.75
1.75
4.375
6.875
-0.125
0.375
4.125
-9.5
-18.875
-11.0
1.125
0.25
-9.25
2.625
0.875
-15.375
-1.5
7.5
3.125
3.75
2.5
3.5
3.0
0.875
0.875
1.75
0.0
-4.75
-8.5
-11.125
-7.625
-3.25
-5.875
-4.5
-0.25
-3.5
-4.5
-14.875
-29.75
-14.5
-3.75
-12.875
2.875
25.625
25.25
12.875
3.375
2.875
0.875
-7.125
-11.25
-8.375
-6.5
-3.25
-2.375
-5.625
-6.125
-4.5
-0.875
0.125
-4.375
-4.25
3.75
10.125
5.125
-0.125
6.375
15.75
12.125
0.875
-0.25
-0.75
-1.5
-4.625
-12.0
-12.0
-7.875
0.625
7.0
0.25
-7.75
5.75
18.625
17.125
14.75
7.0
5.625
11.5
10.375
5.25
-0.875
-0.75
0.625
-1.875
3.375
2.0
-3.0
-0.375
-6.375
-14.0
-1.875
9.875
-3.125
1.5
17.125
2.625
-3.625
14.0
18.5
6.875
4.625
6.0
2.625
3.125
9.625
12.25
-0.625
-3.125
6.5
6.125
3.0
7.5
7.25
-1.5
-2.875
0.375
5.25
6.5
5.125
5.5
4.75
4.375
7.375
6.0
5.0
7.375
7.125
4.25
0.125
-1.125
-3.875
-3.375
3.75
0.625
-8.0
-4.0
-16.0
-24.875
6.0
29.0
23.25
16.625
16.0
11.5
12.25
20.625
20.25
14.0
12.875
14.75
12.625
8.375
4.5
5.0
12.375
14.125
8.625
6.25
5.75
3.0
2.125
7.25
3.125
-1.75
14.25
19.625
10.25
5.625
8.25
14.5
14.0
12.375
15.375
16.75
11.875
7.875
2.5
-7.25
-16.375
-1.75
20.75
11.75
2.75
10.125
9.5
3.625
6.875
11.125
9.875
2.25
0.125
6.75
5.5
2.0
1.25
3.875
9.25
9.0
7.625
8.625
6.875
7.0
5.5
2.125
9.625
11.5
1.125
-4.625
5.625
16.375
8.625
-4.375
-1.5
16.25
22.5
17.875
14.5
13.75
16.25
16.75
12.0
9.875
11.25
6.125
6.75
18.0
14.5
1.625
-1.75
6.875
14.0
4.125
-7.0
-5.0
2.25
2.375
6.0
15.75
13.375
7.5
8.25
11.125
10.125
4.625
0.125
-3.25
-4.5
-0.875
-3.75
-12.75
-5.625
5.0
6.375
6.125
0.25
-2.125
2.25
1.625
-6.125
-2.125
7.375
0.0
3.25
5.5
-10.625
-13.0
-3.625
-2.625
-1.375
-2.5
-7.75
-6.0
-8.125
-6.25
6.25
13.125
5.5
0.375
11.625
15.125
2.25
-2.5
6.375
7.875
6.375
8.125
2.875
2.875
7.25
4.625
0.5
-1.625
-2.875
-2.375
-0.5
-1.875
-5.75
-3.0
7.875
14.125
8.625
5.5
11.625
8.625
1.25
5.625
13.25
9.25
-0.125
3.625
4.125
-3.0
-3.5
-4.5
-5.875
-1.5
4.75
8.125
8.875
7.75
5.5
4.25
0.625
-11.5
-5.5
13.875
2.875
-1.875
14.375
16.75
13.25
9.5
7.75
6.125
-1.5
6.625
9.5
-1.5
9.25
19.375
11.25
1.5
0.5
4.625
2.125
1.5
7.375
10.125
12.375
12.375
14.375
12.625
5.0
5.75
-0.25
-12.875
-0.625
12.375
1.5
-3.5
0.625
0.625
1.625
2.125
4.125
0.875
-10.25
-2.125
13.0
10.375
9.875
12.75
8.75
8.75
4.875
-1.125
3.25
1.125
-7.75
-7.25
-8.625
-9.0
2.5
3.875
-6.75
-6.875
-4.0
-4.25
-2.5
0.75
-3.25
-12.875
-2.25
14.875
1.0
-12.5
-1.5
3.375
0.0
2.375
2.25
-3.75
-4.875
-0.125
-0.875
-8.125
-13.0
-9.125
-2.5
-4.125
-13.25
-14.75
-15.625
-25.0
-21.625
-15.625
-8.125
3.25
2.125
-6.25
-12.25
-12.375
-8.75
-12.125
-12.125
-3.75
-1.5
-7.5
-15.25
-18.0
-15.625
-7.75
-7.5
-17.375
-20.375
-23.125
-20.5
-12.75
-4.25
0.5
-2.0
-7.75
-12.75
-9.625
-6.875
-4.875
-1.0
-6.625
-20.5
-25.375
-13.5
-2.5
-0.875
0.25
-3.25
-7.875
-9.375
-5.875
0.0
-0.125
-2.5
-4.875
-11.25
-17.25
-8.875
5.125
2.625
-1.125
5.625
9.625
8.875
7.75
4.75
-2.125
-9.125
-6.875
-4.375
-16.0
-19.25
-12.75
-26.125
-29.75
-8.5
-5.0
-0.625
10.375
3.25
-5.25
-6.375
-5.0
-1.625
-0.25
0.5
1.875
1.0
1.25
0.375
-4.125
-1.5
3.375
-11.5
-27.625
-4.875
13.625
1.875
-2.125
3.875
7.375
9.875
2.625
-4.75
7.0
14.125
8.875
3.75
4.5
7.875
9.125
10.0
5.0
0.375
6.125
10.25
6.25
-2.375
-8.125
0.5
11.125
5.125
5.25
-1.25
-4.25
8.625
-1.375
-6.125
2.25
6.375
9.0
7.25
4.875
4.125
3.875
9.25
13.25
8.625
7.125
10.5
7.25
2.375
1.125
-4.875
-12.25
-17.75
-12.625
-3.0
3.25
1.25
-5.125
-4.125
-3.375
0.5
7.125
10.0
7.625
2.625
0.5
1.75
2.125
-1.25
-1.375
-2.125
-0.75
2.0
-7.625
-5.25
1.375
-5.25
-20.625
-30.25
-14.625
-10.125
-14.0
0.0
-1.125
-21.375
-31.25
-18.625
-7.75
-14.5
-23.25
-21.375
-7.125
-6.875
-6.25
8.75
6.0
1.125
-2.5
-15.125
-5.625
1.75
-7.0
-7.625
-6.0
-7.125
-8.25
-6.5
-12.375
-10.375
-5.375
-10.5
-12.375
-7.625
-6.375
-19.375
-17.0
2.75
1.625
-0.25
0.0
-2.0
-2.125
-11.0
-4.5
15.75
9.75
-2.5
4.125
6.125
4.375
2.0
0.5
0.0
-0.75
-1.125
-1.25
-0.75
-4.125
-11.75
-12.875
-10.125
-17.125
-24.5
-13.75
-6.0
2.5
23.375
19.875
4.75
8.625
10.0
2.5
3.375
0.5
-6.25
-1.0
1.75
-8.25
-13.875
-8.125
-3.125
-6.5
-7.25
-6.25
-17.25
-9.125
6.0
-4.375
-3.5
16.5
23.25
16.125
12.375
3.375
-15.875
-12.5
7.875
1.75
-9.25
-5.5
-6.0
-6.625
-3.125
0.25
1.0
3.625
4.75
-9.0
-17.125
-18.25
-12.875
2.625
6.5
8.625
6.0
-4.25
-4.125
-5.25
-8.75
-5.125
-8.375
-13.875
-5.0
-1.75
-13.125
-17.0
-6.75
3.875
2.875
-4.625
-12.25
-13.625
-1.5
-1.875
-4.375
-0.875
-2.375
-0.375
-10.125
-16.375
-9.125
-9.375
-13.25
-13.625
-17.25
-16.875
-15.25
-23.875
-24.375
-16.5
-9.75
-1.625
-2.75
-12.5
-13.875
-8.25
-15.25
-16.25
-20.0
-23.5
3.25
0.5
-34.0
-25.875
5.5
1.625
-9.25
-10.0
-14.0
-8.75
0.125
0.5
-7.25
-11.125
-11.0
-8.75
-0.625
-0.375
-9.5
-2.625
8.5
-0.75
7.625
16.75
0.75
-7.125
-2.25
5.375
1.25
0.0
2.5
0.5
2.75
-0.375
-1.125
-2.125
-8.125
0.625
17.375
14.75
0.875
-0.875
11.125
19.5
18.375
15.875
15.5
17.0
10.125
9.125
20.125
20.375
15.0
13.5
9.125
9.625
11.25
5.625
3.375
7.5
6.875
3.125
4.5
-3.0
-12.875
-13.125
-10.375
0.25
14.75
19.75
24.5
22.625
8.125
3.375
13.5
12.0
1.375
0.625
0.0
0.25
1.625
0.0
-1.125
-1.5
-1.25
1.25
-3.375
-10.0
-6.125
-11.375
-28.375
-31.0
-18.5
-9.0
-10.875
-10.625
-4.625
-10.25
-18.125
-14.75
-10.0
-9.125
-0.25
4.875
2.875
-0.375
-11.25
-19.875
-18.625
-13.5
-16.125
-23.0
-21.875
-14.125
-6.375
-8.375
-4.375
0.875
-7.625
-9.125
-4.25
-8.75
-15.25
-20.125
-14.75
-6.25
-9.75
-16.875
-17.625
-7.75
-2.5
-9.625
-11.375
-7.75
-19.25
-26.125
-14.125
-7.75
-13.375
-12.5
-4.5
-8.125
-13.25
-3.5
-4.375
-11.5
-8.0
-6.625
-4.125
0.375
0.25
2.75
1.75
-7.75
-10.0
-8.875
-10.125
-11.375
-12.875
-12.0
-5.875
-5.375
-19.625
-18.875
-12.25
-27.375
-12.25
13.25
-3.625
-13.25
-3.5
-1.0
-11.125
-21.75
-19.875
-13.25
-15.375
-30.375
-36.875
-18.125
-1.5
-2.625
0.0
2.375
3.125
12.5
9.5
5.0
-0.875
1.25
14.25
11.375
10.125
13.0
4.875
0.5
-0.625
-2.625
3.0
-2.125
-15.125
-11.125
7.0
22.75
28.0
22.75
16.0
8.0
4.5
6.875
9.125
10.25
11.0
12.375
11.375
8.625
8.0
6.75
6.625
8.375
8.5
13.375
14.5
11.25
11.375
-0.125
-14.0
-3.25
8.25
-0.375
-6.0
0.625
6.875
1.75
-3.25
3.875
11.0
6.875
6.0
8.375
10.375
12.0
11.5
4.5
-0.875
8.25
7.875
5.25
5.25
1.375
-0.625
-2.75
-5.25
-3.875
-3.625
-14.0
-9.0
4.625
-2.625
-9.5
4.125
16.125
11.125
6.0
12.125
14.75
12.375
14.5
14.125
10.625
4.625
2.25
5.875
6.875
4.0
0.875
-0.375
0.625
-3.5
-16.25
-24.0
-22.125
-14.625
-3.0
-0.625
3.875
11.625
8.5
15.75
17.25
1.25
-1.375
9.375
11.375
6.625
8.125
7.375
4.125
2.125
-1.25
-2.625
-0.625
-1.0
-7.5
-16.25
-18.75
-26.875
-26.0
5.0
6.25
-11.75
-11.875
-7.625
-5.5
-10.75
-7.75
0.0
7.75
10.375
2.25
0.75
5.0
0.875
-1.625
1.875
-1.0
-5.875
3.375
7.375
-5.625
-2.5
5.625
-6.625
-6.875
3.5
8.0
9.625
5.75
10.5
15.125
10.0
4.75
0.75
3.0
8.75
10.125
7.75
5.5
4.75
4.0
-0.375
-3.375
-3.875
-9.25
-18.125
-18.25
-13.375
-5.25
14.75
23.375
19.125
15.75
15.5
20.875
20.375
16.75
11.5
6.25
2.25
-2.625
8.75
12.0
-1.375
-3.875
5.625
10.75
-0.625
7.0
22.625
0.75
-17.625
8.625
14.125
-14.625
1.375
18.0
4.625
5.0
12.875
15.375
14.25
11.375
9.25
10.5
11.875
15.625
16.25
13.5
12.875
14.5
13.0
11.25
15.0
15.0
1.25
-14.875
-17.5
-6.375
16.625
28.75
21.875
17.0
14.75
6.625
4.5
10.25
11.0
15.5
17.625
11.125
7.875
4.125
1.625
9.125
9.75
9.0
10.625
-2.125
-5.125
2.0
-0.125
-1.375
-6.5
-11.25
0.875
9.5
4.625
4.0
10.375
4.625
-4.0
-9.625
-12.25
-12.125
-19.875
-22.25
-23.0
-33.875
-30.0
-17.375
-16.5
-14.0
-14.375
-31.25
-34.375
-16.25
-16.75
-24.0
-24.625
-23.25
-21.875
-27.75
-24.0
-12.625
-13.875
-11.0
-15.25
-24.0
-13.875
-15.375
-23.375
-15.5
-13.375
-21.875
-23.5
-19.125
-13.25
-7.625
-5.125
-2.125
-3.375
-7.25
-6.875
-8.125
-17.75
-23.0
-9.625
-0.875
-3.125
-9.875
-15.25
-12.375
-10.375
-10.875
-13.25
-9.875
-9.125
-10.625
-5.0
-7.125
-10.0
-2.0
-9.625
-19.5
-10.125
-13.625
-26.625
-19.875
-9.125
-9.875
-10.875
-14.75
-14.375
-9.625
-7.25
-9.625
-16.5
-18.875
-15.125
-12.0
-12.0
-13.0
-12.75
