2.375
-1.625
-29.375
-17.75
-4.125
-27.0
-20.75
-23.25
-36.375
-20.25
-13.875
-31.25
-59.75
-53.25
-21.125
-1.625
1.375
-12.5
-24.5
-24.75
-12.75
-26.125
-45.625
-24.875
-13.25
-17.375
-18.125
-20.875
-23.875
-14.125
-11.125
-24.5
-18.625
-17.125
-24.75
-27.625
-43.875
-44.375
-22.0
-25.75
-53.625
-49.0
-21.0
-12.125
-17.5
-30.125
-32.875
-25.75
-23.5
-21.5
-20.5
-16.375
-23.875
-43.875
-41.125
-27.25
-30.625
-31.625
-31.375
-35.625
-44.75
-23.25
-1.125
-33.125
-51.75
-48.125
-45.875
-38.5
-47.375
-56.625
-44.875
-50.5
-55.875
-38.375
-21.5
-33.75
-46.625
-31.375
-37.75
-70.125
-65.75
-33.25
-27.875
-40.0
-44.125
-47.5
-52.25
-51.875
-62.25
-51.25
-34.25
-45.5
-51.125
-32.5
-18.375
-37.125
-51.125
-30.375
-21.875
-32.0
-32.875
-32.375
-29.625
-37.625
-40.375
-26.625
-31.0
-36.375
-35.75
-36.25
-32.625
-25.5
-17.875
-30.25
-39.875
-25.125
-27.375
-42.625
-32.75
-20.375
-22.875
-21.875
-18.875
-25.75
-46.5
-65.75
-59.625
-50.875
-43.375
-26.0
-28.5
-43.875
-57.375
-51.5
-35.375
-34.125
-33.375
-35.125
-26.75
-29.75
-40.75
-34.375
-20.5
-18.375
-45.875
-52.625
-25.875
-14.0
-30.0
-47.75
-59.5
-67.625
-56.75
-33.875
-34.125
-42.0
-41.5
-33.75
-23.25
-30.875
-35.75
-29.0
-31.625
-52.5
-63.375
-55.0
-56.125
-56.375
-39.375
-32.0
-47.75
-46.125
-39.875
-45.625
-35.75
-31.875
-34.625
-38.25
-45.625
-42.75
-36.125
-34.875
-50.125
-60.0
-60.875
-66.0
-60.625
-56.25
-50.625
-49.75
-64.0
-71.125
-71.5
-57.625
-49.25
-49.625
-48.75
-57.625
-64.5
-63.0
-48.25
-36.25
-30.25
-33.5
-46.625
-41.375
-24.0
-31.875
-46.75
-45.625
-44.625
-52.5
-60.625
-58.625
-50.75
-53.625
-60.375
-53.25
-68.875
-76.5
-41.625
-24.75
-37.625
-42.0
-34.0
-40.75
-52.75
-52.0
-47.5
-40.0
-32.25
-22.875
-21.25
-30.875
-37.125
-36.625
-42.0
-52.25
-46.875
-34.375
-50.25
-78.75
-79.875
-56.5
-33.375
-42.25
-57.125
-38.625
-20.375
-31.375
-40.5
-25.625
-13.625
-16.0
-21.75
-28.625
-36.375
-37.25
-31.75
-25.125
-31.0
-43.875
-37.875
-25.125
-26.375
-33.625
-40.625
-36.125
-30.125
-41.0
-49.125
-35.875
-29.25
-49.625
-49.125
-37.875
-31.625
-40.625
-63.0
-52.25
-43.875
-47.25
-47.625
-43.625
-38.0
-46.0
-81.25
-107.5
-70.125
-31.875
-33.625
-31.375
-34.0
-32.375
-23.125
-28.625
-42.125
-46.875
-34.75
-30.75
-48.25
-52.0
-34.125
-27.875
-29.25
-33.375
-42.25
-39.25
-39.25
-62.875
-62.5
-38.625
-39.75
-42.125
-42.75
-61.875
-65.25
-48.875
-47.0
-59.25
-53.125
-24.875
-34.125
-59.5
-28.375
-4.0
-26.5
-31.5
-23.875
-31.125
-33.125
-29.25
-29.5
-31.875
-29.625
-44.125
-61.875
-56.75
-49.0
-53.375
-58.75
-58.375
-47.75
-35.5
-45.0
-48.25
-54.25
-64.125
-66.0
-75.375
-54.875
-24.625
-31.0
-29.5
-16.0
-20.0
-27.0
-43.625
-50.25
-28.25
-35.375
-56.875
-47.375
-47.875
-54.125
-44.625
-46.125
-53.125
-56.0
-52.75
-48.375
-48.375
-50.25
-44.5
-26.125
-25.75
-43.375
-40.875
-36.75
-50.375
-32.5
-8.875
-31.75
-48.75
-50.375
-49.375
-43.25
-57.25
-67.75
-61.0
-42.375
-41.0
-37.5
-1.75
-1.25
-23.875
-30.125
-33.25
-28.0
-25.25
-36.5
-37.0
-26.5
-24.125
-27.125
-27.625
-35.125
-30.5
-20.375
-38.0
-42.5
-29.5
-32.125
-41.5
-35.125
-29.625
-41.125
-47.125
-43.375
-39.75
-38.125
-32.375
-28.625
-33.875
-41.75
-41.25
-32.625
-30.875
-34.375
-37.75
-34.625
-27.625
-33.25
-40.375
-39.375
-40.25
-40.75
-28.75
-19.125
-21.75
-32.5
-50.875
-52.625
-55.25
-54.25
-32.375
-38.875
-52.5
-39.5
-44.875
-55.0
-41.375
-48.125
-54.125
-43.75
-38.5
-24.625
-17.625
-26.875
-42.5
-38.75
-28.25
-24.5
-23.875
-35.625
-46.625
-52.5
-49.125
-40.0
-34.875
-37.875
-28.875
-26.5
-34.125
-33.875
-40.125
-34.75
-26.25
-34.625
-37.75
-36.375
-35.5
-36.875
-39.375
-31.5
-32.0
-37.125
-45.875
-39.0
-36.5
-43.625
-50.0
-67.875
-53.25
-30.0
-33.5
-37.625
-34.125
-34.625
-35.125
-32.375
-36.75
-38.25
-31.375
-37.875
-47.25
-33.375
-27.125
-35.875
-31.5
-32.375
-39.25
-47.875
-68.25
-77.25
-69.5
-54.375
-41.625
-28.75
-33.625
-59.75
-54.75
-36.125
-38.5
-50.25
-59.125
-50.0
-38.875
-39.75
-39.0
-32.875
-41.5
-63.5
-59.0
-41.875
-30.5
-22.625
-23.625
-22.875
-32.625
-38.5
-25.375
-34.5
-48.0
-43.625
-50.125
-48.625
-38.625
-39.0
-33.375
-30.5
-29.0
-20.875
-25.125
-43.625
-48.25
-35.25
-31.875
-31.75
-30.375
-44.25
-41.75
-21.875
-36.0
-42.875
-33.875
-43.25
-38.375
-30.875
-39.0
-50.125
-54.875
-44.75
-34.25
-29.375
-33.5
-30.125
-23.25
-31.0
-31.875
-29.875
-29.5
-50.75
-70.375
-42.75
-5.25
-12.75
-38.25
-47.875
-60.25
-52.0
-20.5
-17.5
-21.625
-17.75
-26.5
-41.25
-43.5
-32.375
-22.625
-28.0
-50.0
-42.875
-22.625
-27.5
-34.75
-27.625
-11.75
-10.5
-31.875
-34.0
-26.75
-32.875
-36.375
-34.875
-30.75
-38.5
-46.125
-38.875
-35.625
-35.5
-33.5
-30.5
-30.0
-33.125
-37.0
-38.75
-31.375
-31.625
-35.75
-28.5
-29.375
-49.625
-50.0
-32.75
-26.125
-23.875
-28.125
-36.75
-18.125
-19.625
-49.875
-44.875
-20.25
-9.625
-21.875
-20.0
-17.125
-27.375
-18.625
-14.5
-19.0
-38.25
-62.125
-47.375
-24.0
-19.0
-20.0
-16.375
-9.0
-15.125
-39.875
-38.875
-21.5
-23.75
-27.875
-17.75
-15.625
-38.875
-32.75
-0.125
-5.5
-31.125
-46.875
-37.875
-20.125
-25.75
-19.875
-9.75
-15.375
-36.75
-54.375
-40.625
-25.0
-14.25
-3.25
-18.0
-36.625
-31.75
-26.625
-31.5
-38.25
-24.125
-19.25
-53.375
-48.625
-25.25
-31.0
-22.25
-15.875
-23.5
-26.625
-12.75
-8.125
-21.0
-17.875
-22.5
-29.25
-22.875
-18.5
-27.25
-31.375
-17.0
-16.875
-16.875
-11.5
-13.25
-25.125
-37.875
-22.125
-19.25
-32.625
-30.625
-24.875
-26.375
-32.375
-23.375
-29.25
-49.0
-42.75
-28.875
-36.25
-38.875
-23.75
-17.625
-20.875
-35.75
-38.5
-30.75
-30.0
-26.125
-25.5
-28.375
-31.875
-28.25
-27.25
-26.25
-20.375
-27.375
-31.875
-36.5
-40.5
-22.125
-17.5
-42.375
-48.0
-34.625
-34.375
-37.75
-34.375
-39.125
-45.5
-35.75
-29.25
-42.0
-52.625
-50.375
-50.25
-45.875
-35.875
-30.0
-39.125
-47.375
-46.625
-44.625
-38.25
-52.0
-60.375
-41.875
-33.0
-39.0
-45.25
-48.25
-47.625
-43.875
-35.75
-47.75
-59.75
-54.625
-59.5
-59.0
-48.375
-53.25
-68.5
-54.375
-40.625
-56.0
-60.25
-48.75
-51.25
-64.25
-63.5
-55.75
-58.375
-61.125
-60.375
-62.375
-66.125
-69.125
-64.5
-48.875
-60.375
-75.25
-65.125
-68.625
-68.25
-65.875
-70.875
-66.5
-62.0
-62.25
-61.625
-74.375
-79.25
-66.75
-63.125
-64.625
-58.375
-50.75
-63.875
-66.625
-51.25
-52.125
-65.75
-70.0
-63.75
-74.25
-79.75
-71.125
-79.625
-84.5
-76.375
-66.0
-61.5
-72.0
-70.625
-63.0
-65.5
-67.625
-70.125
-65.625
-56.75
-50.375
-64.625
-76.125
-61.125
-62.0
-75.125
-76.0
-78.5
-74.75
-74.75
-75.5
-61.75
-59.625
-58.375
-51.375
-59.0
-66.5
-66.125
-66.0
-62.0
-63.25
-79.5
-80.75
-65.75
-66.25
-73.75
-75.5
-76.625
-72.625
-74.25
-89.375
-79.5
-65.75
-70.875
-70.75
-71.75
-68.75
-65.5
-82.0
-89.0
-65.625
-66.875
-85.5
-88.75
-97.5
-79.625
-59.625
-74.5
-84.875
-79.75
-79.0
-82.625
-82.0
-79.625
-71.25
-61.25
-63.875
-87.125
-95.625
-77.375
-70.0
-65.125
-77.375
-83.875
-64.375
-66.5
-81.375
-83.375
-71.0
-73.125
-81.0
-70.0
-70.5
-70.0
-60.5
-68.375
-75.5
-60.875
-56.75
-67.875
-63.875
-59.125
-63.25
-70.875
-81.5
-80.625
-73.875
-76.0
-65.625
-66.625
-75.625
-66.125
-53.0
-43.625
-57.25
-73.875
-69.25
-48.5
-43.625
-69.875
-64.125
-41.25
-51.75
-70.0
-61.875
-55.625
-60.375
-66.0
-73.375
-60.0
-51.75
-67.25
-62.375
-46.5
-65.625
-78.125
-58.5
-50.625
-53.5
-55.875
-62.25
-64.25
-62.5
-58.125
-55.75
-50.125
-42.875
-42.625
-49.625
-56.0
-49.5
-50.75
-54.75
-48.0
-58.25
-61.625
-62.75
-64.125
-51.625
-67.0
-65.125
-42.375
-41.625
-40.25
-50.875
-56.875
-46.5
-47.875
-55.625
-52.5
-49.5
-50.5
-66.0
-64.75
-43.125
-52.875
-52.0
-42.125
-48.625
-40.875
-40.625
-45.125
-45.875
-54.125
-48.0
-46.75
-50.0
-41.0
-42.875
-50.25
-45.5
-45.0
-52.875
-54.75
-50.125
-53.125
-53.25
-56.875
-59.875
-44.125
-49.125
-63.125
-57.625
-55.25
-55.75
-49.75
-29.0
-19.375
-38.75
-47.875
-48.25
-49.5
-47.0
-44.5
-44.75
-45.625
-43.5
-50.125
-55.125
-44.875
-32.125
-20.625
-37.0
-51.125
-22.0
-6.75
-19.375
-28.625
-31.25
-35.125
-37.75
-42.25
-40.875
-36.25
-36.0
-36.25
-37.125
-38.0
-36.75
-35.875
-31.125
-19.625
-44.875
-57.875
-21.625
-16.125
-28.75
-28.875
-31.875
-33.5
-32.0
-32.75
-32.875
-25.875
-31.25
-47.5
-34.75
-27.625
-36.75
-25.375
-29.625
-43.25
-25.875
-30.875
-59.375
-45.0
-26.125
-35.625
-29.75
-24.125
-41.625
-49.125
-38.0
-28.875
-35.625
-41.25
-35.125
-31.25
-40.875
-42.0
-32.125
-39.75
-35.25
-24.375
-33.625
-43.625
-44.25
-45.875
-44.75
-36.625
-36.875
-41.375
-36.0
-26.625
-34.75
-39.375
-36.625
-31.875
-24.25
-25.125
-22.75
-25.0
-34.375
-36.25
-28.75
-22.25
-34.25
-46.5
-33.875
-30.5
-39.75
-34.25
-37.375
-32.875
-25.5
-45.0
-45.75
-32.375
-34.375
-42.625
-43.25
-46.75
-41.125
-20.0
-31.125
-42.5
-42.0
-44.75
-38.25
-35.625
-37.5
-43.875
-39.0
-27.25
-32.75
-38.125
-40.5
-39.625
-33.5
-40.375
-46.875
-38.875
-32.875
-35.25
-39.75
-32.0
-25.125
-36.875
-49.5
-42.125
-37.125
-41.875
-42.5
-53.125
-56.25
-44.125
-38.875
-34.0
-36.125
-48.375
-44.875
-32.375
-38.875
-44.75
-30.25
-30.875
-26.625
-32.5
-49.375
-41.875
-41.875
-36.75
-21.875
-27.125
-36.5
-33.625
-20.375
-18.5
-30.625
-30.0
-28.375
-32.125
-35.625
-36.125
-36.75
-43.75
-46.25
-36.25
-33.0
-51.25
-48.25
-17.75
-19.25
-43.5
-42.5
-34.625
-36.375
-36.25
-42.75
-41.375
-37.25
-40.375
-38.5
-36.0
-42.875
-54.75
-58.25
-51.125
-39.5
-35.625
-41.25
-36.25
-23.375
-33.5
-27.0
-21.75
-37.125
-29.5
-25.625
-28.625
-28.625
-31.5
-34.75
-41.875
-45.25
-38.0
-33.0
-33.375
-31.125
-27.5
-35.125
-30.125
-21.125
-44.875
-43.25
-24.75
-26.125
-18.0
-21.625
-39.875
-35.875
-27.375
-33.625
-33.375
-32.375
-34.75
-33.0
-25.125
-21.625
-28.875
-30.125
-30.25
-14.875
-1.25
-22.875
-45.25
-44.75
-33.125
-31.375
-41.5
-32.375
-18.0
-27.0
-26.375
-18.25
-28.5
-32.0
-30.875
-32.375
-17.875
-15.875
-39.75
-53.125
-40.625
-25.5
-21.5
-30.875
-36.125
-23.0
-23.625
-32.0
-29.875
-31.625
-28.875
-27.25
-31.625
-27.25
-43.25
-55.125
-36.125
-22.375
-22.75
-38.875
-27.875
-16.625
-42.5
-45.0
-28.75
-23.75
-29.625
-37.125
-34.0
-29.25
-31.75
-32.625
-32.75
-37.25
-38.625
-34.375
-16.0
-14.125
-54.125
-51.5
-34.375
-44.75
-27.25
-22.625
-33.125
-30.125
-25.25
-28.125
-35.0
-34.25
-32.5
-36.625
-40.375
-40.125
-32.25
-28.625
-32.125
-25.5
-22.125
-30.625
-38.625
-39.375
-31.625
-23.875
-24.875
-28.75
-29.125
-30.125
-37.5
-35.5
-31.375
-34.75
-33.125
-25.625
-23.375
-36.125
-29.0
-5.25
-25.5
-61.375
-41.625
-11.125
-23.875
-23.0
-16.125
-28.25
-31.125
-29.75
-32.0
-33.25
-32.125
-30.875
-28.625
-28.125
-32.0
-35.875
-26.25
-18.0
-21.875
-28.75
-44.25
-39.25
-34.625
-25.375
-14.25
-32.375
-32.375
-32.5
-39.125
-39.5
-37.75
-28.25
-24.625
-25.5
-22.375
-20.875
-21.875
-22.0
-21.625
-24.625
-30.375
-26.625
-18.625
-18.875
-27.0
-34.625
-33.125
-32.75
-29.375
-23.375
-24.25
-29.375
-31.375
-23.25
-22.25
-26.125
-21.25
-21.0
-21.125
-14.25
-7.875
-12.375
-22.0
-21.5
-20.125
-22.125
-24.875
-26.125
-28.875
-27.75
-23.625
-26.375
-28.75
-27.0
-28.125
-25.625
-16.5
-12.0
-4.375
-15.75
-17.625
-3.375
-12.625
-15.625
-10.375
-4.875
-15.75
-21.75
-3.75
-7.125
-28.5
-30.625
-19.5
-18.5
-25.875
-20.25
-11.25
-22.25
-25.625
-12.5
-6.75
-13.125
-6.875
-3.625
-22.125
-33.0
-25.125
-15.375
-20.625
-36.75
-39.75
-32.25
-33.125
-33.875
-30.75
-25.125
-23.5
-29.25
-36.5
-34.75
-19.75
-6.5
-16.75
-25.125
-20.375
-20.625
-28.0
-30.875
-28.5
-34.875
-28.625
-24.125
-41.875
-48.375
-29.125
-24.625
-38.75
-33.375
-21.5
-25.625
-35.75
-34.625
-24.125
-16.5
-17.625
-23.5
-18.5
-15.25
-14.875
-9.375
-7.25
-17.0
-38.75
-37.75
-24.625
-28.625
-30.75
-30.0
-30.25
-26.125
-21.625
-25.125
-28.625
-19.375
-11.25
-8.75
-10.375
-12.125
-17.125
-23.25
-10.25
-6.25
-26.625
-37.5
-29.875
-18.625
-23.375
-33.625
-26.25
-13.75
-12.75
-13.875
-9.75
-12.125
-8.75
-3.75
-4.5
-10.75
-13.375
-6.5
-10.375
-20.75
-23.75
-27.125
-21.75
-15.375
-20.875
-20.125
-4.75
-4.125
-13.375
-20.125
-25.375
-13.75
-19.875
-22.625
-12.25
-9.25
-8.375
-0.75
-1.0
-17.25
-13.0
-3.0
-4.5
-10.5
-10.375
-3.875
-4.875
-1.25
-1.125
-3.375
0.5
1.875
3.125
-5.125
-10.5
-5.875
-5.625
-1.125
2.625
-12.125
-19.25
-7.25
-2.875
-0.75
-5.75
-18.0
-8.625
2.875
-2.875
-4.5
-6.625
-2.25
11.5
10.0
5.625
1.5
-10.0
-12.375
-10.25
-23.125
-26.875
-5.875
-2.5
-8.25
0.25
-2.0
-6.0
-11.75
-28.5
-29.125
-11.75
-1.625
-0.5
1.75
-5.25
-12.625
-14.75
-21.125
-11.125
5.125
-3.5
-1.375
12.0
-9.875
-23.625
-11.375
-0.5
0.625
-2.25
-0.875
-5.0
-11.125
-9.125
-5.75
-8.125
-8.75
-10.0
-8.125
-1.875
-6.625
-23.875
-17.75
1.875
1.875
-1.25
6.5
-3.25
-17.125
-8.375
-3.375
-12.75
-19.625
-8.0
2.875
-4.5
-8.375
-8.75
-10.25
0.875
2.75
-11.0
-14.125
-5.875
-6.75
-9.625
-8.875
-10.5
-8.625
-4.5
-6.75
-7.625
-2.875
-3.25
9.875
-0.375
-24.375
-22.125
-12.5
1.75
-3.625
-8.0
-5.25
-7.875
-4.875
-4.625
-1.125
0.5
-9.625
-10.75
0.5
2.5
-3.625
3.625
3.75
-6.25
-2.125
-1.0
-4.625
-0.25
4.75
-0.75
-8.25
-3.625
-3.75
-10.5
-1.75
3.125
-1.0
-1.25
-2.125
9.375
13.625
-10.0
-16.625
7.5
0.625
-21.125
-15.875
-19.25
-21.375
-9.25
-5.5
-9.75
-10.0
0.375
-7.125
-25.125
-12.25
-0.5
-7.25
-4.125
-2.75
-10.0
-5.5
3.25
6.0
9.25
0.0
-11.375
2.375
11.25
1.375
-6.75
-8.0
-7.125
-4.5
-6.75
-10.375
-8.125
-11.0
-8.0
-0.25
0.875
0.75
5.75
9.5
5.25
6.875
7.375
1.875
5.5
8.25
-1.75
-7.375
-2.0
-3.375
-8.0
-11.25
-6.25
17.125
17.25
-0.75
9.5
11.875
-9.25
-3.0
13.0
11.875
14.875
23.5
29.75
27.25
23.125
23.25
22.625
28.75
33.125
33.625
36.875
40.375
36.0
18.375
20.375
35.0
27.75
18.875
24.875
40.75
55.75
55.125
44.75
43.75
40.75
23.0
19.875
30.25
27.875
22.0
25.625
24.5
27.75
36.875
24.5
22.0
36.875
38.125
34.625
35.75
42.125
27.75
5.875
32.75
45.375
27.375
28.75
37.375
43.5
41.375
38.125
37.25
39.625
27.5
14.875
38.125
40.75
12.375
18.625
31.5
25.625
18.0
16.875
19.625
21.125
22.625
19.0
24.625
32.75
36.0
27.75
30.25
37.5
12.25
7.625
29.625
29.875
22.625
30.75
30.75
25.125
22.25
13.0
23.875
31.125
25.25
25.25
20.125
21.625
27.75
20.0
8.5
15.875
24.0
14.0
12.625
15.5
12.625
16.125
15.125
13.125
24.375
23.625
16.25
22.125
22.625
26.625
22.625
8.875
8.375
17.0
24.0
25.25
26.125
31.25
30.5
22.75
30.125
37.25
30.5
27.75
25.625
28.875
34.25
25.125
25.125
33.625
36.625
45.375
56.0
47.5
22.75
16.75
41.125
51.875
38.875
35.75
42.875
41.125
41.0
45.625
39.5
28.25
22.375
26.375
40.375
51.625
49.25
43.0
30.375
21.875
33.0
43.5
46.0
33.125
21.625
31.75
30.125
25.625
43.25
41.875
21.625
25.375
36.25
35.5
34.75
43.75
44.375
32.375
39.625
54.375
40.375
30.25
34.875
23.125
16.0
22.375
28.0
25.625
27.375
39.125
42.875
38.125
33.25
37.0
39.875
34.25
30.5
35.25
45.5
42.125
44.625
51.0
32.375
23.625
37.125
34.25
25.625
34.25
34.875
31.5
32.5
33.125
35.75
30.875
31.75
31.75
32.0
43.5
37.375
29.375
45.375
48.75
39.125
43.0
44.5
32.375
25.375
24.5
27.125
34.5
32.875
36.125
34.875
30.0
28.375
24.375
34.75
45.5
35.375
24.25
20.75
28.5
46.125
36.625
24.625
35.5
44.0
39.875
41.625
51.125
26.75
13.5
36.375
31.75
24.25
39.375
47.75
40.375
29.125
29.75
34.5
30.625
34.375
43.25
40.875
44.375
49.75
44.125
38.25
34.5
31.5
35.25
45.75
39.0
29.5
45.125
37.75
24.625
36.875
43.0
39.25
34.375
37.625
33.875
22.75
23.5
42.25
52.125
41.25
41.75
56.25
43.875
24.625
36.875
44.625
43.25
38.25
35.375
36.0
38.375
44.5
39.75
37.5
45.625
39.25
27.375
38.5
57.5
51.625
30.375
29.0
55.0
70.25
54.375
44.125
40.25
36.625
34.125
28.75
33.0
37.0
38.25
36.25
36.25
39.125
23.25
18.25
40.25
57.75
40.875
25.0
48.125
55.25
48.375
54.0
39.5
28.625
30.75
26.0
31.75
35.75
26.125
26.875
35.75
41.375
44.0
33.625
29.25
40.75
44.75
34.0
22.625
40.5
48.875
40.5
49.625
43.875
36.25
44.5
42.0
35.0
36.375
39.25
40.75
38.375
31.75
32.25
40.375
38.0
33.25
35.125
43.0
39.875
21.25
23.0
37.5
33.75
20.125
27.25
38.25
35.625
24.0
16.25
27.125
28.0
24.5
27.375
30.0
38.625
44.625
36.625
26.125
19.625
18.375
27.25
31.0
30.0
28.875
25.875
14.5
13.25
24.875
33.875
42.625
22.625
22.5
38.25
30.375
34.625
41.25
39.25
32.5
37.0
52.875
38.875
24.5
33.125
34.25
30.0
29.25
29.625
32.625
40.5
30.375
26.375
43.125
33.375
28.375
37.0
32.625
24.25
19.875
34.75
45.125
25.5
18.375
37.5
37.125
25.0
25.0
17.125
13.5
20.125
19.625
21.375
21.25
23.0
33.75
30.0
26.25
42.625
37.25
28.625
33.25
25.125
21.375
22.25
24.75
30.25
30.125
27.0
26.875
35.125
37.875
21.5
15.625
22.625
28.25
33.125
37.375
36.125
28.0
28.375
31.875
25.5
22.625
20.25
15.875
18.875
18.5
14.0
13.25
12.875
13.125
13.125
13.125
21.875
13.5
-2.625
20.0
22.75
5.375
9.25
-6.375
-16.625
-14.375
-17.625
-14.25
-18.5
-22.625
-13.625
-10.0
-20.5
-18.875
-10.5
-10.25
-11.375
-10.625
-5.625
-11.875
-14.625
-7.375
-4.0
-14.0
-24.875
-13.875
-5.875
-11.625
-14.375
-15.75
-11.375
3.375
-2.125
-11.5
1.0
3.75
-18.0
-24.875
-14.0
-8.875
-10.0
-10.125
-12.25
-14.625
-11.5
-15.875
-18.875
-6.625
-0.625
-15.875
-6.75
6.75
-11.625
-18.625
-12.25
-13.125
-17.25
-20.625
-23.375
-16.25
-5.625
-11.5
-11.125
-9.25
-12.5
-7.125
-4.0
-2.375
-6.875
-5.5
2.5
0.25
-5.625
-5.25
4.125
-2.875
-14.75
-2.875
-2.25
-12.375
-10.875
-4.875
-11.375
-13.75
-0.25
-7.0
-11.125
1.875
11.0
7.0
-1.25
-3.125
-6.125
-5.5
-5.625
-5.625
-3.75
-4.125
-3.5
1.875
1.75
-3.875
-0.5
-0.25
-3.5
1.25
-1.25
-11.125
-1.25
8.625
-4.625
-12.25
-9.875
-2.0
12.75
12.625
0.0
-5.625
-0.75
12.5
10.75
-2.125
-9.5
-3.5
4.25
-1.5
-2.25
2.0
0.5
-1.0
5.25
6.5
2.5
2.375
1.5
-3.375
-10.125
-10.375
-4.125
-6.5
-9.375
-4.875
-0.625
4.5
1.125
-9.0
-2.75
8.75
13.25
14.125
7.625
5.5
0.0
-1.125
6.625
11.75
1.0
-10.375
-4.75
-1.625
0.5
0.25
-1.0
-2.125
-3.5
-2.25
1.125
8.25
3.625
3.75
12.5
3.5
0.25
13.375
14.875
1.25
10.125
22.75
14.375
2.25
-4.0
7.375
15.375
11.875
9.125
6.875
5.375
0.75
-5.0
-3.25
4.375
9.75
6.875
2.625
8.0
8.75
-3.125
-0.5
10.125
11.125
16.5
13.125
2.375
9.125
25.875
34.25
25.25
4.375
0.0
5.375
5.0
11.75
10.75
0.5
8.25
21.125
16.375
11.625
13.125
12.75
12.5
19.25
12.75
10.5
15.75
2.75
1.125
3.0
7.625
20.25
16.875
9.5
11.75
12.75
15.125
22.125
23.375
13.125
19.125
18.75
1.0
1.125
-3.25
-1.625
9.125
9.5
7.375
-0.125
-1.125
4.75
2.5
-2.625
-5.625
3.875
10.5
2.875
6.375
13.625
-2.875
-9.0
5.5
3.25
-0.875
2.5
4.125
7.0
11.5
11.125
-1.25
-3.375
2.125
-6.0
-8.75
1.125
2.625
-19.375
-12.125
12.375
18.875
7.125
-14.625
-8.75
-1.75
-0.125
-1.375
-6.375
-5.375
-4.375
-6.25
-10.375
-8.125
8.0
5.125
-9.0
-3.875
-9.5
-7.875
-3.0
-19.625
-11.375
8.0
-1.0
-10.25
-8.125
4.625
15.125
-1.875
-17.0
-7.625
10.0
3.375
-6.0
2.625
-18.25
-23.25
-6.125
-9.25
-9.375
-4.375
-0.25
-7.125
-11.75
0.875
7.375
-5.375
-12.75
-11.125
-0.5
6.875
1.0
9.0
7.75
-2.25
4.375
4.5
1.625
-0.625
-5.875
-0.75
6.25
-2.375
-2.375
1.625
-2.75
3.0
8.875
10.5
3.125
9.875
8.75
-4.625
1.0
-1.0
-0.875
1.5
-4.125
2.5
16.75
13.125
-2.125
-9.875
2.0
10.625
-4.75
-3.625
11.75
-9.25
-15.0
19.375
13.375
-6.5
-2.0
-4.25
-1.375
3.25
-2.875
-2.875
-2.875
-1.875
0.75
-5.625
-4.625
13.625
8.0
-7.5
-3.125
-1.5
1.0
6.125
2.375
-2.375
3.625
-7.625
-19.0
-8.25
4.5
5.375
-9.75
-6.125
2.625
3.75
4.125
-0.5
-0.625
-3.375
-7.5
-2.125
1.375
-2.75
0.625
2.75
8.25
6.75
-3.875
1.875
11.0
12.125
3.875
-4.375
-4.125
5.25
9.5
-2.5
-9.5
3.5
0.75
-21.875
-10.625
6.75
-2.5
-8.875
-5.5
-6.5
-2.25
7.5
5.5
4.5
4.625
3.375
2.125
-9.0
-11.75
-7.625
-2.125
5.75
0.75
-4.125
1.375
3.75
-7.875
-12.375
-2.0
7.5
-0.125
-15.0
-18.0
-9.625
-2.375
-4.375
-4.25
-1.125
0.0
-2.875
0.625
-3.625
-17.0
-1.125
7.0
-0.375
3.75
-1.625
-6.25
-10.5
-10.125
-0.625
3.875
3.375
-2.125
3.5
10.875
0.5
-4.25
-1.75
-6.375
-6.125
-6.875
-3.125
6.0
1.25
-1.5
2.5
0.75
4.75
-7.875
1.5
17.125
-0.375
8.375
11.75
-2.125
3.0
6.875
-1.25
2.25
10.875
0.125
-9.25
-7.125
-2.625
-1.625
-3.5
1.875
11.75
2.75
-14.625
-6.875
2.5
1.875
3.75
4.5
2.375
1.5
-7.0
3.75
18.25
-3.375
-9.375
-10.375
-16.125
-11.25
-13.75
-7.625
-9.25
-18.875
-11.375
-6.125
-7.875
-6.0
-7.875
-8.375
-6.125
-8.5
-8.125
-2.875
-2.875
3.125
-7.875
-31.625
-27.125
-16.5
-11.25
-16.75
-9.0
5.75
-7.875
-17.25
-10.875
-21.875
-22.625
-9.5
-8.25
2.75
0.625
-12.25
-4.625
5.625
0.375
-3.25
-4.75
-11.875
-13.375
-4.75
-0.75
-17.5
-25.25
-18.5
-12.625
-13.75
-21.875
-20.125
-34.375
-40.0
-15.375
-1.625
2.25
3.875
-4.875
-10.875
-0.375
6.375
-4.25
-8.625
-3.875
5.875
6.375
-10.875
-7.5
5.25
-0.5
-12.0
-10.875
2.125
7.5
9.125
15.125
26.0
29.125
14.5
28.625
36.75
15.625
18.125
27.75
19.375
21.25
30.75
26.375
21.75
2.25
-7.375
23.75
49.375
41.625
37.875
45.75
43.875
42.5
48.125
42.625
35.25
33.25
34.25
42.0
39.875
32.125
33.75
40.0
44.625
46.875
33.875
32.5
25.625
6.5
33.375
56.75
51.125
54.0
57.0
53.0
56.75
53.25
45.0
45.625
48.0
45.125
39.0
39.625
40.25
42.25
35.25
31.875
43.125
49.375
41.375
31.25
51.0
62.875
50.0
54.375
55.25
41.125
41.125
50.125
44.75
43.75
50.5
48.5
45.875
48.0
41.0
40.125
47.0
37.75
40.375
49.375
37.125
36.25
44.0
42.625
48.25
41.25
21.375
9.5
23.0
59.75
82.5
79.875
68.25
54.375
40.875
46.25
48.25
42.0
47.625
41.875
37.0
36.125
20.875
28.75
47.0
39.25
32.375
38.25
43.75
44.0
45.875
46.5
42.0
47.375
57.125
54.5
49.375
46.625
47.0
52.625
37.875
35.625
47.625
26.5
14.25
26.75
28.875
28.5
32.875
26.625
33.25
38.625
35.0
58.0
64.25
43.875
23.125
26.375
52.125
47.875
43.75
50.375
40.625
32.625
32.75
32.25
27.125
30.875
36.0
30.875
29.0
35.25
40.125
30.5
28.0
46.375
49.625
31.375
22.75
26.125
41.375
44.125
34.75
44.625
51.375
31.625
16.75
24.875
25.375
25.625
39.5
41.875
32.0
27.625
34.125
42.875
33.25
31.625
33.375
36.0
46.75
28.25
20.5
30.0
35.75
44.375
34.375
24.625
24.625
22.75
21.25
21.0
28.375
29.125
22.125
23.125
31.625
36.75
33.5
30.125
32.5
32.0
41.25
43.0
30.375
31.0
34.875
41.0
47.375
44.125
31.0
21.75
26.625
31.875
25.75
16.25
17.625
12.625
4.25
18.5
33.875
37.875
51.875
60.625
47.25
45.25
41.25
24.875
25.625
40.125
39.625
30.375
34.75
27.875
13.5
12.625
19.75
20.5
11.375
22.75
34.75
27.875
30.125
36.25
38.875
32.875
22.75
25.375
25.0
20.75
30.625
46.5
30.0
15.75
23.625
8.375
10.125
19.0
16.25
27.125
35.375
40.125
31.0
18.0
24.375
29.5
22.625
14.5
16.5
19.5
23.25
20.5
2.625
0.875
1.75
-5.5
3.125
20.375
20.875
-2.375
-9.0
-0.625
-2.875
-9.625
-7.0
-4.25
-15.25
-7.875
5.125
-12.5
-19.625
-17.125
-21.875
-17.5
-17.125
-15.125
-6.25
-14.75
-29.25
-14.625
1.25
-25.375
-39.75
-21.75
-30.125
-41.75
-32.0
-30.875
-34.625
-28.75
-29.0
-33.5
-32.875
-30.125
-26.75
-29.125
-25.5
-12.375
-18.25
-35.125
-35.125
-37.625
-55.25
-51.25
-36.625
-43.875
-52.375
-48.375
-42.25
-38.875
-37.75
-41.375
-40.5
-35.625
-28.375
-21.875
-22.625
-30.875
-36.25
-36.375
-35.5
-31.25
-35.125
-37.5
-44.375
-50.25
-45.25
-58.25
-71.125
-53.25
-27.25
-40.75
-44.625
-3.0
-5.0
-27.625
-25.375
-22.0
-10.125
-14.375
-21.5
-21.0
-27.5
-25.625
-30.625
-38.125
-37.0
-35.75
-28.75
-18.5
-27.375
-36.0
-22.25
-15.375
-19.375
-17.625
-18.25
-21.25
-19.5
-18.375
-20.625
-29.0
-22.125
-20.375
-32.0
-34.375
-35.625
-32.125
-28.875
-29.625
-24.375
-27.875
-32.25
-28.25
-24.5
-24.125
-23.25
-17.625
-14.0
-32.125
-39.125
-29.25
-50.375
-53.25
-32.625
-25.375
-23.75
-29.0
-29.875
-17.25
-14.375
-23.75
-21.875
-17.5
-28.125
-30.625
-22.875
-20.625
-16.375
-26.875
-38.5
-32.625
-34.625
-36.5
-27.875
-29.5
-31.125
-25.0
-28.875
-23.75
-18.625
-33.375
-34.25
-23.125
-29.75
-34.375
-32.375
-35.625
-34.75
-38.125
-41.375
-37.875
-28.25
-28.625
-38.625
-36.75
-33.5
-30.875
-30.875
-40.5
-39.75
-9.75
-12.875
-37.25
-23.125
-19.125
-30.5
-22.625
-25.25
-29.875
-26.875
-28.125
-27.375
-28.875
-31.5
-34.125
-29.0
-33.25
-35.75
-29.125
-31.875
-34.0
-31.0
-22.875
-23.25
-32.375
-26.125
-15.75
-15.5
-23.125
-27.0
-20.75
-25.375
-34.125
-24.625
-24.0
-24.875
-28.125
-35.125
-21.0
-19.875
-33.5
-29.75
-24.25
-28.75
-19.875
-6.875
-23.25
-31.25
-14.25
-16.375
-23.375
-8.625
-21.125
-40.25
-29.75
-29.75
-35.0
-33.625
-32.0
-28.875
-30.75
-39.125
-37.25
-31.0
-27.125
-21.125
-20.125
-29.125
-22.0
-15.125
-23.125
-17.75
-17.375
-30.875
-40.125
-48.25
-51.625
-36.5
-32.0
-26.75
-31.0
-39.375
-24.375
-30.875
-35.0
-26.125
-34.25
-37.375
-25.25
-23.75
-30.375
-26.0
-23.75
-28.875
-28.875
-26.5
-31.25
-32.625
-27.875
-34.625
-25.75
-9.5
-33.375
-53.625
-47.625
-39.875
-33.5
-37.75
-42.625
-39.875
-39.125
-36.0
-26.75
-20.625
-35.75
-32.125
3.375
-12.625
-36.625
-22.125
-17.5
-20.875
-21.875
-29.375
-37.0
-42.0
-45.75
-40.875
-40.5
-59.0
-71.25
-57.375
-47.375
-43.125
-32.625
-24.75
-20.25
-24.625
-32.125
-23.25
-18.875
-23.125
-25.25
-33.875
-38.625
-36.375
-43.125
-49.0
-43.75
-41.375
-34.75
-44.625
-39.125
-26.5
-41.875
-36.75
-34.0
-30.125
-28.25
-26.875
-23.25
-31.0
-31.375
-33.375
-34.125
-34.75
-36.125
-36.875
-40.875
-39.25
-31.125
-32.5
-35.125
-37.125
-40.25
-32.25
-34.625
-32.375
-26.625
-35.0
-26.5
-25.875
-36.5
-32.875
-29.625
-29.375
-28.375
-31.625
-32.75
-36.25
-38.5
-33.75
-28.75
-33.75
-43.25
-34.25
-26.75
-27.375
-22.625
-22.75
-27.25
-24.0
-26.375
-34.0
-27.625
-29.625
-32.75
-29.5
-41.0
-29.0
-13.875
-32.0
-31.75
-15.5
-16.0
-22.25
-21.625
-24.75
-27.375
-24.625
-35.875
-36.875
-41.125
-57.375
-49.5
-34.375
-23.625
-37.0
-43.25
-33.5
-37.875
-36.75
-32.0
-28.5
-31.75
-38.0
-32.25
-23.375
-22.875
-26.25
-30.875
-35.125
-36.625
-34.875
-49.5
-55.0
-42.75
-42.75
-46.75
-46.5
-34.5
-27.25
-33.375
-32.5
-28.75
-28.875
-27.375
-27.375
-28.125
-29.25
-23.5
-17.625
-22.125
-27.5
-23.375
-23.25
-33.75
-32.75
-30.75
-31.5
-27.5
-34.75
-40.125
-34.25
-35.875
-36.75
-30.875
-20.75
-6.5
-19.25
-45.0
-23.125
1.25
-16.75
-21.75
-13.125
-14.75
-7.125
-19.125
-49.75
-45.875
-31.5
-31.25
-29.75
-21.25
-22.375
-32.25
-26.125
-13.875
-12.75
-14.375
-12.875
-13.125
-9.625
-5.75
-18.25
-45.125
-28.375
-0.75
-13.5
-17.875
-19.5
-24.5
-25.25
-25.125
-24.75
-19.875
-22.75
-33.5
-26.375
-18.75
-25.375
-32.375
-31.5
-29.25
-29.875
-20.375
-12.125
-13.5
-22.375
-34.5
-38.625
-33.375
-24.875
-22.25
-24.75
-18.125
-13.625
-16.5
-16.625
-17.625
-18.125
-20.25
-15.25
-17.375
-20.875
-17.625
-25.25
-24.75
-25.5
-36.0
-34.75
-25.0
-20.0
-15.625
-16.25
-24.25
-20.0
-12.375
-13.75
-10.125
-13.5
-22.375
-20.25
-21.75
-24.125
-18.125
-5.0
-6.0
-23.0
-33.375
-33.875
-30.5
-31.25
-24.875
-21.75
-28.375
-28.875
-25.375
-22.75
-24.5
-20.625
-14.625
-18.75
-9.5
-9.0
-21.625
-2.5
0.0
-20.5
-18.875
-14.25
-13.5
-2.125
0.125
-9.25
-10.0
-16.875
-11.125
-5.5
-9.25
-5.875
-4.75
-3.25
-3.375
5.625
6.625
-0.875
6.875
7.125
-8.0
-16.875
-2.625
5.625
-6.875
4.375
19.625
-10.5
-23.75
-13.5
-15.25
-0.75
7.25
-8.125
-13.125
-6.75
-6.625
-2.0
5.625
1.75
-2.75
-3.5
-7.875
-0.625
4.0
1.25
2.0
2.75
4.375
6.5
1.0
2.875
1.375
-18.5
-1.375
10.375
-12.875
-9.125
7.125
-0.25
-4.0
0.625
-5.25
-13.25
-9.5
0.75
-7.125
-21.125
-22.0
-11.0
-4.5
-3.5
-0.5
-3.75
-6.75
-11.0
-4.75
8.5
8.5
1.0
-3.5
-9.0
-12.25
-2.625
6.25
0.75
-2.25
2.125
2.5
-0.625
0.625
8.5
-0.625
-7.5
2.25
1.375
-2.625
1.25
5.5
-11.625
-37.5
-29.5
-7.75
-3.625
-4.375
9.375
19.375
13.625
15.75
12.5
6.0
2.5
-4.75
4.0
6.625
-6.25
-6.75
-5.875
-9.0
-8.375
-14.25
-16.75
-5.75
-15.125
-37.25
-29.875
-15.125
-16.5
-10.75
-7.75
-19.75
-18.375
-10.5
-7.625
-1.875
1.375
-6.0
-8.0
6.25
4.875
1.625
12.75
10.125
-4.5
-23.0
-14.125
3.125
1.25
8.25
13.25
3.875
-7.375
-4.25
1.625
-2.375
0.625
4.25
-0.25
2.0
3.375
-2.625
-3.125
-3.625
-6.25
-6.75
3.0
8.0
-3.75
-12.375
-6.375
7.875
7.625
0.125
-1.125
-7.125
-4.0
2.375
-5.0
-6.5
-3.5
-4.25
-4.125
-15.25
-31.0
-24.875
-17.125
-19.625
-20.25
-17.875
-6.875
-7.625
-12.25
0.375
-4.75
-17.0
-14.25
-11.125
-7.125
-9.5
-8.5
-6.375
-8.375
-7.125
-3.25
-0.625
-6.375
-6.375
4.125
4.625
-2.375
3.5
8.0
1.875
-3.625
-7.625
3.0
6.625
-1.125
-0.125
0.375
-7.0
-17.375
-12.875
-4.75
-4.375
-7.25
-8.75
-7.375
-7.875
2.375
-8.375
-30.125
-7.25
3.0
-9.5
-3.0
2.375
7.5
12.75
10.75
3.75
6.0
12.75
2.0
-0.25
4.25
-2.625
-10.0
-1.125
4.875
-6.0
-6.75
-4.375
-3.0
-3.25
-11.25
-7.75
1.875
1.5
-7.375
-15.375
-16.5
-8.875
-0.25
8.875
13.5
5.125
5.75
14.125
9.75
-6.375
-3.75
10.5
7.5
7.125
6.625
7.0
10.75
2.25
-10.125
-11.75
3.375
13.0
9.125
-0.5
-2.625
10.75
15.125
9.875
3.875
3.25
3.125
-3.5
0.0
2.875
-2.0
-3.5
-6.125
-4.375
-2.625
-6.75
-11.375
-3.625
12.375
4.0
5.125
14.875
5.875
3.625
5.75
5.5
1.75
-1.375
6.125
8.125
3.375
3.875
8.375
7.875
8.0
7.125
1.0
3.875
5.5
3.875
4.375
4.0
6.875
19.25
20.875
18.125
28.25
20.5
9.125
18.0
26.75
12.5
-3.5
3.875
0.25
-4.625
2.25
1.625
-3.375
1.75
5.25
-2.5
-0.5
0.75
0.375
4.25
2.25
3.125
11.625
15.5
4.875
0.375
3.25
1.0
16.375
24.125
10.25
-5.375
-8.625
0.875
-1.375
-12.0
-18.25
-5.875
7.875
7.875
11.75
17.25
13.0
-2.25
-4.0
10.125
6.375
-3.5
2.625
6.125
-4.25
-8.0
3.25
12.75
10.75
-1.5
7.375
13.625
-3.5
0.0
6.75
20.875
33.5
8.625
-3.125
6.375
5.875
2.125
0.125
0.125
3.125
7.625
6.5
14.375
28.5
21.75
13.375
6.75
1.75
7.375
12.5
16.5
4.75
-2.5
2.125
7.375
10.0
3.75
7.25
12.125
23.125
27.75
-3.125
-14.0
4.375
6.0
-1.875
-5.5
-3.0
-0.875
-8.0
-2.875
14.25
14.375
9.0
8.625
6.625
12.625
11.5
-0.75
2.125
8.125
5.625
9.875
17.0
10.5
14.875
24.375
13.25
9.0
16.875
14.375
8.125
11.125
15.375
12.875
12.0
20.875
25.125
4.375
-7.125
2.125
3.875
2.25
9.625
19.625
10.75
0.0
12.75
18.0
13.25
16.375
13.25
9.5
17.5
22.125
16.5
10.125
-2.0
0.625
11.5
8.875
7.5
11.375
13.125
-1.625
-5.75
16.125
26.625
23.625
19.125
11.75
8.25
7.5
6.125
5.375
-0.5
4.875
10.625
-0.375
-6.75
9.25
16.75
-2.625
-4.125
5.5
9.25
13.625
14.375
16.625
15.0
7.875
5.75
3.625
2.875
10.5
12.25
5.375
0.5
3.0
2.0
0.5
10.75
23.625
24.75
23.625
29.0
15.25
-1.5
5.625
8.125
12.75
17.375
10.375
14.75
14.5
6.125
17.75
27.125
15.0
13.75
15.125
5.875
15.875
33.625
27.0
13.5
7.75
3.75
3.5
8.875
18.0
19.125
15.125
11.75
3.5
4.625
11.875
8.375
-0.75
5.125
24.25
28.875
6.5
-4.875
5.5
1.125
2.75
11.25
6.25
8.25
4.625
-4.875
1.25
-5.0
-18.125
1.75
6.0
-7.0
8.5
19.625
11.125
11.125
15.125
-2.0
-4.875
15.875
19.125
16.75
4.25
-13.75
-1.25
10.0
8.5
3.75
1.5
5.0
2.25
4.625
3.75
-5.5
-8.875
-10.25
-9.875
1.875
6.25
0.125
1.0
8.125
15.0
8.375
0.0
-7.0
-14.25
-8.0
-2.625
1.5
-1.0
-9.5
-4.25
-0.25
-2.5
-10.375
-17.0
-2.0
12.0
14.125
6.375
3.125
13.0
11.0
2.5
7.375
14.0
10.375
1.125
-9.375
-4.25
1.75
-2.125
1.75
-5.75
-14.375
-7.25
-3.375
-2.5
-12.625
-2.875
24.0
15.625
-3.0
4.0
15.25
3.0
-4.0
4.875
3.625
-2.375
-4.625
2.0
9.25
7.75
6.5
3.25
-2.375
6.625
19.0
-1.0
-11.625
10.0
13.875
-0.125
-5.125
-7.0
-10.375
-0.375
12.0
15.5
9.375
6.0
7.625
-1.625
-4.125
-1.125
-3.625
8.0
12.375
5.25
4.5
1.75
-1.75
-5.5
-1.375
2.75
4.375
18.125
5.625
-8.75
3.75
8.375
9.0
6.625
3.375
1.25
0.375
-4.5
-9.125
-10.25
-6.75
3.0
11.5
13.875
7.375
-1.375
-20.0
-15.875
-0.125
0.125
12.75
17.25
2.375
-8.625
0.375
12.875
11.625
9.0
16.75
19.5
-1.625
-12.25
8.875
14.375
-2.625
0.875
5.5
2.875
6.0
5.375
8.125
6.75
-4.25
-4.0
1.625
8.75
6.25
1.875
4.0
4.75
2.5
-3.875
2.375
4.75
5.375
2.375
-23.25
-32.25
-15.5
-8.5
-20.375
-22.125
-3.5
10.625
1.25
-5.25
6.875
1.5
-4.625
7.0
11.125
11.125
12.625
4.25
-1.5
2.125
5.875
-4.125
-7.25
-0.25
-10.375
-22.5
-2.875
21.75
1.5
-16.0
-9.625
-11.25
9.375
18.0
-8.875
-6.625
-7.75
-40.75
-54.625
-34.25
-16.375
-12.25
-3.5
-1.875
-12.0
-8.25
1.625
0.25
-4.125
-14.5
-19.125
-11.625
-11.0
-16.125
-14.5
-6.125
-3.5
-10.625
-7.5
3.25
1.125
-7.125
-2.625
-4.5
-13.75
-7.125
0.5
-5.5
-11.625
0.625
6.5
1.75
7.625
-0.75
-24.875
-22.625
-6.75
-13.125
-21.5
-14.875
-5.875
-1.375
2.375
0.75
0.25
1.75
-9.25
-14.625
-4.125
1.5
-0.25
-0.125
-0.375
-9.375
-8.625
-4.25
-9.625
-15.375
-5.625
20.625
1.25
-20.5
-4.75
-11.25
-15.125
-3.5
-3.875
1.875
6.375
-10.375
-18.25
-7.0
-2.125
-9.875
-14.0
-12.0
-20.0
-21.125
-5.125
-2.125
-11.375
-15.25
-2.375
8.25
0.0
-10.75
-13.375
-2.875
7.125
-6.125
-13.875
-6.125
-15.875
-18.75
-1.875
-3.0
-17.625
-8.625
12.0
2.75
-2.25
1.5
-7.375
-2.0
-0.625
-12.5
-17.125
-6.125
5.75
1.0
4.625
15.375
-1.375
-6.25
10.875
17.625
14.875
10.375
5.375
3.625
12.0
19.25
7.375
-2.0
4.75
-2.25
-21.375
-10.125
5.875
-3.125
5.375
14.0
3.625
7.375
14.25
18.625
19.75
19.625
29.25
22.5
19.875
31.125
32.375
30.875
19.0
-0.25
-0.875
15.5
18.5
4.625
-5.375
6.75
7.25
-14.875
-10.5
0.5
-1.25
1.0
12.75
12.625
3.75
19.75
5.875
-9.625
14.375
12.0
18.25
37.125
30.375
20.125
14.125
6.5
5.875
8.5
12.0
2.5
-9.25
-8.875
-5.5
7.75
9.75
10.375
17.25
23.75
14.125
-13.125
-2.5
14.5
15.875
23.375
14.375
0.625
7.375
9.875
-2.0
-0.875
6.125
-6.125
-14.5
-5.25
-2.125
2.0
0.625
-2.0
8.75
20.75
23.5
13.0
2.875
3.875
9.75
12.25
12.0
6.0
1.5
6.875
12.375
8.625
11.375
17.0
13.0
7.75
-2.125
-0.125
8.875
9.5
10.5
7.25
-4.375
0.625
11.625
-0.125
-2.25
7.625
13.75
14.375
6.0
11.5
12.125
-5.0
-2.25
6.375
14.0
17.0
2.125
3.125
8.25
5.25
5.75
-7.25
6.75
22.625
10.375
15.75
14.5
13.125
21.0
15.375
5.625
-2.0
0.125
-1.25
-6.375
-2.25
1.375
2.625
-8.875
-11.25
1.875
2.625
5.25
0.875
-4.625
4.375
-1.75
1.375
11.75
-0.25
1.0
6.375
-6.25
-10.875
-13.375
-10.25
-4.25
-13.625
-19.5
-20.25
-24.75
-25.75
-22.0
-4.625
9.125
10.75
18.75
18.375
7.5
1.125
-2.25
2.875
-6.625
-26.0
-23.125
-15.625
-9.75
-6.75
-0.625
-1.75
-14.375
-8.625
-5.875
-15.25
-11.25
-4.625
-7.5
0.0
6.0
-1.375
-1.375
-5.25
-10.375
-7.375
-11.125
-11.0
-0.25
-7.25
-19.375
-20.75
-21.0
-7.25
-3.0
-13.375
-14.75
-9.25
-10.0
-7.5
1.875
-3.75
-7.75
-6.5
-7.75
-3.625
-8.25
-21.875
-9.75
10.375
-0.375
-14.625
-10.25
-13.875
-15.625
-5.25
-14.0
-16.375
-0.375
-3.75
-10.0
0.5
2.875
-1.875
1.375
-3.5
-14.75
-10.875
-6.75
-10.625
-2.875
-3.125
-14.25
-6.25
-4.125
-4.5
8.5
-5.75
-5.625
9.75
4.5
1.0
-12.625
-11.375
-3.375
-10.25
-14.125
-11.375
-3.75
-3.875
-5.0
0.0
3.875
0.625
2.875
9.5
0.625
3.25
5.875
-18.25
-18.375
6.625
-10.75
-34.5
-18.0
-9.125
-13.875
-18.625
-15.0
-10.875
-16.875
-5.375
1.75
-15.625
-12.0
4.375
3.5
-4.75
-10.875
-9.0
-4.625
4.625
8.625
-9.125
-8.0
6.5
4.875
13.625
1.125
-10.5
7.125
-3.125
-11.75
2.25
3.75
-1.875
-4.125
0.0
10.25
2.0
-11.0
-1.75
1.625
-3.75
-8.0
1.125
15.625
3.25
-5.375
0.625
-12.375
-11.625
-0.375
-4.875
-5.875
-5.125
-7.25
-4.0
-1.125
6.0
10.75
3.5
0.75
-0.125
-7.625
-9.0
-6.25
-6.875
-5.875
-5.875
-8.5
-13.375
-12.0
-4.5
3.0
-2.625
-6.875
-1.75
-5.25
-6.875
0.125
4.625
-1.25
-5.375
-8.375
-2.875
3.125
-4.75
-15.125
-21.125
-11.625
-15.625
-29.375
-26.375
-20.75
-22.875
-20.375
-10.625
-7.625
-15.125
-12.625
-2.125
-7.25
-7.875
-8.875
-22.875
-23.375
-14.25
-14.125
-13.25
-10.25
-13.875
-11.5
-3.75
-7.875
-8.375
-14.75
-21.875
-11.5
-3.75
-11.5
-25.625
-23.625
-6.0
-2.5
-8.125
-0.25
-11.875
-27.75
-21.5
-20.125
-27.375
-18.125
-14.875
-23.375
-17.375
-18.0
-23.125
-18.75
-13.375
-9.375
-3.25
-9.125
-21.125
-19.5
-18.125
-3.5
-4.625
-20.375
-15.75
-12.625
-12.0
-17.625
-16.5
-10.0
-16.0
-16.375
-8.5
-13.125
-21.75
-17.25
-15.125
-16.25
-23.25
-28.625
-14.125
-3.75
-3.375
-14.875
-30.625
-13.0
-11.0
-32.75
-22.5
-10.875
-18.125
-14.125
-12.875
-21.25
-13.0
-7.375
-12.125
-13.5
-9.0
-9.625
-15.75
-13.625
-16.375
-25.5
-26.0
-23.5
-14.375
-8.625
-27.25
-25.5
-10.125
-25.875
-24.625
-12.375
-10.625
-7.5
-6.0
-5.625
-6.375
-7.5
-6.5
-4.875
-1.375
3.375
-2.375
-6.5
-3.5
-8.625
-11.875
-17.5
-30.375
-20.375
-8.375
-15.125
-10.25
-11.125
-22.125
-14.125
-0.625
2.125
-1.25
-2.0
-1.375
-3.125
-7.0
-7.125
-1.5
-11.875
-25.0
-19.125
-8.625
-5.25
-19.0
-34.125
-26.125
-12.625
-11.5
-21.5
-9.625
-1.375
-21.375
-16.875
-2.75
-10.125
-16.625
-10.875
-9.875
-10.5
-12.125
-19.5
-22.875
-20.125
-15.5
-12.5
-24.125
-19.0
-0.375
-27.5
-27.75
-6.625
-16.375
-19.25
-21.5
-10.0
-3.125
-17.125
-17.125
-6.125
-6.125
-15.375
-6.75
12.375
3.875
-14.125
-17.0
-11.875
-12.125
-15.125
-24.5
-32.75
-34.0
-28.0
-14.625
-12.875
-13.875
-13.5
-14.125
-13.375
-17.5
-18.0
-18.625
-16.875
-6.875
-17.625
-31.625
-28.75
-26.625
-25.75
-24.75
-23.75
-23.75
-25.875
-31.875
-25.375
-16.375
-23.125
-27.625
-20.5
-15.375
-16.0
-18.0
-22.125
-17.625
-18.125
-19.625
-15.0
-20.0
-24.5
-25.25
-23.25
-26.75
-37.25
-31.375
-26.75
-26.875
-15.25
-13.625
-28.5
-26.375
-1.125
-3.375
-28.625
-26.25
-21.0
-28.625
-16.75
-7.5
-14.875
-18.375
-15.125
-16.875
-19.5
-22.0
-26.75
-23.5
-18.875
-22.875
-27.75
-25.25
-24.625
-28.0
-27.125
-28.625
-25.125
-18.25
-21.375
-33.25
-58.75
-48.375
-24.25
-36.0
-22.75
1.5
-7.0
-13.25
-16.75
-19.125
-14.375
-16.875
-23.75
-24.0
-19.25
-17.5
-15.75
-14.875
-14.25
-16.875
-18.375
-19.125
-19.125
-11.75
-12.125
-14.625
-13.75
-20.5
-19.375
-19.875
-31.875
-24.625
-27.625
-28.375
-15.625
-23.0
-17.875
-23.375
-33.125
-15.0
-10.875
-18.5
-15.0
-12.25
-19.125
-14.5
-8.75
-11.375
-5.0
-2.625
-8.25
-8.5
-12.5
-11.875
-3.625
-10.5
-21.625
-14.875
-9.0
-15.75
-11.875
-17.125
-24.375
-12.625
-12.0
-18.375
-16.375
-13.25
-19.375
-20.875
-16.75
-20.5
-17.125
-15.25
-13.25
-12.5
-13.625
-4.25
-12.5
-29.125
-28.625
-16.125
6.375
-0.875
-35.625
-26.5
-7.375
-11.25
-11.625
-15.625
-18.375
-20.875
-32.625
-35.375
-32.375
-30.125
-25.75
-23.125
-22.625
-23.5
-14.75
-7.75
-15.0
-27.0
-30.25
-20.0
-21.25
-26.0
-18.25
-14.875
-17.125
-18.375
-17.125
-22.375
-32.125
-24.75
-21.625
-35.625
-45.125
-43.375
-31.0
-26.375
-32.375
-26.0
-11.75
-15.375
-26.625
-15.625
-18.0
-35.125
-22.75
-15.625
-21.875
-33.0
-34.125
-18.875
-22.25
-19.875
-17.125
-31.875
-27.625
-19.0
-20.0
-24.625
-22.5
-15.25
-14.0
-12.375
-16.375
-27.0
-38.625
-43.5
-20.25
-1.875
-15.75
-25.25
-25.875
-22.75
-28.375
-31.375
-22.875
-22.5
-12.0
-10.75
-21.0
-14.875
-10.5
-15.25
-11.125
-3.0
-10.75
-18.125
-13.5
-16.75
-14.0
-4.75
-19.5
-32.375
-27.875
-16.375
-1.875
-22.5
-37.375
-18.0
-5.875
-2.5
-16.75
-30.625
-27.75
-14.375
-0.5
-2.875
-1.25
-1.875
-13.5
-15.25
-12.0
-20.125
-17.75
-14.625
-32.375
-24.75
-19.75
-21.5
-5.0
-7.625
-17.125
-15.75
-10.125
-12.375
-21.375
-22.875
-18.5
-14.875
-18.875
-20.375
-18.0
-17.375
-18.75
-26.5
-25.25
-20.875
-14.0
-7.0
-34.25
-40.75
-19.625
-20.25
-17.375
-9.75
-16.875
-18.25
-9.875
-19.0
-22.375
-23.0
-29.25
-22.75
-13.375
-16.125
-25.5
-20.75
-12.875
-14.125
-11.375
-12.0
-18.0
-19.625
-20.625
-9.0
-3.625
-31.125
-38.625
-16.875
-16.75
-21.5
-17.0
-14.125
-12.875
-16.625
-19.625
-20.5
-20.875
-21.375
-23.625
-26.625
-29.875
-29.0
-23.0
-30.375
-31.25
-21.25
-13.25
-36.75
-68.0
-18.625
5.75
-16.375
-20.25
-25.875
-12.5
-5.75
-29.875
-47.125
-35.5
-26.25
-23.75
-20.25
-25.75
-25.5
-23.375
-25.625
-21.125
-19.125
-24.125
-31.375
-33.375
-20.625
-15.375
-25.625
-17.125
-21.5
-38.375
-25.5
-7.5
-15.0
-24.75
-18.625
-13.5
-14.875
-22.125
-25.5
-26.125
-25.375
-19.625
-21.25
-29.875
-24.375
-14.625
-13.75
-13.75
-14.375
-14.75
-17.125
-18.875
-22.875
-28.0
-24.625
-14.375
-20.375
-33.875
-22.875
-11.625
-7.875
-20.125
-30.375
-17.375
-15.875
-10.375
-11.75
-19.5
-7.625
-10.125
-23.0
-27.875
-15.75
-1.5
-9.125
-9.5
3.75
-1.25
-7.25
-3.875
-8.25
-10.875
-16.375
-29.375
-31.375
-22.25
-19.625
-21.625
-21.375
-22.625
-22.375
-16.875
-14.75
-20.375
-19.75
-14.25
-18.875
-15.875
-15.0
-14.625
-6.25
-18.125
-14.0
-5.375
-30.5
-27.5
-12.75
-13.375
-6.5
-11.625
-29.5
-22.875
-13.0
-19.375
-9.75
-1.0
-23.75
-45.0
-29.25
-9.75
-6.375
-9.375
-9.75
-10.0
-18.0
-18.375
-6.625
-14.125
-32.75
-26.5
-16.5
-2.25
4.75
-8.125
-6.25
-6.375
-18.5
-9.625
-10.875
-27.5
-25.875
-17.875
-4.375
0.625
-3.25
-6.125
-6.25
-2.5
-8.875
-22.875
-22.5
-12.25
-11.625
-11.5
-11.125
-23.0
-28.25
-15.75
-10.875
-15.5
-4.0
-1.0
-2.375
5.25
-5.125
-14.125
-7.625
-0.25
1.125
-0.25
-4.625
-5.25
-2.625
-4.875
-6.75
-9.5
-15.5
-14.375
-12.125
-12.25
-9.5
-6.875
-8.5
-14.375
-18.125
-18.375
-15.375
-3.125
-5.125
-23.0
-16.25
-5.25
-9.625
-11.25
-7.375
-10.875
-13.0
-13.875
-26.625
-25.5
-15.875
-17.25
-19.375
-24.5
-28.25
-15.375
1.875
-10.125
-22.875
-20.625
-23.0
-27.25
-19.5
-5.5
-7.375
-13.0
-7.75
-6.375
-11.75
-10.75
-14.0
-20.75
-25.25
-22.25
-16.125
-19.625
-22.25
-19.5
-17.0
-9.375
-9.125
-19.375
-19.0
-3.875
-1.125
-26.875
-29.125
-16.375
-22.5
-22.625
-15.5
-16.25
-26.25
-27.625
-15.5
-11.75
-7.375
-4.75
-19.0
-17.75
-7.875
-7.125
-20.25
-23.25
-8.375
-8.625
-15.875
-23.625
-25.0
-13.75
-18.375
-28.0
-20.375
-11.125
-11.375
-20.25
-24.625
-20.625
-16.0
-16.5
-12.625
-5.625
-0.875
-4.875
-15.875
-18.5
-16.375
-14.25
-18.75
-19.75
-9.75
-17.375
-23.875
-14.375
-12.625
-5.75
-8.625
-16.875
10.0
18.75
-21.5
-23.125
-3.875
-13.125
-18.25
-16.125
-13.125
-15.375
-14.875
-15.125
-21.5
-21.75
-18.0
-8.5
-6.0
-18.0
-21.625
-28.375
-26.0
-1.5
-0.375
-18.0
-10.125
-6.125
-5.25
10.125
-1.875
-12.0
-7.75
-15.25
-14.25
-11.5
-23.75
-28.0
-19.625
-9.0
-13.5
-31.625
-28.5
-13.5
-12.25
-16.25
-9.875
-11.75
-1.375
8.5
-12.625
-13.5
-2.125
-5.0
-10.25
-10.625
-9.25
-8.625
-13.25
-18.375
-20.875
-27.875
-33.75
-37.125
-33.0
-17.5
0.0
-4.25
-16.875
-10.375
-6.125
-14.875
-15.375
-1.75
-3.75
-19.0
-20.25
-11.125
-10.875
-17.75
-19.125
-21.5
-21.25
-11.25
-12.875
-21.875
-12.75
-10.125
-21.875
-20.375
-22.875
-35.125
-32.625
-21.75
-11.25
-9.5
-10.125
-7.0
-7.25
1.875
-7.625
-28.625
-22.25
-14.125
-13.5
-15.125
-7.375
-5.25
-15.875
-4.75
-4.125
-14.5
-5.75
-11.375
-12.625
-6.5
-16.75
-21.125
-18.125
-12.75
-8.75
-8.125
-7.5
-9.875
-11.625
-12.25
-10.0
-10.25
-13.5
-11.75
-12.875
-19.125
-7.0
1.375
-21.25
-23.25
-17.875
-24.0
-9.125
-9.875
-38.375
-36.0
-16.375
-11.75
-11.375
-1.375
4.875
0.875
5.25
0.0
-8.75
-9.625
-16.75
-21.625
-17.875
-14.0
-17.625
-18.25
-15.375
-23.625
-33.0
-23.75
-10.125
-6.5
-0.25
-5.75
-14.875
-7.125
8.625
6.5
-2.5
-5.125
-8.375
-11.25
-19.125
-19.5
-16.5
-14.875
-11.5
-20.75
-33.25
-26.875
-12.5
-7.375
-6.875
18.0
18.75
-15.375
-11.5
6.375
19.625
9.375
-21.125
-16.875
-3.5
-6.5
-11.75
-13.25
-13.125
-16.375
-14.875
-15.25
-19.125
-13.375
-9.625
-16.25
-16.25
-10.25
-13.0
-10.375
-3.125
-0.875
8.375
2.25
-19.375
-25.5
-17.75
-11.125
-19.125
-22.75
-14.125
-8.75
-7.375
-8.875
-10.25
-5.125
-1.875
-7.75
-2.75
5.375
-1.375
2.75
-4.25
-17.625
-3.5
-0.875
-7.75
-5.0
0.0
-3.125
-19.875
-15.875
-11.25
-21.25
-9.375
-0.5
-13.75
-13.25
-1.5
0.5
3.0
3.375
3.75
5.125
-6.0
-13.0
-6.0
-4.5
-8.25
-12.0
-15.5
-15.625
-15.125
-9.0
-9.875
-14.5
-5.25
-13.0
-7.75
20.125
7.625
-14.75
-7.125
-3.5
-10.75
-6.5
2.125
3.875
2.375
1.0
-5.375
-11.5
-3.875
-2.25
-8.125
-2.375
-8.0
-17.5
-9.0
-5.5
-11.625
-12.5
-6.75
-5.75
0.5
4.625
-0.75
7.125
2.125
-9.25
0.375
5.875
-3.25
-10.125
-5.375
-2.75
-3.75
-6.375
-10.875
2.375
9.5
-8.25
-20.75
-16.875
3.0
-9.125
-19.875
3.875
-2.125
-8.25
9.5
15.25
6.0
5.0
13.5
17.75
17.25
14.125
8.75
5.125
0.25
4.625
5.625
2.625
9.25
18.625
10.875
3.5
9.0
2.875
1.25
0.875
5.625
10.0
9.25
10.625
3.625
-5.125
-11.875
-1.5
4.875
3.0
10.875
13.5
12.75
8.625
0.875
2.625
2.125
3.25
3.875
-7.375
10.875
29.0
19.875
-1.375
-9.875
5.125
7.125
-12.625
-17.75
-4.75
4.625
7.625
2.125
4.125
6.5
6.0
22.75
14.5
-5.125
5.125
2.5
-7.5
-5.75
2.125
12.375
10.0
1.875
5.0
10.125
2.625
-2.25
-2.375
-3.625
-0.625
-1.625
-0.625
2.75
3.625
0.0
-3.125
4.375
5.25
-6.625
-5.25
-1.625
-14.25
-7.5
7.0
-5.5
-13.375
-2.875
-4.375
-8.375
-8.75
-12.875
-11.125
0.75
4.5
-9.625
-1.0
5.25
-12.0
-8.875
-10.5
-18.625
-4.5
3.375
3.25
0.0
-2.375
-3.875
-4.125
5.875
4.375
-6.375
-2.125
0.125
-5.25
4.125
10.625
3.75
-5.875
-13.125
-8.75
-9.0
-15.25
-14.875
-17.125
-7.75
2.75
-1.75
-4.5
-14.25
-16.125
-11.0
-4.625
-2.25
-12.125
-5.25
3.5
-5.125
-11.875
-4.75
-1.5
-6.5
3.25
9.625
-5.875
-11.625
-5.375
-3.125
-2.75
-11.375
-4.375
-7.75
-35.125
-9.375
8.875
-24.625
-29.0
-15.375
-8.875
-5.5
-19.125
-17.875
-6.625
-9.5
-14.5
-20.125
-22.625
-13.875
-11.25
-18.125
-5.25
0.0
-11.625
-11.5
-3.25
-0.125
-17.25
-13.875
-2.75
-16.875
11.0
27.375
-7.75
-11.625
-6.125
-17.125
-13.625
-5.625
-11.625
-13.5
5.875
-7.25
-22.875
-9.375
-11.0
-6.375
0.375
-6.875
-5.625
5.5
9.75
1.625
-6.0
-6.75
-5.375
-11.375
-13.75
-1.25
-3.375
-11.875
-14.75
-4.5
-1.25
-12.375
-14.375
-24.5
-18.625
-6.75
-12.125
-7.375
-5.75
-1.25
9.75
3.0
-3.625
-7.375
-10.625
-9.625
-7.25
-5.75
-6.5
2.5
-7.25
-29.5
-15.5
-0.875
-17.0
-28.875
-18.25
-4.5
-2.5
-7.375
-2.25
6.75
6.125
0.25
-18.0
-24.25
-10.0
1.0
-5.375
-21.125
-14.75
-7.375
-5.5
-4.75
-14.375
-3.125
0.75
-7.375
-1.125
-9.0
-11.75
-12.5
-18.75
2.375
-3.625
-32.375
-25.375
-10.75
-20.875
-16.875
-3.375
-17.625
-10.875
-8.875
-19.875
-3.125
5.5
1.5
-7.75
1.375
5.75
-14.75
-10.625
-2.25
-3.875
1.0
3.625
10.125
11.125
-8.25
-15.625
-3.625
8.25
16.0
16.25
20.125
16.25
-0.25
7.0
18.75
-4.75
-11.5
7.875
0.5
-4.125
-0.75
-2.25
-6.125
-14.625
-7.25
1.125
9.375
23.125
0.625
-16.75
-2.0
2.375
6.375
1.625
2.125
19.0
11.625
-8.625
-4.125
-9.875
-30.25
-13.375
-4.875
-13.75
-3.0
0.0
-6.75
-10.375
-13.0
-5.75
-10.875
-14.375
-5.75
-4.875
-5.375
3.875
9.5
-3.25
-3.75
4.5
20.375
3.25
-33.375
-10.875
1.375
-16.375
-15.125
-2.25
-0.625
-15.375
-6.5
6.625
-6.875
-12.375
-3.5
-3.25
2.875
-9.5
-20.625
-3.875
-6.25
-7.75
5.375
-10.625
-20.5
-11.625
-13.125
-10.625
-9.5
-2.625
-1.625
0.875
9.25
1.5
2.5
7.125
-2.25
-7.75
4.375
13.5
3.5
-17.125
-17.0
-6.5
-17.375
-22.5
-15.125
-10.125
-11.875
1.375
6.875
-18.5
-26.25
-7.25
-2.375
-13.0
-8.75
-2.75
-1.125
-2.0
-16.75
-16.75
-3.25
-3.375
-19.125
-24.25
-13.25
-7.25
2.0
-11.0
-33.25
-16.375
-2.75
-10.125
-9.375
-15.75
-12.5
-7.125
-11.75
-8.5
-10.375
-13.0
-17.25
-23.25
-19.0
-11.25
-12.375
-11.125
-5.75
-9.0
-8.75
-10.75
-20.75
-10.375
-17.375
-38.625
-20.875
-3.5
-12.5
-3.875
4.125
-12.875
-16.125
-10.5
-7.5
-1.0
-7.75
-22.625
-18.75
-12.75
-6.5
7.0
8.375
9.375
3.75
-5.0
2.875
-2.875
-12.5
-3.25
-12.375
-13.375
-2.625
-9.375
-14.0
-17.875
-18.375
-13.625
-4.25
-14.375
-35.25
-14.5
1.125
-14.25
-9.375
2.75
-0.125
-4.25
-10.75
-2.75
-4.5
-26.375
-19.75
-12.25
-20.125
-24.625
-32.0
-23.75
-17.5
-23.5
-18.125
-15.625
-22.375
-17.375
-14.75
-15.25
-3.25
0.25
0.875
-9.0
-19.25
-9.0
-10.375
-15.25
-8.25
-12.75
-21.125
-20.375
-12.75
-12.125
-14.375
-8.125
-9.0
-22.75
-10.125
2.125
-10.25
-16.0
-24.375
-20.5
1.5
6.0
-13.875
-19.25
-10.75
-8.375
-2.125
-10.875
-22.125
-12.875
-6.25
-20.375
-22.625
-1.625
-6.125
-10.0
-1.5
-3.625
-8.25
-6.625
-3.875
-18.375
-18.125
-5.0
-18.625
-19.375
-3.5
0.5
-6.375
-10.0
-14.0
-21.875
-17.0
-11.875
-11.75
-10.625
-1.0
1.0
-10.125
-14.5
-15.625
-27.25
-32.0
-20.5
-13.25
-16.375
-24.375
-29.875
-21.0
-9.0
-12.25
-21.125
-8.875
-1.125
-24.75
-26.875
-11.625
-12.25
-21.375
-20.625
-8.75
-15.75
-26.375
-14.625
-9.75
-20.625
-26.625
-19.0
-15.375
-16.5
-14.375
-15.0
-17.25
-20.875
-12.625
-10.375
-19.125
-9.0
-5.625
-15.5
-22.625
-31.0
-27.375
-14.375
-10.375
-8.375
-1.5
2.5
-6.5
-23.0
-14.5
-1.5
-8.0
-14.125
-18.25
-13.875
-13.625
-20.5
-22.0
-12.5
-2.25
-14.75
-12.5
-10.5
-27.25
-25.875
-15.75
-4.75
-13.125
-35.875
-27.0
-15.75
-8.125
-10.625
-24.125
-4.25
5.25
-11.0
-15.625
-12.5
-10.5
-14.625
-20.5
-18.0
-9.875
-2.875
-0.25
-7.375
-11.375
-9.625
-25.0
-24.625
-5.875
-2.625
-7.5
-13.25
-18.125
-9.375
3.5
-6.75
-10.75
-11.375
-11.0
-8.375
-7.5
-4.375
-15.375
-22.125
-14.75
-7.75
-30.625
-40.375
-21.0
-23.5
-15.625
-17.0
-32.25
-25.5
-26.125
-23.625
-8.125
-19.375
-39.625
-22.375
-9.25
-16.375
-5.25
6.125
-3.125
-3.0
-4.875
-12.25
0.25
-7.75
-14.75
-7.0
-22.625
-30.75
-9.375
-0.5
-6.75
-6.375
1.625
0.125
-19.375
-8.875
7.125
-2.375
-8.75
-11.375
-16.5
-31.25
-29.125
-10.5
-18.25
-12.0
2.5
-3.5
-8.375
-1.875
3.25
-5.0
-7.375
-5.75
-13.75
-7.125
0.875
-6.375
0.125
-6.5
-26.0
-20.625
-14.875
-11.0
-0.875
-16.125
-25.375
-5.375
-9.0
-13.375
-6.875
-16.5
-17.125
-15.75
-14.5
-4.5
-6.75
-9.875
-1.625
0.125
-1.375
-7.375
-14.0
-4.875
0.5
-11.75
-16.375
-4.875
-11.375
-19.375
-7.125
16.875
20.625
5.875
-5.625
-19.375
-9.375
-3.625
-0.875
8.375
5.25
7.5
8.0
10.75
21.25
19.375
10.5
7.125
15.75
14.125
-6.25
-1.75
19.375
32.75
21.625
6.25
7.75
-0.875
10.75
14.875
2.25
2.75
3.0
13.625
8.375
-23.25
-8.875
21.625
-1.125
-5.625
5.0
-7.875
1.5
19.0
19.75
8.0
-1.5
8.625
4.5
-6.75
5.5
4.375
-8.25
-3.875
0.125
-1.75
-14.5
-9.875
1.0
-7.125
-18.875
-29.0
-14.375
-6.625
-9.25
6.75
6.625
8.125
10.0
-1.875
-7.25
-14.75
-4.375
0.375
-11.125
3.0
-2.125
-19.875
-1.375
0.25
-19.75
-24.5
-18.125
-15.75
-23.375
-28.0
-13.5
-1.0
-14.875
-14.0
5.125
0.25
-12.375
-11.0
0.75
-6.875
-28.625
-21.625
-26.125
-38.125
-19.375
-8.75
-22.375
-23.625
-17.25
-16.0
-4.5
-1.125
-14.875
-23.75
-22.875
-19.25
-13.625
-16.125
-16.75
6.375
16.375
-20.0
-39.875
-16.875
2.875
7.625
-4.75
-18.5
-17.0
-4.25
-2.125
-14.625
-8.25
3.625
0.0
-9.5
-11.0
-4.125
5.5
4.375
-5.125
-6.25
-10.875
-1.75
-3.875
-25.375
-17.375
-4.125
-5.5
-7.625
-9.125
-9.75
-7.0
-6.625
-12.875
7.125
6.375
-17.125
-7.125
7.125
13.125
9.0
3.375
-7.375
-18.5
-4.125
12.625
15.0
-3.375
-15.375
-9.0
-14.5
-19.75
-17.625
-16.5
-14.0
-7.5
1.5
10.875
14.625
14.625
14.25
11.25
8.125
-3.375
-5.125
-14.25
-24.25
-3.125
4.875
0.375
-5.25
-8.125
0.375
13.75
10.375
-9.25
-8.375
-1.5
1.25
-2.0
-6.375
1.875
0.625
-4.375
-3.0
-12.125
-10.75
3.125
-10.5
-26.625
-16.125
6.75
16.625
13.75
15.25
0.0
-8.75
-0.375
-2.0
-0.75
-12.375
-7.25
22.375
22.75
11.375
16.875
20.125
7.75
7.625
7.75
7.5
15.875
8.75
-2.25
-13.125
-10.25
-12.625
-17.25
3.625
5.375
-6.875
1.375
12.375
8.0
-2.125
10.375
16.625
16.75
14.75
2.625
8.5
18.375
10.75
-0.875
2.5
5.875
5.375
-5.0
15.125
34.75
12.875
6.625
8.375
0.5
5.125
23.75
15.125
5.75
20.625
23.375
17.375
14.75
19.375
34.375
30.0
3.0
4.375
27.625
27.75
18.625
17.25
3.875
0.875
15.375
18.625
19.25
21.75
25.0
8.25
-3.0
15.75
18.5
16.375
20.125
20.75
24.5
21.875
13.625
8.625
8.25
15.75
28.75
18.375
-6.375
-3.0
8.75
16.0
22.375
17.5
8.125
-7.375
-6.625
9.0
9.5
6.25
0.875
1.25
2.5
1.75
10.625
23.75
14.125
-10.125
-12.0
1.75
8.875
3.625
1.375
-0.5
-3.375
2.625
-3.125
-14.75
-1.375
9.375
-10.75
-20.25
-2.375
-0.75
-6.25
-8.625
-8.0
-5.25
-1.0
2.5
1.125
8.375
6.75
-3.875
11.0
12.25
-3.875
5.5
6.125
-1.125
-4.875
-4.5
-1.875
8.0
1.375
-16.75
-7.5
3.0
1.75
5.375
15.125
15.875
12.0
8.875
5.0
-0.25
2.375
6.875
-0.375
-5.75
-0.5
4.875
-15.625
-30.875
-16.0
-8.625
0.25
8.25
-8.5
2.25
20.625
15.625
14.5
16.75
22.125
17.25
14.5
16.375
-0.25
-3.25
-6.5
2.75
15.0
-16.5
-16.625
-2.375
-6.0
-1.625
-5.625
-10.0
-11.875
-3.875
8.0
1.0
6.875
7.125
1.375
10.0
5.125
-5.5
-8.625
-7.75
-6.5
-3.0
-1.875
-1.875
-0.375
2.0
1.625
-3.75
-4.25
-3.75
1.0
4.875
0.625
5.875
8.0
6.0
10.25
11.5
9.375
5.625
4.75
4.125
2.625
1.125
-4.375
-8.75
-4.25
0.5
4.0
15.75
11.875
-1.875
-4.25
-9.625
-3.875
4.25
0.375
3.875
9.875
2.25
3.5
7.5
4.0
9.0
8.25
2.5
0.375
7.625
9.25
5.125
9.5
17.125
17.125
8.625
0.875
1.625
11.125
8.625
-4.25
-3.125
13.0
21.25
9.75
-1.25
2.625
0.875
-1.0
1.125
2.625
5.5
9.375
9.25
2.5
6.375
11.875
5.75
0.875
9.5
3.0
-12.375
3.0
-2.375
-15.625
-2.0
15.0
17.125
0.875
-11.375
-6.625
11.625
2.625
-13.375
-15.875
-14.5
-0.25
15.625
8.25
-1.75
6.125
10.25
3.625
-1.5
6.25
13.5
2.75
-0.625
3.5
4.0
8.375
-0.125
-7.75
2.125
7.625
-1.5
3.125
17.375
12.0
-0.5
9.375
23.875
17.125
5.875
7.125
15.75
14.875
5.875
1.875
1.125
3.125
1.625
2.5
-4.0
-3.0
9.0
7.375
10.125
7.25
-6.625
6.125
18.25
4.125
10.875
-0.875
-16.25
13.125
0.375
-30.25
-21.375
-5.625
-3.75
-6.0
7.0
16.375
7.75
-0.625
10.125
22.625
19.0
11.375
14.375
6.0
-7.875
-2.125
5.25
-6.125
-13.25
-4.75
-2.125
-3.625
0.75
3.625
-1.875
-3.0
1.375
-9.5
-11.125
4.25
10.5
10.75
2.75
-3.75
-16.5
-16.75
-7.125
-16.0
-14.0
-0.25
-4.5
-16.0
-13.5
-12.125
-10.625
-9.25
-7.25
6.125
-6.0
-15.75
-3.75
-2.625
0.75
1.125
3.0
-0.75
-5.25
-7.75
-17.25
-17.0
-20.5
-18.25
-1.375
-7.625
-13.0
9.0
0.0
-10.25
-2.0
-0.875
6.375
0.625
-2.375
0.5
0.0
-4.125
-2.0
2.875
-9.625
-11.125
9.875
13.875
-1.375
-8.375
-14.25
-19.0
-13.75
2.875
2.5
-9.25
-5.375
2.625
2.125
6.375
10.25
1.875
10.5
6.375
-0.375
4.5
-1.75
12.5
13.0
-18.5
-28.75
-11.125
-3.125
-12.25
-19.625
-13.375
-5.125
-9.0
-0.25
8.875
3.75
6.375
1.25
-8.75
0.0
10.75
1.25
-2.75
11.5
10.875
3.375
5.125
1.375
-7.625
-6.75
5.25
-2.875
-17.75
-10.875
4.5
6.375
-3.25
-0.875
6.0
7.25
5.5
2.5
3.875
4.375
-3.0
-5.375
-2.75
-5.375
-7.125
-4.875
-9.25
-13.25
-2.375
-1.5
-8.25
-12.5
-20.25
-8.625
-11.5
-30.125
-14.75
-3.5
3.25
13.25
-3.0
-10.25
-3.625
-0.25
-8.875
-13.875
0.0
0.75
-4.0
1.125
1.375
-5.75
-7.375
-5.125
-10.375
-13.625
-10.625
-13.5
-6.25
7.625
1.0
-9.75
-3.75
8.75
3.5
-6.125
-6.125
-15.125
-13.875
11.375
8.25
-7.375
-4.75
-11.5
-11.5
-0.5
-7.375
-18.625
-17.375
-22.875
-28.125
-26.375
-17.125
-0.5
-0.625
-2.625
-8.125
-17.0
-2.5
6.25
-8.75
-15.875
-2.0
0.375
-16.375
-15.625
-14.0
-19.125
-14.25
-21.875
-18.875
-14.75
-21.75
-16.0
-10.25
-11.125
-13.625
-14.875
-8.75
-4.0
-13.125
-9.375
-1.625
-13.125
-4.625
6.75
-4.125
-10.625
-8.25
-6.375
-11.25
-2.375
3.5
-5.25
-4.625
-1.0
-8.625
-10.875
6.875
-1.125
-10.625
-0.25
-11.75
-24.75
-19.375
-5.75
2.0
5.0
2.375
-0.5
-7.625
-33.25
-25.125
0.5
-7.75
-12.75
-7.125
-6.75
0.0
9.0
-3.875
-6.0
3.375
-2.375
4.625
8.875
-2.875
-2.0
-4.875
-2.0
26.5
10.625
-16.5
-8.625
-4.875
0.0
5.375
-7.0
-12.125
4.875
8.25
-4.75
-7.625
11.25
10.375
-16.5
-13.75
5.375
-0.75
-10.5
-3.25
4.25
3.0
-3.0
4.125
3.25
0.125
9.625
8.125
7.0
2.25
-8.125
-8.875
-0.625
-9.25
-17.75
-1.75
-2.625
-17.375
-19.25
-7.125
-1.875
-12.125
-10.375
-6.375
0.625
10.0
-6.375
-19.875
0.5
11.125
2.75
5.5
3.625
2.5
16.0
11.5
-1.125
0.875
3.0
-1.25
-7.0
-2.125
8.875
4.5
-4.0
-1.875
-3.0
0.125
7.5
5.125
-4.375
9.75
16.625
-0.625
1.5
5.125
5.5
0.625
2.875
3.375
-15.25
-3.5
7.875
2.75
2.875
1.5
1.375
-5.625
-9.25
-2.875
2.75
2.625
3.625
7.25
5.375
1.875
-2.5
-2.375
0.875
1.0
3.0
1.5
1.25
8.0
11.25
-13.875
-31.625
-10.625
17.125
10.5
2.0
1.75
-4.625
2.375
1.375
-2.75
-2.5
-2.0
1.75
0.0
-6.75
-3.375
-0.25
-8.375
-6.75
5.75
13.25
6.875
-10.25
-10.0
-1.75
-6.375
-16.5
-11.875
-7.125
7.25
17.75
5.625
-3.875
-8.25
-0.75
12.5
16.0
-1.5
-13.125
-0.625
1.0
-12.875
-22.375
-18.75
-11.125
-14.0
-5.625
1.625
-4.625
-2.0
0.875
5.875
16.375
0.875
-8.625
5.5
6.5
7.75
7.375
0.75
1.25
0.625
-8.375
-13.0
-6.25
2.125
0.375
-2.375
9.375
10.625
-0.375
-1.125
1.5
0.0
-4.875
-13.75
-15.5
-1.625
1.875
-3.25
-3.125
2.75
4.75
-10.125
-14.25
-3.625
-2.625
-9.625
-17.5
-27.125
-16.0
10.5
6.625
-9.125
1.375
9.375
8.875
16.5
1.125
-17.25
-0.5
-3.125
-20.625
-18.375
-8.625
4.125
-5.75
-9.75
3.375
-0.875
2.5
10.75
5.375
16.125
17.5
0.0
-5.375
-5.125
1.375
7.125
3.0
-11.5
-16.75
-11.375
-15.0
-7.875
-7.25
-19.5
-15.375
-4.0
7.625
5.875
-1.5
4.875
5.125
4.625
10.625
8.875
10.0
8.125
4.875
4.75
2.875
-1.875
-15.625
-3.0
12.25
-7.875
-10.25
0.5
-5.625
-4.0
5.5
6.875
4.5
-3.125
-8.375
0.125
8.0
2.125
-6.25
4.875
11.75
7.125
3.125
6.125
4.25
-17.625
-26.375
-3.25
2.375
-9.125
-6.75
-14.25
-14.0
-6.375
-2.125
1.125
-12.0
-9.625
15.75
2.875
-17.75
-13.0
-1.875
-2.75
-11.375
-3.5
-9.25
-20.75
-10.5
-2.875
-12.75
-21.25
-19.75
-14.375
-11.5
-7.25
-8.375
-5.875
7.5
16.5
7.625
-17.375
-9.875
6.625
-10.75
-19.875
-9.25
-11.0
-24.0
-13.375
-5.125
-7.625
-2.75
-12.75
-16.75
-10.125
-8.375
-5.875
-3.5
-3.375
-3.125
-3.125
-10.25
-12.375
-12.625
-21.625
-12.875
-3.375
-17.75
-17.75
-11.0
-11.125
-3.625
-9.75
-15.75
-11.5
-19.125
-21.5
-14.625
-14.75
-15.375
-14.25
-12.5
-11.375
-14.375
-15.625
-8.875
-0.875
-0.5
-11.875
-25.5
-30.75
-24.0
-12.125
-12.25
-11.125
-10.375
-20.125
-16.5
-10.25
-14.125
-15.25
-16.75
-16.125
-15.75
-19.125
-15.25
-16.875
-23.0
-21.375
-14.0
-2.75
-5.625
-21.875
-25.75
-13.625
-8.375
-12.75
-17.625
-18.0
-8.875
-1.75
-13.375
-18.5
-20.5
-28.75
-19.125
-15.625
-16.0
-25.875
-53.875
-55.25
-32.625
-28.875
-31.375
-15.125
-13.125
-19.5
-14.5
-14.5
-24.125
-28.0
-24.375
-23.875
-32.25
-46.5
-42.75
-39.625
-47.875
-37.875
-20.625
-20.5
-23.5
-17.75
-18.5
-20.25
-18.0
-18.625
-16.5
-21.125
-23.875
-15.625
-11.375
-12.0
-13.5
1.625
-5.625
-23.625
-5.875
11.0
9.75
0.0
-8.25
-2.875
10.375
4.75
0.625
13.75
7.125
3.0
9.875
12.5
8.5
1.25
22.875
31.875
6.75
1.625
9.5
12.25
2.625
0.75
23.25
30.625
28.125
23.25
18.5
22.625
14.125
9.75
27.75
36.25
31.125
52.75
72.75
48.875
13.375
18.375
43.125
31.25
37.0
60.875
50.625
49.5
61.375
45.25
40.0
53.75
44.625
38.375
44.0
56.125
59.5
46.5
51.875
59.25
47.75
36.5
37.125
45.75
50.0
57.5
49.125
46.75
57.0
45.0
40.375
52.75
54.125
26.125
5.625
23.5
57.25
67.25
45.0
37.125
43.25
37.0
30.25
26.25
29.5
39.5
37.875
36.375
36.125
29.5
31.875
32.0
30.25
29.875
19.0
17.375
27.25
28.0
32.75
33.5
29.25
25.25
31.125
44.5
46.125
38.625
39.0
44.375
28.5
20.0
31.0
48.375
56.125
50.375
35.75
25.375
20.0
17.125
23.0
38.375
48.375
34.875
36.5
27.5
17.25
35.375
47.5
57.875
42.625
32.125
53.75
64.25
54.125
42.75
36.75
29.0
32.75
38.125
19.875
-4.0
10.375
27.75
27.0
42.5
48.25
43.25
48.875
43.125
29.125
30.0
30.25
21.875
19.25
18.375
18.375
21.75
25.75
28.125
12.625
0.5
17.0
27.125
35.875
35.25
-1.75
-19.0
-3.375
11.375
23.75
37.125
37.375
36.875
44.375
29.75
15.875
2.375
-1.5
23.5
25.125
18.75
33.25
35.625
26.5
36.625
41.5
16.375
14.5
33.625
25.875
21.5
22.625
22.375
28.125
9.5
-9.375
8.0
20.875
17.5
22.375
22.0
6.875
4.125
27.5
40.75
33.75
25.25
14.25
7.5
15.125
24.0
20.875
9.375
1.625
16.25
38.0
30.875
22.625
24.0
13.5
4.875
2.0
12.125
28.5
22.625
11.625
14.125
26.875
33.25
19.625
23.75
36.625
33.875
28.25
22.5
22.125
24.125
15.625
11.25
15.5
6.875
1.125
16.0
10.5
-6.5
16.875
16.125
-21.625
-23.375
6.0
33.0
41.375
20.625
-7.625
-6.5
15.25
24.375
25.125
23.5
11.0
4.125
-0.125
-8.25
-5.125
5.625
9.875
4.75
6.875
9.375
-3.125
-12.375
-4.375
11.25
14.5
16.75
12.125
-11.375
-26.5
-23.625
-11.125
2.875
1.125
-0.25
9.875
-13.5
-35.125
-25.375
-10.75
-16.0
-24.875
-8.875
-14.0
-27.0
-12.0
-12.5
-31.0
-37.5
-25.875
-15.125
-23.5
-28.25
-19.75
-5.25
-0.875
-18.125
-28.625
-16.5
-5.5
-6.375
-19.875
-24.125
-19.75
-25.125
-13.75
-4.875
-11.25
-29.0
-49.625
-43.875
-20.25
-11.25
-21.375
-19.5
-14.625
-18.75
-27.875
-13.125
-10.75
-39.125
-28.75
-20.5
-29.875
-33.375
-31.75
-20.875
-23.125
-37.125
-35.0
-30.75
-37.5
-29.75
-26.375
-30.125
-26.125
-45.375
-54.0
-31.875
-14.0
-13.625
-15.625
-17.625
-34.875
-44.0
-38.375
-28.75
-25.375
-23.75
-12.875
-27.0
-47.625
-44.875
-43.125
-44.5
-48.5
-40.25
-22.75
-32.0
-62.625
-59.25
-35.5
-35.375
-30.75
-22.75
-40.25
-49.875
-30.0
-13.75
-15.5
-15.875
-13.0
-23.125
-31.75
-30.125
-26.75
-38.5
-33.125
-11.125
-15.0
-20.375
-14.25
-15.625
-30.875
-44.0
-38.25
-22.0
-32.25
-46.375
-37.375
-44.125
-53.25
-48.5
-41.625
-28.375
-24.125
-26.125
-19.125
-23.625
-41.375
-27.0
-18.625
-30.0
-24.625
-30.75
-46.125
-35.625
-21.5
-26.625
-35.75
-39.0
-41.25
-40.75
-37.875
-41.5
-36.125
-45.5
-67.375
-50.5
-15.25
-14.625
-40.375
-54.625
-55.25
-52.5
-38.625
-29.875
-54.375
-71.125
-51.0
-39.75
-47.625
-45.5
-36.625
-35.25
-42.5
-48.25
-47.625
-42.375
-42.125
-50.875
-43.375
-32.125
-36.875
-35.125
-25.875
-27.375
-38.5
-48.25
-49.625
-52.5
-69.75
-75.625
-64.25
-40.5
-34.625
-54.0
-52.375
-37.375
-39.625
-53.5
-54.25
-47.0
-44.125
-44.625
-44.625
-51.5
-50.5
-29.375
-45.375
-67.125
-52.0
-39.5
-43.75
-49.125
-41.0
-38.375
-38.25
-36.75
-43.25
-46.375
-37.0
-37.25
-64.0
-65.0
-54.75
-70.75
-72.125
-48.75
-29.125
-25.0
-27.25
-36.5
-38.375
-29.75
-36.625
-55.125
-52.875
-47.0
-50.875
-48.875
-57.375
-63.625
-52.0
-41.75
-31.25
-34.125
-44.5
-42.875
-43.5
-47.875
-38.75
-40.375
-61.375
-66.125
-61.375
-51.5
-41.75
-43.75
-46.25
-41.375
-42.875
-51.25
-45.75
-44.0
-51.125
-46.625
-39.375
-31.875
-35.375
-46.875
-46.625
-61.0
-68.75
-46.125
-32.375
-44.0
-54.875
-46.5
-43.5
-52.875
-48.5
-49.25
-60.25
-48.375
-39.375
-40.0
-40.125
-44.375
-42.5
-35.375
-51.625
-60.0
-39.25
-32.25
-37.75
-43.75
-41.125
-39.75
-42.375
-35.875
-37.0
-56.875
-53.875
-30.25
-32.875
-33.25
-32.0
-41.75
-38.625
-31.0
-23.25
-20.375
-29.0
-54.875
-80.75
-53.125
-5.375
-10.75
-18.25
-16.375
-38.0
-42.0
-44.0
-63.75
-51.125
-29.25
-34.125
-30.25
-24.625
-35.5
-46.25
-41.25
-25.375
-20.5
-23.625
-15.0
-16.0
-42.125
-33.375
-21.375
-39.0
-32.5
-27.75
-45.125
-46.875
-36.5
-35.0
-24.625
-20.25
-30.25
-27.125
-24.625
-31.125
-33.5
-26.625
-18.0
-28.0
-33.5
-29.625
-35.0
-38.625
-30.875
-30.625
-40.625
-37.875
-37.375
-44.25
-52.125
-57.375
-36.5
-24.25
-40.125
-43.25
-39.625
-42.75
-35.75
-30.125
-34.5
-35.375
-25.375
-27.875
-39.125
-39.25
-37.125
-41.0
-52.625
-58.625
-54.125
-47.625
-56.125
-51.25
-47.375
-56.5
-49.375
-43.25
-45.375
-50.375
-59.0
-53.25
-37.375
-43.375
-48.25
-38.25
-45.25
-54.625
-52.25
-53.75
-60.625
-68.875
-56.75
-47.875
-70.5
-78.375
-67.625
-62.625
-62.625
-70.375
-78.5
-72.625
-77.125
-73.125
-60.0
-69.875
-76.375
-67.625
-57.125
-72.25
-93.375
-95.0
-92.875
-88.875
-84.625
-81.125
-79.125
-86.125
-78.375
-67.0
-84.75
-92.5
-80.75
-82.0
-80.5
-71.875
-75.75
-83.125
-89.25
-92.875
-91.5
-87.75
-84.625
-87.0
-100.75
-108.875
-95.125
-102.375
-113.5
-95.0
-95.5
-97.375
-96.0
-94.75
-89.625
-87.375
-94.25
-102.0
-89.75
-83.375
-94.25
-100.75
-98.25
-92.25
-82.0
-83.875
-89.0
-91.625
-89.5
-87.25
-99.0
-98.125
-81.5
-79.0
-87.125
-87.375
-82.375
-81.875
-79.5
-80.25
-73.625
-77.625
-85.75
-62.625
-61.125
-83.875
-77.75
-67.5
-67.125
-56.5
-54.0
-61.0
-64.25
-63.0
-56.5
-70.625
-85.25
-71.625
-74.5
-79.375
-67.875
-61.625
-64.5
-68.0
-70.125
-78.0
-79.625
-75.625
-52.75
-45.625
-57.75
-51.375
-42.875
-46.25
-50.625
-55.5
-62.75
-63.625
-72.25
-63.5
-45.0
-56.25
-63.25
-57.625
-63.375
-59.0
-56.25
-67.25
-69.75
-54.0
-60.25
-86.875
-82.5
-64.875
-57.875
-68.75
-75.25
-73.625
-76.5
-72.375
-67.75
-72.0
-75.375
-66.875
-64.0
-64.375
-74.0
-89.875
-77.625
-70.25
-76.625
-70.25
-72.125
-72.875
-63.375
-65.625
-73.0
-72.25
-64.625
-74.375
-79.375
-62.25
-54.25
-65.0
-68.0
-56.125
-50.875
-43.875
-45.5
-56.5
-54.25
-48.125
-50.875
-53.75
-45.5
-40.5
-35.875
-32.0
-46.75
-47.25
-34.375
-38.0
-38.125
-26.75
-27.125
-32.75
-27.0
-34.5
-42.125
-27.875
-31.5
-34.625
-21.375
-31.125
-34.625
-17.125
-22.0
-44.75
-41.75
-34.875
-43.375
-41.875
-32.75
-30.5
-38.75
-35.125
-20.25
-17.125
-20.375
-15.125
-8.0
-2.125
-15.875
-26.875
-30.375
-35.375
-19.375
-17.125
-22.75
-18.625
-14.75
-21.875
-30.0
-23.125
-13.75
-16.125
-25.25
-20.0
-20.75
-24.5
-20.125
-17.25
-9.25
-8.25
-16.875
-19.0
-10.375
-7.125
-13.375
-19.5
-14.5
-8.875
-16.75
-16.75
-5.875
-5.125
-8.125
-13.625
-16.125
-10.75
-7.625
-10.375
-5.125
-4.125
-5.25
2.625
4.875
0.875
11.0
15.75
-5.0
1.25
5.125
-3.625
19.875
11.125
-24.5
-17.125
-1.375
2.75
2.625
1.375
4.875
1.75
-6.625
4.5
12.75
5.5
8.0
8.25
-2.0
-9.25
-11.25
-8.625
-2.625
-0.625
1.125
-5.5
-10.125
3.125
6.75
-0.75
-5.375
-4.75
-8.625
-13.375
-21.625
-22.5
-15.875
-19.125
-8.875
-2.25
-4.25
-9.125
-17.125
-7.75
-1.125
-9.75
-7.5
-11.125
-20.125
-10.5
-12.5
-25.375
-13.75
5.5
0.875
-0.375
-6.375
-15.75
-4.75
-8.125
-6.5
-3.75
-15.25
-13.25
-4.375
-1.0
-6.125
-8.5
-6.25
-7.875
-11.375
-4.25
4.25
0.875
4.5
-4.25
-18.0
-15.0
-3.875
1.0
-2.0
-4.0
-18.375
-12.375
5.75
3.375
-2.0
0.25
3.375
4.0
2.75
1.25
6.5
9.75
5.25
4.25
3.75
1.875
5.25
3.25
0.25
-7.375
-13.25
-1.375
23.25
15.5
-4.0
19.0
16.5
-12.625
-6.75
12.0
6.625
4.25
15.625
11.75
6.25
7.5
8.75
6.625
5.875
-2.25
2.125
11.5
2.375
1.75
10.0
10.625
5.375
3.5
9.125
9.75
2.875
9.25
6.375
-5.5
3.375
14.125
16.625
7.75
0.875
-1.875
-5.75
7.875
15.125
9.0
8.0
11.0
12.625
6.5
5.25
14.375
17.625
11.125
8.5
15.75
20.25
12.375
6.875
10.375
9.375
12.25
15.75
11.875
9.625
8.625
12.875
14.5
12.0
14.375
15.25
13.25
18.625
21.375
17.125
13.5
9.5
10.5
13.375
9.375
8.625
5.75
5.5
16.125
22.75
12.5
18.375
38.375
24.375
21.0
32.75
15.625
11.0
38.25
35.125
16.5
21.5
23.25
17.125
13.125
13.0
23.125
32.25
26.75
22.125
27.0
21.375
17.625
40.125
50.625
32.0
9.625
11.125
31.0
30.375
20.375
20.875
32.125
40.75
29.75
19.5
25.625
22.875
10.25
6.75
17.25
22.375
23.375
30.375
28.125
26.625
29.25
30.625
34.625
30.25
22.25
29.75
39.375
37.875
33.375
34.125
37.375
36.5
31.25
27.75
29.375
31.25
27.125
23.75
27.75
30.0
25.5
20.75
16.875
16.75
18.5
16.875
21.75
22.875
17.375
28.75
41.875
42.375
34.125
34.5
38.375
40.25
40.75
24.375
21.375
31.75
32.125
28.375
30.25
28.0
18.875
20.0
23.0
20.75
18.0
12.25
21.125
28.625
25.25
25.5
21.0
18.625
27.5
31.0
30.5
29.5
26.625
26.25
25.25
24.75
23.0
22.0
24.875
30.25
26.875
15.375
10.5
16.125
24.5
23.0
19.5
24.875
28.125
28.875
29.0
26.875
26.0
23.75
21.75
20.5
19.125
22.75
27.625
29.375
29.0
24.5
21.0
26.125
36.0
42.75
41.75
37.375
35.375
35.875
35.25
32.5
28.625
24.375
23.875
25.25
23.75
18.0
15.375
23.0
28.625
25.5
43.125
61.625
45.875
37.625
39.375
38.0
43.25
45.5
44.125
42.125
40.25
45.375
52.25
54.25
53.625
47.75
43.25
47.125
48.5
45.25
40.625
38.0
40.75
43.125
44.25
39.5
40.5
47.375
48.625
49.125
52.875
53.875
47.625
42.25
41.875
41.875
37.625
41.375
51.0
51.25
47.875
46.125
44.75
46.125
47.25
45.0
40.875
37.75
36.125
34.75
33.25
32.375
32.0
32.875
36.375
36.625
34.625
36.0
37.875
39.25
41.375
44.5
46.0
46.125
49.125
48.875
43.5
40.875
39.75
40.125
41.125
46.125
51.75
35.625
28.25
43.625
48.875
46.625
47.0
49.5
50.625
49.5
46.625
42.875
42.25
47.625
49.125
45.25
46.75
49.75
45.375
44.875
48.125
48.0
49.625
50.875
49.875
49.5
49.0
47.0
46.5
46.375
44.125
48.125
50.375
41.5
40.375
47.625
50.625
51.0
51.625
52.625
53.25
53.875
52.875
50.5
47.5
44.625
42.5
40.25
39.125
39.375
38.875
37.75
38.125
40.625
43.0
43.375
43.25
45.125
46.375
45.625
45.75
46.75
46.875
45.125
46.125
50.0
51.25
50.625
48.125
44.625
41.75
39.875
38.875
36.625
36.375
37.875
39.5
41.625
42.75
43.75
45.875
46.875
45.625
46.0
48.25
49.75
49.25
47.125
44.125
40.25
37.5
36.75
36.0
35.375
35.25
31.25
24.125
20.375
26.75
36.0
38.25
40.625
44.875
45.375
44.5
46.125
46.625
45.125
45.875
47.875
47.125
46.0
46.125
44.375
42.375
43.25
45.0
44.375
41.0
38.0
39.375
40.625
40.125
41.625
43.25
45.25
46.5
46.0
47.0
47.875
49.25
52.0
52.375
52.0
52.375
50.875
50.75
52.75
52.625
52.0
53.125
49.5
43.875
47.625
52.0
49.875
49.0
48.875
48.5
48.125
48.0
49.625
50.125
51.25
52.75
54.625
55.625
52.875
50.375
50.375
48.625
44.5
44.0
45.625
44.125
41.125
41.5
44.75
45.125
44.5
46.875
48.125
43.875
41.625
46.625
52.875
56.5
57.75
58.875
57.875
56.625
55.875
51.875
48.0
47.75
48.625
48.375
48.625
51.0
51.625
51.0
54.875
59.5
60.375
61.25
60.125
52.875
51.25
58.375
59.25
57.375
60.125
60.875
60.0
61.375
61.75
60.125
60.625
62.5
62.5
61.0
59.375
60.375
47.5
40.5
52.375
50.75
45.125
45.375
46.75
47.0
48.0
49.625
45.375
47.0
52.625
51.625
53.625
54.5
51.25
46.0
43.625
44.625
45.25
45.0
41.125
37.875
26.0
51.875
49.25
-59.5
-13.25
75.75
44.75
43.25
48.875
45.5
43.125
39.875
34.625
36.375
41.375
48.75
55.125
53.5
51.75
52.25
44.875
59.75
16.5
-43.75
19.0
50.0
36.625
47.5
50.625
56.875
63.125
62.75
57.5
44.875
30.5
27.875
27.625
24.25
27.0
34.0
36.875
35.5
34.875
34.0
29.5
26.375
20.125
35.625
-3.375
-58.25
10.125
42.875
23.5
26.375
22.375
23.5
25.375
25.75
26.875
30.875
36.25
38.875
42.5
48.125
50.375
51.25
53.25
52.125
50.0
48.375
42.875
40.125
44.5
42.875
35.25
36.875
42.875
40.375
35.5
34.75
35.5
35.25
35.375
34.875
30.375
28.875
32.875
35.75
36.125
35.75
35.75
35.375
37.0
40.875
41.625
40.0
38.875
39.25
38.125
33.25
30.875
27.875
19.125
13.5
12.625
7.5
5.5
10.875
9.25
4.625
7.375
10.625
12.875
9.625
6.875
14.75
20.875
17.625
14.75
14.25
13.25
12.75
12.0
10.75
11.125
12.125
12.5
13.375
13.625
16.0
16.75
14.125
14.0
15.75
16.5
16.5
16.375
16.375
17.375
19.625
21.125
22.0
21.625
20.0
20.25
23.0
24.625
23.75
23.5
23.625
26.75
30.125
27.75
25.125
23.125
22.125
22.125
22.125
25.0
26.0
25.5
26.375
23.875
21.0
22.875
25.75
25.875
28.375
33.625
35.875
38.125
35.875
31.5
36.375
40.875
39.0
37.625
36.625
36.875
35.875
35.125
37.0
33.75
29.125
33.0
37.5
37.0
35.625
32.375
34.625
42.125
42.375
40.625
41.125
45.0
48.375
43.5
37.875
34.875
37.5
38.75
35.0
38.0
46.0
50.25
55.125
65.75
70.5
53.75
44.375
58.375
62.25
51.5
44.5
53.0
54.5
48.875
36.125
30.125
48.875
56.25
49.5
47.375
50.125
53.875
55.375
51.75
46.375
41.5
41.375
44.5
42.625
38.75
40.5
48.5
45.0
39.375
49.25
55.5
59.75
67.25
62.625
45.875
28.5
23.0
28.375
26.5
17.0
15.125
23.875
24.75
17.5
17.75
23.375
29.0
35.0
39.5
43.625
44.5
45.0
56.25
68.0
69.875
67.75
65.25
65.125
69.125
61.375
44.875
40.0
31.75
15.375
17.875
27.625
31.125
34.25
33.75
31.125
21.125
8.75
4.75
9.875
17.375
17.125
12.125
10.375
14.0
17.125
20.25
26.125
28.375
26.5
27.125
34.5
40.625
39.375
41.0
43.875
38.0
29.625
22.125
16.375
15.125
14.375
10.75
9.375
16.625
22.125
23.75
33.125
41.25
44.375
44.125
35.875
30.375
30.875
28.125
22.125
21.375
22.125
17.25
11.25
10.125
10.625
7.25
1.375
-5.125
-6.75
-4.375
-2.875
2.0
5.375
9.625
16.625
16.75
16.75
16.625
17.75
26.75
35.25
39.25
42.75
45.0
43.0
39.875
34.25
31.375
36.375
34.375
27.375
26.0
17.625
11.125
20.625
28.375
28.375
31.0
35.75
32.125
28.375
30.25
27.875
26.75
28.25
26.25
26.0
29.0
29.375
27.625
27.5
28.25
27.625
26.75
25.5
24.5
23.125
21.125
21.875
21.875
15.75
13.0
20.0
27.125
32.875
37.125
37.375
40.5
45.875
46.0
42.5
39.875
37.625
33.0
30.25
30.125
29.25
27.5
27.5
31.0
32.25
30.625
31.125
32.625
32.625
31.625
28.875
29.0
34.5
35.25
32.375
31.0
29.25
26.125
26.75
31.0
29.125
26.0
27.5
29.375
31.25
33.25
32.5
30.0
29.0
28.5
27.75
27.375
28.375
27.375
23.0
20.875
22.125
22.25
21.5
22.5
23.75
24.5
25.25
24.875
24.625
25.625
25.875
25.5
24.875
25.375
25.375
21.625
15.875
12.375
14.375
16.75
17.125
16.875
13.25
10.125
11.125
13.0
14.5
14.5
11.75
13.625
23.125
27.125
22.125
18.75
17.0
16.5
17.0
15.125
12.625
17.625
29.25
32.125
28.75
27.75
27.875
26.5
23.25
22.75
25.75
23.125
17.875
17.625
22.375
22.125
17.125
18.375
22.625
24.5
24.625
27.0
28.5
26.25
25.25
25.625
24.0
22.0
20.875
14.375
8.0
13.75
21.0
22.5
21.625
19.375
19.875
21.75
21.25
19.25
19.0
21.0
21.875
20.625
21.125
23.25
25.25
27.125
27.25
23.875
19.375
19.25
23.125
25.25
25.5
23.5
21.0
23.125
23.625
20.375
21.875
23.625
23.75
23.25
22.625
24.25
23.5
21.5
25.25
30.5
27.125
23.375
26.375
27.125
26.25
23.25
20.125
25.125
21.5
11.0
17.625
24.375
25.625
29.75
35.625
45.0
46.5
41.25
34.625
27.625
26.75
25.75
21.75
20.75
18.75
20.625
25.75
26.375
25.125
29.625
36.625
39.5
42.125
42.625
40.5
40.0
37.75
33.5
30.875
29.875
27.25
22.5
20.375
20.375
18.875
19.5
23.0
24.125
23.875
28.375
32.375
36.875
42.25
44.0
44.75
50.75
47.875
37.75
37.5
32.0
27.625
28.75
25.5
23.75
18.5
13.125
14.0
15.0
14.375
16.0
20.375
22.125
21.125
23.625
25.5
21.875
24.125
28.625
23.25
18.375
17.0
15.125
16.5
17.125
16.625
19.125
17.875
16.75
18.375
20.5
23.875
24.125
19.375
19.375
26.5
30.375
31.5
33.5
37.5
36.5
30.875
29.25
27.625
26.125
27.625
25.75
27.25
30.25
19.875
20.375
30.875
28.375
25.375
28.375
29.5
24.625
18.5
19.5
19.875
21.625
31.0
34.375
32.125
33.5
35.25
34.125
32.875
28.875
22.125
25.875
30.75
28.125
27.25
27.5
29.125
32.625
34.75
28.75
21.25
23.375
26.75
29.875
31.625
24.5
21.75
28.125
30.75
27.0
23.875
30.75
30.875
22.125
32.375
37.75
32.5
35.125
33.375
31.875
32.75
30.625
29.125
22.875
13.125
13.125
20.75
25.0
27.0
30.375
28.375
25.375
30.0
32.0
28.75
28.75
27.75
28.75
33.625
30.75
24.625
23.625
22.5
18.625
17.75
19.25
19.125
19.5
20.375
21.0
22.25
24.375
26.25
28.125
32.375
33.5
32.125
32.625
33.375
30.75
25.625
26.875
33.5
22.25
10.5
11.75
10.0
13.75
15.625
12.875
14.75
16.375
17.375
18.75
20.875
24.5
27.875
29.5
27.75
24.875
22.75
19.125
14.75
13.5
11.75
7.375
7.125
8.625
10.25
16.375
23.75
27.25
26.5
24.125
24.25
27.75
29.0
28.375
27.75
24.875
20.625
19.0
20.5
19.375
16.25
16.375
18.25
19.625
21.75
21.375
19.75
21.625
21.875
21.125
24.25
26.625
26.75
24.0
18.5
15.25
14.625
13.125
10.625
10.0
11.0
10.75
12.125
16.25
14.75
17.625
18.0
5.875
14.0
30.5
29.25
27.375
26.5
24.125
25.125
20.75
19.5
23.375
18.875
16.75
17.625
15.75
18.625
21.875
23.0
27.625
28.5
24.875
27.125
28.125
26.0
24.0
22.625
20.5
16.625
15.25
16.0
14.5
12.125
12.375
13.625
12.625
12.5
16.0
18.125
16.75
17.875
18.25
14.25
13.5
12.125
9.125
11.375
14.0
17.875
23.25
19.25
15.5
18.375
18.75
16.0
14.625
14.875
12.625
10.125
11.125
13.75
9.125
2.75
6.75
13.75
18.75
20.125
16.5
17.0
20.0
20.25
22.875
24.625
22.25
19.5
16.125
18.5
19.375
15.75
17.25
16.75
13.25
15.0
15.25
13.125
16.75
20.0
21.875
21.5
22.75
27.0
29.375
29.5
25.5
25.125
27.5
20.5
10.5
12.625
20.0
21.375
19.375
19.625
19.75
19.25
22.25
19.0
17.125
20.625
19.0
18.75
19.125
22.375
26.0
17.375
13.625
19.75
15.875
8.0
11.25
16.75
19.5
24.75
25.25
23.25
23.25
25.875
23.375
24.0
26.625
21.75
21.375
23.75
21.5
17.625
17.875
21.0
21.5
21.5
23.125
25.75
30.375
31.375
29.0
32.25
34.25
31.375
31.625
31.25
30.0
25.875
18.0
15.25
18.375
19.375
16.0
13.0
10.875
16.375
19.125
12.125
13.375
19.375
19.625
18.5
17.625
11.0
7.875
15.625
21.625
14.75
8.375
17.375
25.375
20.75
17.625
21.75
22.125
19.25
19.25
19.875
20.25
17.75
15.0
16.25
15.0
6.75
5.75
13.0
17.0
18.75
20.0
23.625
21.125
15.125
20.125
25.0
23.5
22.5
21.5
18.625
16.5
14.875
14.875
16.625
18.375
18.375
14.25
11.625
15.0
16.75
15.125
17.75
25.5
26.125
22.5
21.875
23.25
28.25
25.875
20.0
24.0
22.875
14.875
16.625
24.875
20.875
2.875
10.25
22.125
16.25
24.75
17.125
5.5
24.5
33.625
27.0
28.0
32.625
37.0
42.5
35.125
27.0
23.375
16.75
26.0
34.125
36.5
38.375
30.5
24.875
20.625
21.0
26.25
24.75
22.0
20.5
11.125
5.625
9.0
3.0
2.875
11.875
18.5
22.75
23.0
19.0
13.5
11.375
8.75
5.5
5.625
6.75
9.0
9.875
9.5
13.625
20.5
19.25
14.625
15.125
13.625
10.875
11.0
11.0
5.0
4.75
13.125
11.5
0.625
3.0
12.0
10.0
9.75
10.25
10.875
14.25
13.75
11.375
12.5
13.25
12.25
12.5
7.625
-0.375
-2.625
1.125
-6.75
-16.625
-11.0
-5.875
-2.375
1.625
-2.5
-5.25
-2.625
-6.5
-8.875
-1.625
-0.25
-2.875
0.25
-3.0
-5.375
-5.75
-11.75
-15.25
-11.125
-2.875
-6.125
-9.625
-6.375
-17.875
-22.125
-5.875
1.625
4.25
5.625
1.375
-2.375
-2.125
4.625
8.125
-5.125
-7.875
6.25
4.625
-3.25
0.0
5.25
3.75
-1.625
1.0
0.5
-3.0
3.25
10.375
6.25
4.0
5.125
0.875
8.875
12.875
4.25
-4.125
-2.75
-1.875
-13.25
-12.125
2.625
7.25
7.5
3.625
1.375
8.5
10.75
11.75
10.25
8.75
12.625
12.75
13.75
15.125
4.375
1.875
7.0
3.125
-1.875
2.5
8.125
4.75
11.75
21.25
12.0
8.25
15.25
12.5
9.25
12.75
11.625
8.125
13.75
20.875
13.25
8.5
9.5
1.625
-0.125
5.0
3.375
-1.125
2.875
12.5
12.5
8.125
20.75
15.75
-2.125
8.875
8.875
-1.625
8.0
13.375
11.0
13.375
15.625
12.75
8.0
8.0
17.125
23.25
13.875
9.0
9.125
5.375
0.875
-2.875
7.875
19.375
9.75
10.375
18.75
10.5
9.125
12.625
11.25
9.75
10.125
13.75
19.125
11.625
5.375
11.625
13.875
16.0
17.875
20.25
14.125
5.875
8.875
6.5
3.125
12.75
9.625
-1.125
11.75
11.125
2.0
-0.125
2.375
14.625
11.5
6.0
9.5
16.125
12.25
3.125
6.375
12.625
9.75
3.375
1.375
9.0
17.875
15.125
9.5
3.625
11.5
14.625
10.125
13.125
10.25
14.375
22.875
18.375
5.625
9.5
18.0
12.625
6.0
7.375
13.625
17.0
4.125
-1.875
14.25
18.75
17.25
16.375
15.75
17.0
17.625
22.0
23.25
13.5
9.25
25.5
29.75
9.25
2.75
11.75
17.125
19.625
16.125
12.625
9.0
8.75
13.125
14.875
18.5
15.75
11.5
20.625
35.375
25.375
13.625
28.25
21.875
5.125
12.5
17.625
15.125
12.875
7.0
-0.625
1.25
16.5
19.125
10.625
7.5
6.875
14.5
16.375
10.375
15.875
13.75
6.0
14.375
23.5
22.125
12.75
2.125
5.75
17.375
15.5
14.625
17.75
12.5
14.625
19.5
18.375
17.25
22.125
26.5
25.0
26.375
27.125
30.5
27.875
14.125
14.25
20.25
17.125
21.625
25.25
15.0
11.25
15.375
17.125
19.5
19.375
20.875
27.0
26.375
29.5
31.5
30.0
28.375
24.25
22.0
16.375
20.75
30.625
24.0
16.25
15.625
14.125
13.875
10.0
9.25
24.875
17.125
-3.125
8.25
13.125
13.25
27.5
19.375
7.25
14.75
15.375
17.5
23.75
14.375
12.0
19.0
14.625
15.5
21.875
25.375
21.25
14.875
15.125
15.25
25.375
32.5
21.125
25.25
34.875
22.375
18.0
21.625
5.375
3.25
15.875
9.625
11.875
10.375
4.125
4.75
3.375
10.875
12.875
7.5
6.5
17.125
19.25
8.875
3.125
14.5
23.625
1.375
-2.625
21.875
21.0
11.375
15.875
14.375
8.75
8.75
7.25
17.25
25.75
25.625
27.375
22.5
16.875
23.375
25.5
14.5
17.75
20.375
18.125
26.75
23.25
18.25
17.5
15.875
26.625
31.875
29.0
19.875
22.875
28.0
20.25
15.25
9.625
17.625
16.625
11.5
16.75
12.0
20.75
31.375
22.25
12.625
11.75
17.375
33.5
30.0
15.5
21.375
24.25
25.0
22.0
13.125
6.125
4.0
3.75
9.125
16.75
9.125
17.625
20.75
14.875
19.625
20.375
20.75
12.625
18.625
27.375
15.375
11.25
17.125
14.25
11.75
10.375
8.125
11.5
17.5
12.0
4.25
7.0
13.625
22.375
18.5
17.0
20.25
21.875
18.375
4.25
5.875
17.875
19.625
9.625
1.75
4.25
9.0
12.5
8.75
1.625
-3.125
-2.75
3.0
7.875
11.5
6.5
8.125
14.5
10.375
12.0
15.375
4.625
-5.125
1.0
5.75
4.5
8.5
6.125
-0.5
13.0
11.625
-1.375
2.875
0.125
-10.25
-5.5
12.0
14.125
8.0
-2.375
-4.375
1.625
5.625
6.25
-1.875
-3.125
-0.875
-1.75
5.25
1.0
-3.75
6.625
3.5
2.125
10.125
5.5
1.25
4.75
5.0
5.625
4.625
1.625
-2.375
5.75
12.25
5.25
6.5
7.75
3.375
1.125
0.125
2.625
1.125
-5.625
-4.375
-0.75
1.125
3.0
-1.375
-0.5
0.875
-0.375
2.25
3.625
1.625
-0.5
-1.375
-8.5
-15.625
-17.5
-11.75
-5.25
-4.625
-12.25
-19.375
-6.125
4.25
-5.625
-11.5
-5.875
-14.5
-18.25
-4.5
-0.875
-7.125
-12.5
-12.375
-8.25
-6.5
-2.75
-3.25
-4.25
1.125
-11.25
-15.375
-7.75
1.125
4.0
-9.0
-6.625
-0.125
-7.75
-4.625
5.5
-5.75
-13.0
-8.0
-5.75
-10.25
-2.875
-1.625
-12.375
9.25
11.25
-8.875
1.125
11.0
-2.25
-9.625
1.75
4.0
-4.625
6.125
16.625
-2.125
-9.5
3.875
-2.25
-3.0
5.375
-3.0
-7.625
-2.375
-2.875
-0.5
-5.875
-13.5
-6.875
0.375
-1.125
1.375
8.125
0.75
-7.625
-1.625
7.0
8.25
8.125
0.0
0.625
9.5
0.25
-9.75
-3.375
1.625
3.625
-0.125
-3.0
0.125
-7.375
-3.625
2.0
-12.625
-14.75
-4.125
-2.375
4.25
3.75
-2.0
7.0
9.125
8.0
12.625
14.5
14.875
12.5
-0.5
-1.875
3.5
-7.25
-6.25
2.0
-7.625
-11.875
-1.0
-1.5
-2.5
6.5
12.375
7.125
-2.375
8.25
16.375
13.625
14.625
6.375
3.75
5.75
7.125
19.0
11.875
-2.0
7.125
9.625
4.5
8.375
10.875
2.875
0.375
10.125
8.125
0.375
3.75
9.375
0.375
-2.75
0.0
-8.875
-2.25
9.125
4.875
-2.625
1.5
12.625
17.25
19.0
16.625
3.0
-0.625
-2.125
-3.375
3.125
-2.625
-2.75
0.875
-1.25
0.375
0.25
0.75
-1.125
-1.5
4.0
6.125
-5.875
-9.125
8.75
15.0
-2.0
-9.25
5.75
10.125
3.625
-5.75
-7.5
-2.5
-15.25
-14.375
-7.0
-7.5
1.75
5.25
3.125
-2.25
2.625
13.0
11.5
6.25
0.75
1.75
5.0
8.75
6.375
-3.875
-5.375
-2.875
-1.125
-7.75
-23.875
-22.75
-15.0
-19.125
-17.875
-9.625
-7.5
-8.0
-3.875
-6.25
-8.625
1.0
16.375
16.75
-4.25
-8.125
0.625
-2.375
-3.75
-3.625
-2.625
0.0
-1.625
4.75
9.75
3.25
1.625
4.25
15.75
17.375
10.875
19.125
24.625
15.375
10.625
10.25
-0.25
0.875
8.875
5.125
-1.75
-2.125
4.375
4.0
-1.5
3.25
8.25
5.125
9.0
12.75
6.0
6.5
13.0
10.5
6.0
2.0
-0.25
3.625
8.0
6.5
4.625
4.125
-2.125
1.25
9.125
0.0
-9.625
-2.25
18.875
11.625
-13.75
-3.0
9.875
4.5
2.625
4.5
-1.0
1.125
5.625
1.25
-2.125
-5.5
-7.625
-12.375
-13.625
-12.0
-13.75
-10.125
-7.0
-13.125
-14.5
-9.375
-8.375
-8.0
-0.875
-3.375
-7.875
-2.0
-5.375
-4.75
0.875
-0.5
-9.25
-14.875
-14.25
-15.75
-22.25
-26.125
-24.25
-20.0
-13.875
-15.125
-0.75
3.875
-19.25
-7.625
8.125
-3.75
0.375
6.125
-2.875
-6.125
-7.375
-11.125
-10.0
-10.125
-11.125
-12.25
-21.0
-15.375
-0.25
-14.625
-22.125
-12.125
-19.5
-11.875
3.125
2.0
2.875
1.5
-6.875
-9.125
-6.75
-9.25
-14.625
-18.875
-18.625
-19.0
-20.625
-21.625
-24.625
-26.125
-19.625
-18.625
-20.75
-6.875
-3.625
-17.5
-10.5
-4.875
-2.0
-1.625
-11.375
-8.25
-9.625
-14.625
-14.125
-14.25
-14.625
-17.0
-18.625
-16.375
-13.75
-13.5
-13.75
-11.75
-9.25
-11.375
-11.75
-4.125
-3.375
-0.75
2.125
-3.25
-5.625
3.625
-4.5
-25.375
-15.875
-6.5
-14.0
-14.125
-7.75
-7.875
-9.5
-9.25
-5.25
-2.5
-7.5
-8.75
-5.625
3.25
4.0
-9.25
4.0
9.5
-11.25
-16.0
-10.625
-5.125
-4.125
-8.0
-13.125
-16.75
-22.125
-14.625
-7.0
-16.625
-14.875
-11.5
-15.25
-14.0
-6.625
-1.125
-4.625
-7.75
-4.375
3.5
2.75
-6.0
-6.125
-3.375
-8.875
-13.875
-18.75
-22.25
-6.5
-8.0
-19.25
-11.75
2.25
5.25
-7.125
-4.125
3.75
4.25
5.5
-4.125
-13.75
-6.625
-2.0
-2.75
-12.5
-21.75
-16.0
-16.0
-17.5
-15.0
-19.625
-22.75
-21.0
-9.75
-10.625
-22.875
-6.5
1.25
-7.125
13.625
14.25
-8.5
-3.75
3.875
1.125
1.75
2.875
-1.75
-5.25
-4.125
-5.375
-9.0
-11.5
-8.875
-5.625
-6.125
-7.0
-10.375
-10.875
-4.0
-6.0
-14.5
-9.625
-6.25
-3.75
5.375
1.875
-3.75
-1.375
2.75
0.875
-4.875
-9.875
-15.375
-13.125
-9.875
-11.75
-11.625
-11.375
-11.25
-13.25
-13.375
-8.75
-6.75
-9.25
-8.125
-3.25
-6.875
-5.625
1.375
-3.75
-6.875
-6.125
-11.125
-11.375
-11.375
-22.375
-21.375
-8.375
-5.125
-9.75
-16.875
-15.875
-8.625
-8.625
-10.875
-10.75
-10.75
-10.25
-11.875
-9.0
-5.625
-0.875
-1.375
-9.875
-8.875
-9.875
-13.5
-14.125
-13.75
-9.5
-5.75
-7.125
-12.375
-14.25
-11.625
-7.25
-9.375
-16.625
-19.875
-15.875
-12.375
-15.875
-22.25
-28.375
-13.125
-4.375
-25.0
-17.375
-5.0
-13.875
-12.75
-7.875
-9.25
-7.125
-4.625
-7.25
-6.625
-6.625
-11.875
-16.5
-17.25
-16.375
-21.125
-26.0
-25.5
-20.375
-19.5
-22.875
-23.75
-24.375
-15.375
-13.0
-20.25
-21.75
-28.375
-26.25
-13.125
-4.625
-6.25
-13.25
-13.625
-17.125
-25.0
-19.875
-6.125
-11.75
-25.5
-21.625
-18.625
-25.875
-23.375
-17.5
-19.5
-22.5
-19.875
-15.625
-15.375
-14.25
-17.625
-25.5
-27.5
-17.0
-8.0
-15.25
-16.375
-18.25
-19.75
4.75
3.875
-18.25
-8.875
-3.125
-10.75
-8.0
-6.25
-7.25
-0.625
-4.625
-16.625
-19.0
-12.875
-14.125
-21.5
-16.125
-10.625
-8.625
-3.5
4.0
2.25
-2.375
3.25
-2.375
-1.375
7.875
5.625
-2.875
-5.75
-2.375
-6.625
-14.625
-14.875
-16.75
-20.25
-14.375
-11.375
-17.25
-13.125
-4.75
-10.75
-12.0
-9.0
-9.5
-4.0
-0.625
0.125
-5.375
-6.25
6.0
-4.0
-12.5
1.375
-5.75
-12.875
-2.125
-5.125
-13.0
-11.25
-9.75
-8.375
-3.75
-5.0
-9.875
-5.125
1.5
0.75
0.0
1.25
-0.375
-4.25
-11.75
-11.75
-1.75
-1.25
-8.0
-15.125
-12.375
-3.875
-8.5
-14.125
-9.0
-1.625
-1.125
0.375
3.625
-1.625
-5.375
-2.625
3.625
1.75
-6.625
1.5
9.75
-1.75
-6.125
-3.25
-9.5
-11.875
-8.0
-6.75
1.5
9.5
7.0
8.25
4.625
8.875
12.875
2.875
5.625
5.625
3.5
6.125
3.5
4.25
9.0
7.125
-4.75
-13.25
-11.75
-6.625
-6.125
-9.25
-4.5
0.75
-5.625
-9.5
1.0
8.125
4.125
-0.375
5.0
10.625
-4.25
-12.75
0.625
2.375
-5.375
-1.375
-3.25
-8.0
-3.25
-11.875
-12.875
-0.25
-2.75
-8.0
-4.875
2.75
7.625
4.0
4.25
7.375
4.125
8.125
7.75
1.5
7.75
5.0
1.5
7.25
3.125
-1.125
1.75
-1.0
-4.875
-4.125
-7.75
-8.375
-7.75
-8.75
-5.25
-3.25
-2.625
-2.25
1.125
12.5
10.125
-0.5
3.0
3.625
-1.375
-5.0
-0.125
1.125
-11.125
-7.5
-1.125
-4.125
-0.875
-3.125
-5.125
-5.25
-11.875
-5.625
9.625
11.375
4.5
-5.75
-6.0
-3.75
3.25
5.0
0.375
2.375
-2.875
2.5
6.875
4.25
5.875
7.375
9.25
12.125
8.75
-0.125
-0.375
0.625
0.0
-4.875
-18.625
-16.25
-1.125
-0.375
-7.0
-5.0
0.875
8.375
5.125
1.875
10.375
11.75
6.375
7.625
15.125
12.25
4.25
4.125
-0.375
1.5
7.375
0.75
3.75
11.25
8.25
0.375
1.875
5.75
-6.25
-5.625
13.875
14.75
5.375
5.875
6.25
4.0
1.125
-0.625
-1.75
-4.0
-3.75
-4.75
-4.75
1.625
5.125
5.5
8.25
5.625
-3.5
5.125
19.25
11.875
12.125
13.875
9.375
11.75
11.0
8.375
6.0
4.625
2.875
-0.125
-0.375
-1.375
-4.0
-5.5
-4.5
-3.0
-4.125
5.75
17.375
7.875
-9.875
-23.375
-12.5
9.375
5.0
1.625
6.375
-2.375
-3.5
2.625
-3.25
-7.25
-7.875
-14.0
-13.25
-7.5
-10.25
-12.5
-10.0
-8.625
-7.25
-7.0
-4.25
-11.75
-20.0
-10.875
-2.25
-4.75
-5.625
-1.375
0.875
0.25
-3.375
-1.625
0.875
-2.375
-2.5
0.375
-3.875
-5.375
-1.625
-4.25
-9.5
-6.625
-3.75
-8.875
-8.625
-3.875
-6.25
-10.0
-7.75
-5.375
-4.0
-2.875
-6.5
-3.125
2.125
-0.25
1.25
5.375
2.875
-1.375
-0.375
1.875
2.0
0.875
1.625
2.0
0.375
2.125
1.75
1.0
5.5
3.375
1.25
-0.375
-1.5
5.875
1.25
-8.125
1.375
5.625
3.875
3.375
-2.5
-4.25
-1.125
-8.0
-12.75
-4.625
-8.75
-13.5
-11.375
-8.0
-3.375
-7.5
-10.625
-2.125
-1.875
-5.5
-2.5
-7.625
-8.75
-5.25
-6.0
-0.75
-1.75
-4.875
-4.0
-8.5
-9.75
-11.375
-13.5
-13.375
-12.375
-1.5
2.25
-6.5
-2.375
7.625
3.125
-1.625
-0.125
0.25
8.0
9.875
1.375
0.25
5.5
4.0
2.25
6.0
7.25
1.0
-1.625
8.375
14.625
10.25
7.5
11.5
20.0
14.375
4.75
9.75
12.125
4.375
3.75
10.5
7.875
4.375
6.125
10.0
8.25
8.5
10.75
6.0
6.0
10.625
11.875
12.5
11.125
12.25
16.5
14.5
6.625
11.0
17.875
4.625
-2.25
4.0
6.75
8.75
2.0
-5.0
-2.75
-3.125
5.125
12.25
16.625
18.25
3.75
3.75
13.375
15.25
9.125
3.0
7.375
7.625
9.625
10.625
3.5
0.5
0.5
-0.375
-1.125
-1.75
-2.75
-2.75
-1.5
-0.625
-2.125
-5.875
-8.0
-5.25
-4.375
-10.25
-4.0
5.875
-7.625
-6.625
15.0
17.875
13.625
5.625
-4.0
-0.75
1.25
-3.125
-4.875
-4.25
-2.5
-2.625
-3.125
-0.875
1.75
-0.375
-2.25
-1.75
-2.25
0.125
4.375
6.0
5.875
9.0
8.75
2.875
0.375
2.75
1.875
-3.25
-7.125
-3.875
3.5
5.875
9.875
6.0
1.375
5.375
7.625
15.375
20.125
18.25
16.625
18.625
23.375
19.5
13.75
11.0
8.875
10.125
3.25
-0.125
7.125
9.125
4.75
1.375
6.75
9.25
7.0
7.75
2.25
1.5
6.625
10.75
14.375
10.75
15.0
16.25
11.0
13.125
17.25
19.0
12.125
2.0
-0.625
3.75
3.375
1.5
3.0
-1.125
-3.625
-4.625
-4.5
4.25
10.625
12.125
12.75
11.25
10.25
13.0
14.625
15.25
15.75
14.375
11.625
8.875
8.0
2.5
-4.75
-5.5
-4.625
-8.25
-8.0
1.875
3.875
-4.25
-3.75
0.875
2.625
13.5
17.5
12.0
17.0
18.375
14.75
11.0
8.375
9.25
6.25
1.0
-0.625
-1.25
1.0
2.875
2.875
-0.875
0.0
4.375
-8.875
-10.375
-5.75
-2.5
1.125
-3.625
11.5
6.375
-12.75
-4.625
0.625
-5.0
-5.5
-2.75
-9.0
-8.875
-7.25
-24.0
-20.125
0.125
-6.25
-18.75
-15.0
-8.5
-1.375
-7.75
-10.75
-1.875
-7.875
-10.25
-10.75
-14.375
-9.5
-5.125
-10.0
-17.0
-17.125
-13.875
-13.25
-12.375
-13.625
-13.75
-15.25
-13.625
-3.375
-2.5
-7.5
-2.875
1.125
-4.875
-11.375
-11.875
-5.875
-3.5
-4.75
-3.75
-3.125
-3.375
-0.375
4.25
-0.625
-8.625
3.625
8.375
-10.0
-7.625
-3.25
-14.375
-0.875
0.875
-18.625
-14.5
-4.75
-3.5
-7.875
-9.25
-0.75
3.625
3.25
5.625
6.625
8.625
7.75
3.125
2.75
0.75
3.375
10.0
-5.125
-16.125
-0.75
7.375
-4.0
-1.5
11.875
2.0
-3.875
-6.125
-9.125
-2.25
-5.375
0.375
4.875
5.75
5.125
-13.375
-15.75
-5.0
0.375
-2.375
-8.25
-3.125
-4.0
-5.875
2.5
-1.75
-11.375
-3.0
2.5
-2.75
-1.25
-2.25
-4.25
6.0
6.5
-7.125
-9.625
-5.5
-2.625
-1.125
-6.0
-9.25
-5.0
-3.125
-14.75
-21.375
-8.25
-5.75
-9.25
-5.625
-5.125
-2.0
-6.625
-6.75
2.625
2.625
-4.125
-6.0
-2.5
-6.5
-4.125
3.5
-6.5
-13.125
-9.625
-12.125
-11.625
-5.875
-4.125
-2.625
1.5
-0.875
-10.125
-3.0
10.0
3.375
2.75
13.625
5.5
-5.0
6.75
5.75
-4.375
8.375
10.375
2.25
4.0
3.125
3.75
3.625
4.125
3.5
1.25
-5.75
-7.5
3.875
2.25
-2.75
-1.625
-3.375
1.25
6.375
3.375
2.75
-2.25
-9.375
-6.0
-4.25
-4.0
-4.0
-12.375
-14.5
-2.5
-3.125
-11.875
-5.5
1.0
-7.625
-5.875
-0.25
-2.75
-0.125
0.0
-1.25
0.125
0.25
-1.0
-2.375
-2.625
-4.5
-6.125
-5.75
-6.625
-8.125
-9.75
-9.75
-9.375
-9.75
-6.625
-1.25
6.375
10.125
7.5
1.5
-0.875
1.625
1.5
2.375
3.25
-0.25
-1.25
3.375
3.75
-0.375
-1.625
-0.375
-3.0
-3.75
-0.75
-1.625
-3.75
-4.25
-11.875
-17.75
-2.75
9.25
-1.5
-3.875
2.25
0.875
-1.625
-3.25
1.375
1.5
-4.25
-4.0
-3.125
-6.0
-3.75
4.625
4.875
4.125
4.875
-1.375
4.375
14.5
4.5
1.25
5.5
1.375
-2.625
-3.875
-1.75
-1.25
0.0
1.75
2.875
5.75
3.375
-5.625
-2.875
9.5
8.125
6.5
4.75
1.5
9.25
1.0
-9.125
2.375
10.125
0.25
-3.5
2.75
4.5
4.0
5.5
6.875
6.75
6.5
4.375
2.125
1.125
-1.75
-1.0
4.625
0.125
-3.375
8.25
3.75
-8.375
-2.375
3.375
11.375
6.625
-9.75
-9.875
-1.25
2.0
-1.75
-3.125
-0.75
4.625
8.125
3.875
3.25
10.0
13.75
14.125
6.125
14.625
14.875
-7.375
-1.75
3.875
10.25
16.125
0.75
-3.875
1.875
1.625
4.0
7.125
7.125
8.75
11.0
10.5
10.5
14.875
9.75
-1.375
5.375
13.375
2.0
-4.625
0.875
3.625
8.75
11.375
3.25
6.625
16.375
12.875
5.375
5.375
5.125
3.25
5.0
4.375
2.25
-0.5
-4.625
-5.875
-3.375
-0.125
0.25
-0.5
2.125
7.5
8.625
0.625
7.0
24.125
16.5
2.625
8.375
12.125
6.125
-3.125
-2.125
6.5
1.25
-5.125
1.75
4.25
0.375
2.0
7.0
12.625
16.125
12.375
5.75
3.75
1.375
2.0
0.875
-14.5
-13.375
4.625
2.25
-3.5
-2.875
-7.125
-3.625
1.875
11.5
13.5
3.5
14.375
19.875
8.625
8.625
15.0
16.375
12.625
14.75
13.375
9.625
11.125
13.125
14.25
6.625
2.25
6.25
9.125
8.0
5.5
5.125
5.375
14.125
12.75
0.0
9.0
9.875
2.75
4.25
3.75
13.5
12.5
0.125
-0.25
7.75
14.0
9.875
8.375
2.625
1.5
7.625
2.25
-3.25
-0.875
1.75
0.75
-2.875
-2.0
1.75
0.875
4.875
7.25
3.125
1.75
-5.375
-1.125
1.75
-5.0
6.0
7.375
1.25
1.5
-0.875
-1.875
-1.125
-5.875
-9.375
-4.75
-2.375
-4.875
-3.125
1.5
4.0
2.25
3.125
2.5
6.375
10.75
-1.875
-3.25
4.125
10.125
12.0
10.5
10.375
4.75
-0.625
3.875
14.5
10.0
4.375
2.375
1.375
5.875
4.125
2.0
5.375
4.0
2.25
14.875
4.5
-7.875
13.0
-1.625
-9.625
11.125
8.625
-1.375
0.375
1.125
-3.5
-1.0
-3.25
-3.875
2.75
1.875
-3.125
-2.625
1.75
4.875
3.125
-3.25
-6.0
-2.0
-0.25
4.75
3.0
-11.75
-13.625
-5.0
-5.0
-8.25
-7.75
-7.875
-9.25
-10.5
-10.0
-8.375
-7.25
-6.625
-2.625
-1.0
1.75
9.75
11.75
8.25
2.0
6.25
11.875
3.625
1.25
0.125
3.625
6.125
5.25
9.875
-0.25
-5.125
1.25
5.375
-0.5
-3.875
1.125
2.875
1.875
-5.875
-7.875
-2.0
3.0
13.125
19.0
5.125
-3.25
2.0
0.625
0.875
-1.125
-7.25
-7.125
-0.25
5.375
-1.375
-6.5
-3.875
1.875
7.0
6.5
11.0
9.375
4.75
12.5
9.875
5.25
11.375
10.5
12.125
22.875
21.625
3.75
-0.375
6.125
3.125
9.125
14.625
9.375
10.75
12.75
15.625
17.75
15.125
19.125
14.75
3.125
8.125
8.875
0.875
-2.75
-8.375
-6.5
-3.625
-2.0
9.125
11.625
7.75
4.375
3.0
8.25
3.25
-2.125
0.25
-4.0
-6.375
-5.0
-7.0
-10.625
-12.625
-13.25
-15.125
-18.75
-15.875
-6.875
-23.625
-27.875
-13.375
-10.625
-10.0
-25.5
-10.625
10.625
-10.375
-19.375
-12.625
-12.75
-10.375
-9.0
-9.5
-9.0
-9.625
-14.0
-15.75
-13.25
-4.75
-4.125
-21.25
-24.125
-21.375
-14.875
-11.0
-11.625
-10.5
-11.625
-10.125
-11.25
-9.25
-10.875
-11.0
-2.25
1.125
0.625
-1.875
-2.25
5.0
-1.75
-10.375
-6.0
4.5
-3.75
-19.5
-9.75
-2.875
-8.75
-3.75
-1.75
-7.125
-4.375
-1.75
-2.375
-3.25
-3.5
-4.375
-2.625
-0.75
-6.375
-6.25
-1.25
1.125
3.75
4.125
2.875
1.625
4.75
5.875
-0.25
-1.5
11.5
5.875
-13.25
-3.25
-3.125
-11.125
-1.25
-1.0
-6.25
-3.125
-1.625
-5.0
-2.0
1.0
2.125
-8.75
-15.125
-4.5
4.0
12.5
1.375
-18.375
-13.0
0.375
-5.0
-8.125
-2.875
-5.25
-4.75
-1.125
1.5
-4.125
-0.25
10.0
-1.625
-4.0
1.125
4.375
11.375
8.75
5.5
2.25
2.75
2.5
1.0
-0.75
-2.375
0.75
-1.875
-6.25
-4.625
-6.0
-8.625
-8.375
-10.25
-10.875
-9.875
-8.0
-10.875
-17.25
-13.0
-2.875
-1.625
0.125
2.75
-0.375
8.125
7.5
-6.375
-2.125
-0.75
-2.875
0.375
-3.125
-5.125
-3.5
-4.5
-5.875
-4.625
-2.75
-2.875
-5.625
-10.5
-10.375
-7.25
-2.0
2.25
-2.375
-1.125
1.875
-2.25
-2.25
1.625
9.875
6.875
-6.5
-3.125
-4.5
-5.25
-5.375
-5.875
-1.625
-9.25
-4.875
2.875
0.875
4.125
8.25
6.125
4.375
6.625
6.25
0.875
-1.125
-0.25
5.875
8.125
5.5
-10.25
-32.375
-9.5
12.5
-0.25
-4.625
-0.375
0.375
4.875
12.625
8.875
8.75
13.875
11.375
7.625
7.375
7.625
3.25
0.25
-1.0
-5.25
-5.625
-0.125
-4.125
-11.25
-6.125
-7.0
-6.0
9.75
-1.75
-16.125
-3.375
-2.75
-6.375
-4.75
-6.625
-4.625
-0.875
-0.5
-5.125
-5.5
-3.125
-8.25
-13.5
-17.0
-18.0
-17.875
-11.375
-11.5
-19.25
-12.625
-0.875
1.625
-6.75
-8.25
-6.375
-2.875
8.875
3.75
-5.625
-0.75
1.375
-0.125
-2.875
-7.625
-12.25
-14.125
-15.125
-19.875
-21.0
-20.75
-18.375
-11.75
-9.875
-23.125
-30.125
-17.625
-8.625
1.0
-2.0
-6.375
-0.5
-2.125
-3.5
-3.625
-5.625
-6.0
-6.625
-4.0
6.5
-2.875
-15.875
-10.5
-5.5
-7.375
-19.375
-25.0
-14.875
-9.875
-20.125
-22.75
-6.625
-1.0
-0.875
8.75
11.0
10.125
1.875
2.0
14.875
8.375
-0.875
2.375
3.0
-0.375
-4.875
-1.5
2.375
3.375
8.25
5.25
3.75
8.375
6.375
7.875
6.125
3.5
16.0
19.75
20.125
22.625
18.5
18.0
16.0
7.625
4.75
8.75
12.625
13.25
8.75
5.875
7.375
5.625
2.25
9.25
9.25
-2.375
-1.5
3.75
-2.625
-11.25
-5.125
-3.125
-3.25
5.125
10.125
6.125
3.125
13.875
11.375
2.25
5.5
6.0
1.75
3.75
1.625
-3.0
-8.75
-16.875
-7.875
-5.0
-16.0
-15.75
-7.375
-9.625
-10.625
-0.75
-5.875
-11.25
-3.625
-9.875
-22.75
-15.75
-2.125
-7.5
-12.25
-4.0
-4.5
-2.625
0.25
-7.5
-5.25
5.375
4.25
2.375
3.5
-0.375
5.25
3.5
-5.75
-5.25
-2.0
-2.625
-8.125
-8.25
-12.75
-13.0
-2.875
-1.625
-4.0
-3.75
-6.5
-5.625
-3.0
-1.0
-5.625
-15.5
-13.375
-4.0
-7.75
-13.5
-7.5
-12.5
-16.25
-4.0
-7.625
-9.5
-2.375
-6.875
-9.5
-9.625
-13.375
-8.875
3.25
-4.25
-13.125
-10.125
-11.125
-12.375
-10.875
-10.25
-12.375
-12.125
