21.625
6.625
23.875
46.25
17.75
11.25
26.125
42.125
37.75
14.0
17.5
21.375
13.5
26.625
27.375
16.5
28.625
41.25
45.25
35.0
19.25
24.0
40.125
56.25
40.875
17.25
19.375
25.0
36.375
39.25
28.0
28.625
31.125
24.75
31.375
39.875
20.5
12.625
33.125
21.625
6.75
20.0
11.25
12.875
25.25
16.5
17.5
26.625
39.125
31.5
3.375
6.0
59.5
65.75
6.5
-12.375
-2.625
5.625
12.625
19.625
0.625
-2.5
41.25
26.375
-10.625
-15.25
-7.75
3.875
-5.125
-8.125
-3.5
-7.0
-0.75
2.125
-19.875
-34.0
-29.5
-18.25
-5.125
-27.75
-38.25
-33.0
-28.125
24.625
31.0
-30.25
-44.5
-1.625
12.0
-22.25
-22.0
-22.625
-31.0
-22.625
-33.125
-25.875
-14.25
-7.625
-2.875
-4.25
-4.25
-2.5
5.125
-0.875
0.375
23.125
37.375
20.5
1.5
12.625
28.5
23.625
8.75
14.5
26.5
21.5
16.25
15.625
15.5
27.0
34.25
23.5
9.625
8.5
11.0
11.875
12.625
10.75
18.5
16.0
12.375
21.625
16.5
7.0
10.125
16.125
21.25
22.25
17.25
10.625
8.75
2.5
3.375
9.875
2.125
-2.75
-0.5
1.625
2.0
7.125
9.125
-4.25
2.5
22.625
29.75
30.375
2.875
-13.25
4.0
29.75
26.5
0.5
-2.625
8.5
5.75
-4.875
5.375
1.25
-7.5
-4.875
-5.375
1.375
-2.25
-1.75
13.625
10.875
-0.625
-1.5
3.875
-1.625
1.5
11.625
-14.625
-15.625
8.5
-13.875
-29.25
-3.75
-4.125
-15.125
-2.125
-6.125
-12.375
1.25
20.25
35.375
7.0
-20.875
2.125
16.5
6.875
6.5
12.25
3.875
7.75
16.875
-6.5
-17.0
-9.75
-5.125
-1.375
6.625
14.75
-2.625
-8.125
8.125
-1.375
14.125
53.25
16.125
-15.875
8.625
23.0
13.5
11.75
27.75
22.625
11.375
19.625
22.875
21.0
31.625
31.625
23.875
29.625
29.875
43.25
57.75
21.25
6.75
29.5
24.625
21.25
23.375
16.125
15.875
13.0
18.875
28.25
29.875
30.125
16.25
16.125
31.75
20.75
6.375
22.375
30.875
10.625
10.375
22.75
16.125
17.0
18.25
30.75
50.375
21.125
-2.25
15.75
26.375
17.875
9.25
23.5
25.0
15.5
27.75
45.5
29.375
11.5
26.25
28.75
25.0
13.25
2.875
8.0
17.625
21.125
15.375
20.125
11.25
0.25
15.0
14.375
7.75
35.125
46.25
28.25
24.625
29.75
16.5
-3.25
1.125
27.0
32.5
13.0
6.375
9.5
14.375
32.25
41.875
38.375
18.125
9.625
21.125
7.25
4.375
15.0
16.5
9.5
6.125
23.75
25.5
25.875
55.0
37.125
-13.5
-4.125
19.875
14.125
7.25
12.125
14.625
11.375
13.875
12.75
3.125
5.5
26.875
16.75
-12.875
3.25
-7.25
-20.375
14.625
18.625
13.375
17.75
18.25
15.5
4.25
7.875
13.875
11.125
11.875
13.25
29.375
22.75
-13.75
-15.0
1.625
11.5
29.75
28.25
2.25
-8.125
4.0
4.75
7.25
6.875
7.75
16.25
8.5
9.625
7.5
-11.125
-8.125
6.25
-8.75
2.125
24.125
7.375
12.0
15.375
2.125
4.5
-1.625
-3.375
11.25
10.375
-10.875
-9.875
0.25
-2.625
11.75
9.625
-4.5
4.875
5.75
7.375
30.0
18.125
12.125
33.875
10.625
-8.0
8.25
18.5
12.75
-11.625
-12.375
11.0
23.25
21.75
-10.625
-3.25
34.5
18.625
-0.125
1.0
3.125
2.375
-2.875
5.5
6.625
5.375
11.5
-3.125
-6.125
3.25
8.75
14.25
13.0
9.875
9.625
5.75
1.375
18.375
18.625
-7.125
0.0
26.625
23.25
3.125
6.375
7.75
2.875
10.625
9.0
16.25
39.875
30.5
-0.125
-3.25
12.75
24.875
14.125
-8.75
-13.625
-1.875
3.625
3.625
6.0
8.125
5.5
15.75
14.625
-5.625
-3.875
3.25
8.25
17.25
19.875
17.125
7.25
-1.5
-6.125
-3.25
1.375
2.0
-0.625
-1.75
4.125
7.25
7.0
8.75
17.625
19.625
11.375
22.375
29.125
1.125
-10.75
0.375
11.25
12.875
-1.75
-15.875
-6.375
3.125
-12.5
-20.375
-17.25
-5.875
8.75
-0.25
-6.75
6.0
20.5
14.625
-9.75
-10.125
2.125
27.25
25.875
-22.875
-21.0
-9.125
-16.25
0.25
5.25
-6.75
-13.0
-4.875
19.25
19.125
13.125
10.0
-6.75
5.125
16.375
5.0
9.375
15.5
5.375
11.875
5.5
10.625
36.125
2.625
-20.5
6.375
19.625
15.625
1.625
8.25
24.25
21.5
4.25
-5.625
10.375
11.625
-0.75
8.5
14.625
10.875
13.875
12.875
16.25
13.0
1.0
-3.75
-1.875
2.375
1.25
5.25
3.5
-3.375
8.375
10.25
1.0
-0.625
-2.375
10.25
22.375
3.5
-9.5
9.5
18.5
8.625
-3.25
-11.875
-6.375
4.5
11.75
11.875
11.75
6.0
-3.5
14.625
9.875
-2.375
24.375
10.125
-12.25
4.25
22.0
22.75
3.5
-3.25
7.75
11.875
9.375
9.625
5.625
5.875
12.0
-3.125
-7.875
35.75
43.5
-11.5
-14.625
14.875
15.0
13.0
14.75
15.625
17.25
15.375
2.625
-6.375
-0.125
10.0
11.25
9.75
32.125
32.75
-6.5
-6.875
10.25
2.625
6.125
17.25
6.0
-0.5
8.75
16.375
-1.375
-16.125
12.125
18.25
-1.75
10.25
21.875
-2.875
-14.125
8.625
13.25
-3.125
9.875
18.375
2.0
2.25
15.5
32.25
19.75
-6.625
-1.125
1.5
-8.125
-5.875
-5.25
-0.875
7.5
-0.25
5.75
18.5
10.625
-6.875
-3.125
11.875
8.75
11.0
14.625
2.75
-12.5
-15.5
4.75
10.125
-2.875
18.375
27.25
-6.5
-14.75
32.625
54.375
10.125
-14.25
2.0
16.875
16.125
18.125
25.0
12.0
-0.125
2.125
6.875
-4.875
0.75
26.75
28.5
3.0
-9.25
23.5
38.625
-1.375
-10.0
36.5
27.75
-11.5
-5.875
0.375
1.25
-4.375
-0.625
21.375
21.5
0.25
-4.125
11.25
3.0
-6.625
-3.0
-4.125
-2.375
3.75
-1.375
-8.875
21.375
40.5
-20.875
-46.75
7.125
22.625
-2.875
-14.75
-20.0
-19.75
1.375
11.0
-8.125
-9.375
-3.25
-5.625
7.25
3.0
-20.375
-9.25
-1.25
-16.375
-11.375
-14.125
-31.0
-18.375
-11.375
-27.625
-22.125
-16.25
-20.625
-17.25
-17.5
-29.25
-33.375
-26.375
-26.375
-27.125
-36.0
-46.5
-42.125
-33.625
-32.75
-51.875
-27.125
28.625
-31.0
-96.5
-67.75
-33.375
-21.375
-48.875
-52.375
-29.875
-37.0
-51.0
-52.625
-52.125
-55.25
-50.25
-43.125
-51.0
-56.125
-48.375
-42.25
-49.75
-71.625
-64.75
-28.75
-36.0
-74.75
-70.5
-56.875
-51.625
-46.5
-54.0
-57.125
-61.375
-62.25
-48.875
-36.25
-59.25
-77.75
-47.125
-55.25
-89.125
-78.25
-58.75
-59.625
-64.625
-54.5
-48.125
-52.75
-42.5
-49.875
-72.75
-64.25
-58.5
-59.875
-35.875
-33.0
-67.875
-61.625
-39.375
-54.125
-76.0
-70.375
-61.625
-72.125
-69.375
-54.25
-53.875
-63.625
-65.5
-55.875
-48.875
-57.875
-57.625
-55.125
-60.625
-58.875
-58.75
-59.125
-57.25
-43.875
-57.25
-79.5
-65.125
-42.125
-37.125
-54.625
-76.625
-91.125
-80.25
-76.0
-71.0
-60.5
-71.375
-70.625
-66.5
-58.875
-45.75
-69.0
-91.5
-75.5
-45.25
-63.0
-84.875
-64.75
-62.375
-67.375
-65.75
-76.5
-75.75
-56.875
-58.125
-78.625
-88.0
-70.875
-60.5
-72.125
-68.875
-62.875
-67.5
-69.0
-64.0
-36.25
-61.5
-105.25
-68.0
-45.25
-61.375
-67.625
-72.375
-71.625
-73.5
-77.0
-75.25
-77.25
-86.5
-92.875
-87.25
-70.0
-68.5
-97.625
-86.625
-57.5
-71.0
-81.375
-78.125
-72.75
-62.625
-61.25
-60.875
-55.375
-57.75
-64.5
-72.25
-65.875
-59.5
-65.125
-55.625
-55.0
-73.0
-74.25
-49.625
-42.875
-76.625
-78.25
-70.375
-86.625
-87.25
-83.25
-80.0
-78.0
-77.75
-80.375
-76.25
-65.5
-60.75
-50.875
-62.25
-93.875
-101.625
-72.75
-56.75
-55.875
-61.0
-72.75
-56.625
-53.875
-56.125
-37.125
-49.5
-58.25
-39.25
-49.5
-63.0
-53.75
-45.875
-70.625
-89.5
-75.75
-65.75
-70.625
-74.625
-63.625
-72.0
-94.125
-76.375
-65.25
-83.375
-77.0
-58.875
-63.125
-70.0
-61.375
-57.0
-64.375
-76.125
-76.375
-67.25
-51.625
-47.625
-71.625
-88.125
-58.375
-36.625
-52.75
-63.5
-63.5
-55.5
-53.875
-57.5
-51.125
-54.5
-72.5
-72.125
-50.5
-48.25
-77.75
-86.125
-68.125
-68.125
-84.625
-88.5
-81.875
-80.75
-80.75
-69.25
-60.125
-59.25
-72.625
-79.0
-67.875
-79.75
-87.625
-77.625
-67.375
-67.875
-62.125
-52.625
-60.5
-61.625
-47.375
-36.0
-52.0
-80.5
-68.375
-31.125
-21.75
-40.625
-51.5
-60.125
-61.625
-55.875
-54.875
-53.625
-58.25
-60.375
-62.875
-42.75
-20.0
-63.25
-84.0
-48.875
-51.375
-66.125
-69.875
-78.0
-73.375
-72.75
-76.0
-74.875
-73.5
-70.125
-67.75
-67.375
-63.25
-58.125
-57.875
-54.625
-53.25
-60.375
-65.875
-52.375
-35.75
-36.5
-43.875
-44.125
-27.875
-32.5
-50.375
-45.125
-39.375
-46.5
-52.25
-52.875
-53.75
-57.625
-62.125
-67.125
-68.75
-51.0
-68.25
-87.875
-63.125
-71.875
-81.875
-66.125
-61.0
-64.5
-62.75
-57.625
-53.125
-50.0
-46.375
-42.5
-42.375
-43.0
-44.75
-40.125
-29.125
-42.125
-47.75
-32.0
-26.25
4.125
-21.0
-57.375
-20.0
-20.875
-29.625
-21.875
-29.375
-31.0
-41.875
-38.375
-26.125
-32.0
-33.375
-25.125
-21.375
-31.875
-28.875
-16.625
-23.25
-25.5
-15.375
0.125
3.875
-28.125
-29.0
3.875
-13.5
-33.125
-29.5
-33.375
-21.75
-9.125
-12.625
-14.25
-9.125
-10.75
7.875
52.25
36.375
-7.625
2.25
3.125
-4.25
19.75
14.125
-5.125
15.125
15.375
-10.625
-12.25
-3.125
-1.625
-5.125
0.625
7.875
3.875
7.875
25.25
40.125
34.5
18.25
14.0
21.0
39.25
31.875
-1.625
-3.625
11.75
-6.5
-29.75
-24.125
-10.625
-7.875
-11.375
17.0
26.625
-16.5
-6.75
33.0
28.875
1.75
4.125
32.125
28.5
24.375
37.125
48.0
35.625
20.5
31.375
31.0
34.625
37.75
27.25
30.0
31.75
28.75
28.0
24.25
21.125
23.875
27.875
26.5
20.5
43.625
77.25
29.375
-33.375
-11.75
10.25
7.375
12.875
16.375
26.5
22.625
11.625
9.25
9.25
11.375
14.125
11.625
5.375
10.5
16.875
25.375
24.875
12.375
14.625
20.375
33.25
49.75
45.125
25.875
11.75
11.25
18.125
20.625
17.0
26.25
46.0
36.375
15.5
25.75
34.25
33.125
39.25
48.125
46.75
34.5
29.5
19.875
24.875
37.0
20.5
12.0
23.375
33.0
33.375
28.75
28.25
29.875
29.0
29.75
35.5
34.5
31.0
39.75
44.625
34.25
33.25
39.0
24.25
2.0
4.25
15.625
11.5
22.5
23.875
5.375
17.75
33.75
31.625
29.0
24.875
32.125
37.625
16.5
0.25
-0.125
17.0
26.0
4.5
-5.25
-2.75
3.625
8.0
7.125
9.625
10.75
13.0
11.5
9.125
9.875
22.5
31.0
5.75
-1.0
20.375
20.0
10.625
11.125
7.625
8.75
21.5
12.125
-2.125
4.75
9.625
7.625
4.875
7.0
7.625
3.625
2.375
13.375
18.75
-4.125
-10.375
16.625
21.25
1.875
13.375
33.125
14.25
-11.875
2.375
10.75
-0.25
7.25
7.5
-1.25
0.25
-2.5
-10.875
-9.5
-1.75
21.375
28.75
-13.25
-36.75
-13.125
4.25
-2.125
-4.25
0.75
-2.75
1.875
8.25
1.875
-1.625
-1.25
-2.125
-5.75
-3.625
-7.375
-4.625
2.125
2.125
26.125
17.75
-10.375
-2.0
12.25
12.125
-1.5
-4.625
-2.75
-4.75
-6.0
-3.5
0.625
-1.25
-3.625
2.25
11.0
-8.25
-25.125
-10.875
-14.75
-24.0
-21.375
-23.25
0.125
20.5
0.875
-12.625
-4.75
0.625
3.5
4.625
2.0
-2.75
-4.75
-4.25
-6.0
-9.375
-11.875
-7.625
-0.25
14.25
15.375
-3.0
0.625
0.875
-16.375
-23.25
-12.875
7.5
16.0
1.0
-8.625
0.0
4.0
-3.375
-8.375
-5.0
-3.25
-3.125
-3.625
-2.125
2.875
1.875
-0.75
1.75
2.875
6.375
8.375
-2.5
-5.25
-0.75
-1.875
-3.75
-3.625
0.0
3.375
-3.125
-4.25
7.375
13.5
12.25
7.625
4.625
11.125
4.5
-23.625
-18.25
-2.375
1.75
1.25
-1.875
7.625
5.875
-1.625
0.0
6.5
13.25
10.125
11.125
11.125
6.25
18.375
16.375
-1.375
5.125
7.375
0.375
8.875
-9.0
-27.5
-11.375
-3.25
-5.375
-8.875
-12.5
-7.375
-0.5
-5.5
-14.5
-3.0
15.875
22.375
36.75
24.875
-4.125
8.75
17.875
8.375
-12.375
-23.875
0.25
11.125
4.75
22.375
26.25
-3.625
-7.25
2.0
12.375
32.0
14.625
-1.25
9.125
9.625
21.625
30.75
14.125
2.125
5.25
6.25
16.25
10.25
-6.5
4.25
7.25
11.0
21.5
4.0
-1.25
10.5
15.125
18.75
13.125
22.75
43.5
47.25
30.125
4.0
-11.25
-5.875
4.125
10.875
3.875
-21.75
-13.0
16.375
14.0
1.625
6.5
17.875
19.625
14.125
10.75
9.875
15.25
21.875
17.75
18.75
9.5
-11.0
-6.125
2.5
5.25
14.375
14.5
-0.25
4.875
15.75
10.5
18.875
31.125
25.375
6.25
-12.25
-11.875
-2.125
-1.625
0.0
-1.875
-10.0
-14.0
-10.5
-6.0
-11.375
-9.0
-2.75
-5.875
-12.375
-17.625
-0.625
4.5
-19.75
-20.0
-18.25
-19.375
-18.25
-23.625
-18.125
-16.375
-23.0
-27.0
-30.5
-22.625
-10.75
-24.875
-30.875
-19.875
-26.625
-36.75
-33.5
-27.375
-22.875
-26.5
-30.875
-28.875
-27.25
-27.75
-28.875
-28.25
-27.0
-31.0
-37.25
-28.5
0.375
10.75
-4.5
-1.125
-1.0
-11.75
-5.25
-5.875
-0.75
8.125
-5.125
-6.5
4.0
2.125
-2.75
0.875
-6.125
-21.125
-7.25
16.0
15.0
-3.75
-7.0
-8.625
-11.5
6.375
26.875
14.5
-10.375
-4.5
2.625
1.875
-2.75
-3.875
-0.625
6.625
15.625
5.0
-16.875
-17.875
8.25
17.625
0.125
-1.875
15.875
18.625
16.75
21.125
16.125
5.125
2.75
5.75
1.25
4.375
9.125
-1.125
2.0
7.75
-7.25
-4.125
3.5
1.25
8.25
24.5
33.0
9.75
0.5
11.375
8.75
6.375
8.25
13.125
8.75
7.875
12.25
2.75
2.375
8.875
15.25
20.5
20.125
11.625
2.875
12.5
21.125
17.375
12.75
21.125
29.5
18.375
3.75
0.0
9.125
17.75
20.25
22.125
23.25
30.875
15.125
-2.5
8.625
16.875
13.125
0.0
2.0
14.75
10.875
0.25
-5.25
-1.75
6.75
14.375
10.5
-1.125
4.25
10.125
2.375
15.25
28.75
-0.25
-21.0
-12.375
0.5
7.625
-2.125
-10.625
-4.0
1.25
1.375
7.125
3.5
4.375
8.75
9.5
23.625
17.375
7.25
9.875
3.75
3.625
1.0
-2.625
3.5
1.5
-3.0
1.25
11.125
15.25
5.75
11.625
15.125
11.25
24.0
14.875
-4.0
1.875
12.75
14.0
9.0
12.5
19.25
20.875
13.75
5.375
11.625
23.5
26.375
35.0
43.125
21.25
9.875
15.625
15.5
6.0
8.0
14.25
11.25
26.375
28.25
12.0
14.0
21.75
25.875
28.625
28.375
21.375
12.125
8.375
10.375
12.5
0.5
9.75
34.5
14.0
-8.75
8.75
25.75
20.0
20.125
22.875
11.625
15.625
29.125
13.5
-2.0
8.625
17.25
14.625
6.75
8.125
19.375
20.75
17.125
20.375
29.0
43.25
46.5
30.625
24.625
18.375
7.75
9.375
15.875
11.125
0.875
7.25
14.875
17.5
17.5
20.375
22.75
11.375
14.125
39.125
53.25
22.0
-4.0
18.0
31.0
19.625
-6.75
-12.75
10.0
20.125
22.375
30.125
26.5
13.25
17.0
30.5
14.75
-5.875
13.25
30.125
16.0
0.375
-1.375
-0.5
7.5
20.375
6.875
-4.25
9.0
7.125
6.5
14.625
12.5
16.125
22.0
16.25
23.5
49.125
32.875
1.375
8.625
15.75
13.75
18.625
18.5
17.75
7.25
-2.875
7.25
1.0
-8.125
6.0
18.25
16.5
9.75
15.625
22.5
20.25
31.25
28.75
17.75
26.25
21.375
3.25
-0.25
9.375
10.75
7.75
1.875
2.375
23.0
16.0
-12.625
3.25
23.125
13.375
15.625
20.875
19.625
22.375
23.875
21.25
15.0
5.75
1.0
3.625
3.125
-3.375
-3.0
9.625
11.5
11.125
24.125
31.625
13.5
-13.0
2.5
23.625
23.125
10.625
3.25
11.0
4.25
0.625
8.5
8.25
6.625
8.0
9.375
15.5
20.625
26.375
27.25
16.375
1.0
14.0
41.0
29.625
16.25
20.5
20.5
16.125
13.125
26.125
41.25
27.375
14.375
33.375
41.625
22.75
3.0
12.875
35.0
16.5
1.0
17.875
35.125
21.5
-5.625
-5.25
-3.625
5.0
15.25
4.75
8.125
13.25
5.25
9.25
11.75
3.125
-1.25
7.25
26.875
27.5
11.0
26.375
51.125
38.125
6.375
0.25
7.625
7.25
2.625
1.625
3.875
10.625
12.5
5.375
7.25
8.25
14.375
21.25
21.5
18.375
11.375
24.75
46.0
43.125
18.375
-9.25
-6.75
14.5
12.625
-2.25
-5.0
3.125
7.375
2.375
2.125
11.75
18.0
11.0
-0.125
7.875
25.25
21.625
11.875
17.375
18.375
15.125
21.375
16.5
9.625
4.0
-4.0
0.875
13.75
5.75
-1.0
21.125
29.125
20.0
20.25
28.625
21.625
9.625
12.875
14.625
16.625
23.125
17.375
15.125
20.375
17.75
19.625
9.625
8.125
24.25
25.125
19.25
16.375
14.5
25.875
30.5
15.875
17.75
14.375
20.25
45.125
19.125
-11.875
11.125
23.25
6.625
12.25
21.875
16.5
17.0
14.75
10.75
17.25
24.5
15.75
25.25
38.625
24.625
14.375
12.25
27.125
36.0
16.125
23.5
61.75
20.75
-40.125
-4.0
20.25
8.25
10.75
11.75
13.375
8.875
9.0
16.125
22.75
25.125
14.625
17.25
28.5
21.375
22.0
35.875
26.875
14.25
21.875
42.25
40.875
7.625
-6.75
2.0
10.5
15.5
17.0
15.25
18.125
24.125
20.625
16.375
13.75
4.375
7.75
7.625
-5.625
-4.125
2.625
4.5
4.5
-1.5
3.125
23.25
44.75
52.75
23.375
-13.625
-6.75
1.5
-5.125
5.5
11.875
4.125
2.0
3.5
2.875
11.125
4.5
-8.625
-2.875
-1.25
1.875
8.0
8.0
11.5
7.25
-5.25
4.5
24.125
32.125
38.375
39.625
15.625
4.0
6.75
-6.625
-4.125
2.875
-1.625
-9.625
-3.5
8.75
6.25
-1.75
-1.25
5.125
4.0
6.25
9.875
8.375
1.5
-2.875
19.625
35.5
23.0
14.25
12.0
15.875
31.25
16.125
-7.25
-3.625
3.625
13.375
18.5
15.875
13.875
18.875
21.5
14.25
9.5
19.625
39.625
36.875
13.375
-2.375
-11.0
-1.125
11.875
4.875
-5.625
-1.75
3.25
-2.875
0.625
5.0
3.125
8.75
19.75
26.625
22.5
1.875
-15.375
-3.375
10.0
10.25
15.375
5.5
-5.125
6.5
12.0
1.75
-4.125
-2.5
4.25
14.0
13.375
5.25
1.75
-3.625
-14.875
-13.875
-17.75
-20.25
-1.0
0.25
-14.25
-6.5
0.375
16.125
18.5
-27.375
-36.375
-12.25
-13.375
-20.25
-16.75
-11.125
-7.75
-7.25
-14.5
-17.75
-16.5
-14.75
-7.875
1.5
3.25
-1.0
-8.75
-13.25
-3.0
4.125
8.875
-0.625
-18.0
-5.875
2.875
-2.25
-13.375
-17.625
-7.0
-14.75
-28.125
-29.375
-12.75
-0.625
-7.625
-4.625
8.375
6.75
-7.75
-12.0
-5.75
1.625
-2.875
-5.125
1.25
-9.25
-16.875
-18.375
-24.625
-16.5
-7.25
-0.125
20.625
8.625
-24.25
-5.625
19.25
6.0
-12.125
-1.5
10.0
-11.5
-19.25
-5.125
1.5
-1.375
-4.875
1.75
1.5
-9.875
-13.875
-1.125
5.25
-3.5
1.125
9.0
4.75
1.5
-3.125
-12.75
-10.875
20.75
21.375
1.625
-0.625
-4.625
9.25
17.375
8.5
1.0
6.375
10.375
6.375
5.0
9.625
10.625
2.5
-2.875
-0.875
2.875
4.0
-1.625
-0.625
3.875
2.875
5.375
0.5
0.625
2.375
0.25
16.125
22.125
0.0
10.125
7.375
-24.5
-8.625
14.625
16.875
1.125
-1.875
11.875
7.625
4.375
2.25
-7.125
-0.875
3.25
-2.0
-0.75
2.75
4.375
10.875
21.75
7.5
-6.0
14.75
23.125
3.5
-5.875
7.5
11.625
-3.875
-5.125
0.875
2.375
2.5
2.125
3.625
0.875
3.75
2.375
-5.875
-5.875
-0.125
5.375
7.5
8.0
5.875
3.375
3.125
0.375
13.125
26.25
20.625
8.75
-7.625
-10.5
-1.875
1.25
-6.0
12.625
26.0
-7.75
-25.0
-18.875
-9.5
2.5
-2.5
-4.125
2.875
5.125
3.875
-3.5
-8.625
-1.625
3.75
1.375
-2.5
0.75
13.75
6.0
-2.625
18.625
0.875
-27.5
22.25
52.375
-2.0
-29.375
-11.375
-2.875
-4.125
-3.0
10.75
2.875
-10.875
5.0
5.125
3.625
20.5
13.5
2.5
4.375
7.5
5.375
7.625
18.0
9.125
1.375
13.5
26.5
1.0
-19.5
5.875
-0.25
-14.75
0.0
4.375
1.125
4.75
8.625
13.5
9.375
5.0
6.625
4.625
6.75
5.375
-3.375
-6.125
4.875
28.125
17.75
-17.0
-3.5
4.125
-15.125
-1.125
2.75
-4.875
10.25
-2.5
-22.25
-14.625
-19.0
-19.0
-2.5
4.5
-7.25
-15.5
-6.875
-6.0
-15.625
-13.5
-12.875
-17.25
-9.5
-6.125
-16.25
-7.0
-3.25
-12.125
-7.75
-4.375
2.375
-3.625
-15.875
-11.25
-7.625
-7.875
-7.25
-6.125
-6.625
-12.5
-0.625
15.25
5.5
-6.75
-11.75
-16.625
-13.25
-8.625
-8.5
-23.375
-24.25
3.5
-8.25
-27.375
-8.5
-7.375
-17.0
-7.125
-9.75
-26.75
-16.875
-4.25
-16.5
-24.125
-13.375
3.75
-3.5
-0.125
13.25
-14.375
-26.375
-15.375
-11.75
-3.25
12.875
6.75
-25.875
-20.75
-4.75
-15.125
-5.0
17.875
12.125
-13.625
-18.25
-2.875
6.125
-0.5
0.25
7.625
-2.875
-8.0
1.625
-1.5
-11.375
-6.625
5.5
2.875
-15.0
-12.75
1.625
-10.5
-24.0
-5.875
4.125
2.25
9.5
3.0
-1.5
10.0
9.375
-16.0
-22.875
-11.875
-8.0
1.75
5.5
-0.125
-6.5
-6.125
-5.75
-3.625
-1.5
-9.5
-11.25
5.875
13.5
0.5
3.0
3.0
-5.5
-6.75
-4.5
0.625
-0.75
-8.75
-12.5
-7.5
-5.25
-7.5
-2.625
4.5
-5.875
-17.125
9.0
30.5
6.75
-12.625
0.25
10.75
-7.75
-21.5
-1.875
4.375
-7.625
-0.375
19.125
7.375
-10.875
-1.375
4.25
4.0
0.375
-6.0
-5.5
-1.5
-2.375
-5.75
-9.75
-18.25
-9.75
18.875
15.75
-11.5
-2.875
10.125
0.375
-13.5
-16.125
-3.125
-3.625
-14.625
-13.625
-8.875
-12.75
-17.75
-11.75
-4.0
-7.375
-7.875
-3.0
-6.5
4.125
2.0
-21.375
-20.5
3.375
8.0
-16.25
-9.125
18.625
2.375
-30.375
-23.25
-10.625
-11.25
-10.25
-14.875
-19.125
-24.5
-23.25
-12.125
-11.5
-6.0
12.0
-7.0
-23.25
1.625
17.625
8.375
-7.25
7.0
19.5
0.125
-17.875
-20.5
-16.875
-11.25
-2.125
-1.375
-3.0
-2.875
-6.75
-5.0
-6.125
-10.0
-11.5
-10.75
8.875
13.875
-10.5
-17.25
-16.25
-9.5
-2.375
-2.75
0.75
6.0
16.125
5.375
-9.125
-11.75
-9.75
-12.0
-11.0
1.0
-9.875
-17.375
-0.875
5.5
5.25
6.625
5.0
6.5
7.375
3.75
8.25
14.75
2.375
-11.375
-19.625
-13.625
7.25
13.875
-4.25
-9.375
0.125
-16.25
-17.875
-2.5
-0.75
-1.75
3.125
-4.75
-14.375
-6.25
-6.875
-13.25
-11.375
-6.875
-7.375
-7.0
-6.5
-6.75
-0.5
-18.5
-32.875
-15.5
-17.875
-20.5
-5.0
-5.875
0.875
-13.625
-33.375
-10.375
-1.5
-17.25
-28.625
-9.75
-2.125
-22.0
-26.875
-30.375
-28.875
-9.375
-5.0
-21.625
-24.125
-13.625
-6.75
-6.25
-6.5
-9.125
-20.375
-21.125
-24.375
-34.125
-24.375
-20.0
-28.875
-22.375
-6.375
-7.875
-13.125
-17.375
-22.625
-9.25
-6.125
-28.375
-23.75
1.25
-6.75
-26.0
-16.625
-9.25
-12.75
-11.25
8.625
15.875
10.75
8.25
-12.0
-16.0
-1.625
7.125
4.0
-7.75
-8.75
-3.875
1.75
0.375
2.75
12.0
0.25
-2.625
4.75
10.125
22.25
16.0
-1.25
-2.875
13.25
20.625
2.125
20.125
31.75
9.25
9.75
13.375
12.625
13.375
17.75
20.5
25.0
36.375
26.25
19.625
26.0
13.125
8.5
6.5
22.75
48.5
33.0
10.125
16.375
23.875
27.625
43.5
21.0
2.625
22.75
32.5
33.5
39.875
44.125
36.75
33.5
45.0
53.75
42.125
36.875
35.25
31.75
36.5
37.75
36.5
41.75
39.25
26.5
29.25
32.5
20.0
18.5
30.875
24.0
18.0
34.5
44.5
30.25
14.25
23.25
30.0
31.125
41.375
49.75
59.0
37.0
14.375
24.75
37.625
33.25
35.75
40.0
24.0
28.625
35.25
38.5
29.5
20.375
35.875
30.875
29.0
45.125
36.0
23.625
26.875
28.0
24.375
32.75
50.625
55.125
36.125
21.375
38.75
38.375
25.75
29.25
29.5
19.5
23.125
41.125
33.5
34.375
31.875
5.0
20.625
38.125
25.375
32.25
27.875
17.875
34.125
33.75
29.875
43.375
37.875
17.875
33.25
41.625
6.125
7.25
49.125
57.25
36.0
26.75
34.75
45.75
37.5
28.625
29.375
30.25
34.5
32.75
33.5
33.0
32.375
33.75
36.0
29.875
17.0
38.0
51.375
17.625
7.75
35.0
47.75
46.875
39.5
31.375
34.125
38.875
38.125
35.125
31.375
29.875
33.375
31.375
27.25
28.75
14.5
3.5
15.75
19.125
24.0
32.875
30.75
37.25
36.875
23.125
24.0
27.625
36.125
38.25
26.5
32.625
41.25
43.25
50.625
47.75
43.875
44.375
40.875
39.0
45.75
50.0
45.125
50.0
28.625
10.125
23.875
23.125
24.5
15.375
8.0
19.25
22.75
21.75
15.625
16.75
19.625
20.0
22.25
20.0
20.25
18.25
21.5
35.25
39.25
37.0
30.625
24.625
16.5
4.75
7.375
13.25
23.5
15.0
5.75
16.625
18.0
17.0
20.5
19.75
15.625
18.125
28.0
25.875
20.25
16.875
10.375
17.125
19.75
7.375
3.125
29.25
33.375
-6.5
3.125
32.375
38.0
36.375
8.375
-7.0
5.0
15.625
10.75
0.5
7.625
11.875
5.875
10.125
19.25
22.0
19.375
11.125
9.125
17.0
12.125
-4.5
0.5
14.125
3.25
1.125
9.125
-2.0
-11.875
-10.625
3.0
4.0
-13.75
-6.25
13.0
-4.125
-23.25
-18.25
-18.375
-15.125
-13.375
-24.5
-21.125
-11.125
-21.5
-26.5
-7.625
1.875
-9.25
-32.875
-49.875
-36.75
-16.5
-27.5
-43.25
-34.0
-31.5
-32.0
-18.625
-4.75
-20.0
-32.25
-23.5
-17.5
-21.125
-30.0
-22.75
4.25
-4.125
-51.625
-50.875
-34.0
-43.625
-32.875
-12.75
-16.75
-26.625
-26.5
-33.125
-38.375
-25.0
-20.0
-23.375
-21.375
-21.0
-21.375
-19.0
-13.25
-3.0
3.625
-17.0
-36.25
-27.75
-14.125
-25.0
-40.25
-28.375
-4.125
6.375
-18.625
-34.75
-20.75
-20.375
-22.375
-8.0
-16.75
-38.0
-27.875
-18.5
-28.0
-28.5
-27.0
-36.5
-35.5
-24.75
-37.0
-39.625
-25.25
-24.625
-20.875
-15.625
-11.5
-16.125
-22.0
-2.0
10.875
-13.125
-40.125
-37.125
-29.0
-22.125
-15.625
-12.875
-16.25
-30.0
-29.625
-20.125
-21.5
-24.75
-22.125
-23.375
-24.875
-20.875
-1.875
5.625
-10.625
-27.875
-26.5
-6.0
-15.875
-33.5
-26.5
-20.5
-18.5
-17.125
-15.375
-12.5
-11.875
-12.0
-8.125
-7.625
-19.75
-22.875
-18.625
-8.625
-12.875
-24.125
-22.875
-26.875
-17.875
-3.875
5.875
-16.625
-32.875
-21.25
-26.25
-20.375
-25.875
-37.875
-28.25
-28.75
-35.0
-37.75
-34.25
-28.875
-26.125
-20.375
-23.25
-31.375
-32.375
-23.0
-16.625
-30.375
-38.5
-20.75
-24.875
-37.75
-17.625
-7.25
-27.625
-31.75
-20.0
-32.75
-35.125
-31.25
-32.625
-29.5
-24.75
-21.625
-32.5
-36.5
-31.875
-34.375
-37.5
-28.0
-27.0
-38.25
-38.375
-33.625
-27.75
-18.75
-22.125
-34.75
-37.5
-31.125
-22.0
-19.25
-37.25
-31.625
-16.625
-43.625
-41.375
-14.5
-3.0
0.625
-21.25
-25.875
-9.625
-22.75
-31.5
-21.0
-23.25
-27.5
-29.75
-34.75
-30.625
-27.0
-26.0
-20.25
-25.0
-14.0
-14.375
-41.0
-42.5
-34.875
-27.125
-23.5
-21.25
-5.625
-1.75
-23.0
-27.625
-18.5
-25.375
-34.625
-34.0
-31.625
-31.25
-26.0
-25.25
-33.0
-36.5
-43.25
-31.0
-8.875
-29.125
-41.75
-29.625
-26.875
-25.125
-25.625
-21.25
-7.0
-1.125
-12.75
-26.625
-20.75
-19.5
-17.5
-1.25
-11.625
-30.25
-19.875
-16.75
-27.625
-26.5
-31.625
-37.5
-29.625
-11.5
-9.375
-32.25
-31.5
-19.875
-20.375
-28.125
-36.625
-29.125
-25.125
-33.25
-28.125
-20.125
-33.875
-34.25
-19.25
-7.5
6.625
9.0
-9.25
-23.375
-10.375
-9.5
-18.0
-17.0
-21.375
-28.0
-21.0
-14.875
-23.375
-22.0
-19.25
-26.375
-21.75
-4.125
1.875
-9.375
-13.75
-21.375
-0.25
29.5
-17.125
-46.875
-26.625
-12.625
-7.5
-15.25
-27.875
-30.0
-20.0
-18.125
-21.0
-16.5
-29.625
-35.875
-24.0
-25.75
-19.875
-15.125
-20.625
-26.0
-24.75
-21.75
-25.625
-21.0
-19.5
-25.0
-18.25
-13.0
-19.0
-18.75
-16.125
-16.75
-29.875
-32.25
2.0
-3.375
-20.75
-15.125
-27.25
-32.625
-23.5
-18.25
-18.0
-16.125
-20.875
-24.75
-26.625
-31.375
-27.0
-20.25
-27.75
-32.0
-23.0
-22.875
-27.125
-27.25
-22.5
-28.5
-33.375
-21.125
-13.5
-12.375
-19.625
-18.125
-17.625
-21.75
-9.875
0.5
-14.125
-30.5
-18.75
-13.875
-19.625
-12.5
-15.75
-35.75
-35.125
-1.625
-1.0
-35.875
-30.0
-20.75
-29.0
-24.875
-27.125
-37.375
-36.625
-33.0
-35.125
-25.625
-19.375
-41.5
-41.25
-5.375
-2.75
-28.125
-25.75
-14.125
-11.25
-6.5
-10.375
-18.625
-22.375
-20.25
-14.125
-16.125
-17.875
-17.25
-18.625
-21.125
-22.625
-20.5
-25.75
-29.75
-16.0
-0.625
-12.125
-17.0
-4.25
-18.375
-20.625
-8.5
-11.75
-19.25
-21.375
-20.125
-16.0
-15.0
-27.375
-29.0
-17.75
-28.375
-50.625
-41.0
-18.875
-24.5
-31.125
-26.875
-28.5
-30.625
-31.125
-27.375
-32.875
-38.25
-32.875
-24.875
-35.875
-50.25
-34.0
-26.0
-26.0
-18.75
-22.375
-24.375
-18.0
-17.875
-18.125
-13.75
-20.25
-20.875
-9.5
-16.5
-0.75
8.0
-32.875
-33.75
-5.25
-3.875
-17.875
-22.25
-25.5
-30.625
-20.75
-14.375
-22.625
-29.375
-26.75
-28.875
-39.75
-41.5
-42.25
-41.875
-29.625
-27.25
-29.75
-23.625
-12.625
-26.0
-43.875
-19.375
8.5
2.625
-13.375
-7.5
-1.75
-15.0
-22.75
-14.75
-13.0
-12.25
-6.0
-11.875
-17.0
-15.0
4.5
9.375
-29.5
-36.625
-15.25
-10.625
-14.25
-8.0
-4.25
-3.625
1.25
-7.875
-21.625
-28.625
-27.625
-29.5
-24.375
-16.75
-7.0
20.0
18.5
-12.5
-21.125
-13.5
-9.75
-11.125
-11.5
-5.0
4.75
1.625
-10.625
-18.125
-13.75
-1.125
-21.5
-40.625
-29.75
-12.875
-6.125
-15.625
-17.75
-7.625
-6.5
-17.375
-21.25
-7.875
2.375
-2.375
-4.625
-20.75
-20.75
7.625
-5.0
-24.5
-21.0
-24.625
-32.875
-28.625
-19.875
-19.625
-15.25
-8.75
7.375
13.5
-11.0
-31.875
-31.125
-21.875
-17.25
-1.75
-1.625
-26.25
-21.875
-12.5
-16.75
-13.0
-14.25
-16.25
-15.375
-21.375
-21.375
-6.875
-9.25
-18.125
-14.75
-13.125
-13.0
-16.5
-15.125
-6.75
-5.0
-10.25
-13.75
-10.5
3.875
-3.875
-31.125
-22.0
-4.75
-2.125
0.75
1.375
5.875
8.75
0.5
-1.125
12.0
5.625
-18.625
-21.625
-12.375
-9.625
3.625
19.375
12.25
4.375
9.875
10.125
12.125
1.75
-3.75
5.5
9.375
18.375
9.25
-8.875
-9.0
-11.375
-19.875
-8.0
12.5
17.875
12.875
6.5
5.5
-0.875
-7.625
-3.375
1.5
17.625
17.875
-10.5
-10.25
8.75
10.375
7.125
0.5
-7.125
3.875
15.75
0.125
-7.75
7.125
5.875
-1.625
8.875
10.875
-10.875
-8.5
6.125
2.375
0.25
11.5
17.25
-1.875
-1.75
16.875
19.75
7.75
-2.125
6.5
8.875
10.75
41.0
39.125
5.75
9.875
23.125
18.5
6.25
0.0
14.125
32.125
22.875
-8.5
-1.5
31.375
20.875
3.125
5.25
5.0
22.75
41.5
28.375
10.75
9.5
10.125
-1.375
-10.25
1.75
8.375
3.625
1.375
-4.5
-9.25
-8.125
-9.5
-5.875
14.75
31.5
16.625
-3.25
3.75
14.125
7.0
3.5
8.375
2.125
-3.25
-0.625
9.125
30.25
23.375
2.5
3.375
-3.5
-7.25
-3.875
-8.375
-7.125
-3.875
0.625
3.375
-4.0
-4.25
5.625
12.75
10.0
23.125
24.5
2.375
14.5
26.875
15.25
0.125
5.75
19.25
3.75
-3.75
8.125
16.375
19.5
14.875
-2.0
-15.625
-22.875
-12.5
-11.0
-20.375
-7.125
6.25
17.375
12.875
-4.25
-2.375
7.25
10.0
8.375
8.875
-0.375
2.375
27.25
28.625
16.5
30.875
30.0
8.5
12.5
12.0
8.625
11.875
5.0
-5.0
-13.25
-19.625
-15.75
-1.375
11.0
11.25
6.625
14.875
14.0
12.375
37.125
33.25
4.25
11.0
30.625
12.875
4.25
21.25
14.875
8.625
17.0
20.75
12.5
4.5
8.875
9.25
2.5
-4.25
-10.875
-7.5
0.125
2.625
5.375
4.875
2.625
11.375
11.375
-0.125
-2.5
-0.375
8.625
22.375
18.125
-2.875
-17.0
-7.0
20.25
27.125
17.0
10.5
3.5
10.625
17.875
1.0
-10.625
9.125
35.125
16.625
-4.625
8.25
10.875
10.125
18.875
23.75
21.25
9.375
4.875
6.125
7.5
11.875
16.0
22.625
12.625
4.875
9.625
5.625
2.5
10.25
12.0
3.625
4.0
8.75
15.625
16.5
8.25
18.125
38.125
20.375
-9.625
2.25
16.5
12.125
12.5
20.875
15.0
10.125
19.125
20.125
18.0
2.875
-3.625
16.5
13.25
-12.875
-12.0
7.0
0.25
6.875
22.0
1.875
-9.375
-6.875
-4.5
1.0
-3.5
-6.5
4.875
18.0
8.75
-4.75
4.875
11.25
5.375
4.125
1.25
3.75
6.75
-7.875
0.75
21.0
13.25
10.625
14.375
-5.375
-14.5
4.125
12.75
7.125
3.375
2.25
5.375
8.25
5.25
6.625
17.0
26.25
14.75
3.5
7.125
2.5
-3.5
-9.0
-13.375
7.125
25.5
15.125
13.625
22.0
25.125
14.625
2.125
7.375
-2.75
-7.625
19.875
27.0
-6.875
-15.75
-0.625
-0.5
2.25
9.375
10.5
7.125
5.125
6.375
10.75
11.125
17.125
17.125
-6.75
-11.625
-5.25
-11.875
1.375
18.5
-4.875
-16.125
6.875
13.625
13.0
14.75
14.5
7.5
3.375
11.75
11.5
9.375
11.25
12.5
9.25
-7.0
-2.375
12.375
3.5
16.375
41.0
25.0
-1.625
6.125
12.5
3.75
-2.375
5.5
11.875
7.75
26.0
32.875
5.0
-2.125
8.625
11.375
9.125
3.125
18.75
31.125
15.125
6.0
1.125
-0.625
23.75
18.25
-10.375
-10.125
-5.125
0.375
7.875
9.25
5.0
8.0
18.625
13.125
8.0
15.375
21.25
21.75
24.0
24.875
27.125
15.25
-3.0
5.5
12.0
10.625
6.0
9.375
30.0
21.5
12.125
20.25
8.875
22.125
35.75
6.75
-15.25
-5.75
8.875
15.875
20.625
15.5
7.625
13.0
13.125
1.125
5.375
8.125
2.5
2.25
-2.375
5.5
16.875
8.125
-9.625
13.75
35.375
-5.25
-3.25
14.0
-10.125
0.875
17.25
1.0
-2.5
8.0
13.125
16.875
11.25
3.25
1.0
11.375
8.5
-0.5
6.25
3.5
8.25
12.25
4.375
6.75
0.875
-5.5
-3.125
14.0
24.125
1.375
-7.75
3.0
5.0
6.5
10.75
15.375
13.875
11.25
2.125
-5.25
-3.5
4.625
18.0
14.25
9.625
12.125
12.125
-4.5
-14.625
-7.75
0.125
-0.625
-13.875
-15.625
-9.75
-6.25
-7.125
-5.125
11.0
8.25
-9.25
-7.0
-9.125
3.625
15.375
-9.25
1.125
30.125
6.125
-17.625
2.625
27.875
13.0
-7.0
7.75
-5.375
-21.0
-8.5
-1.75
11.5
11.625
7.875
14.0
5.0
-6.625
-3.625
8.375
10.25
2.375
13.0
19.5
-2.875
-7.25
-0.125
-11.25
-14.5
-4.5
-3.625
-3.125
8.25
26.875
30.75
6.5
11.875
28.25
12.875
12.0
17.125
6.125
14.0
12.75
-4.0
-7.75
-6.875
9.25
10.875
-3.375
-12.75
-12.75
6.5
13.5
14.625
0.5
-13.75
14.125
14.625
-14.625
-10.875
5.5
5.625
6.5
5.75
9.5
11.375
12.0
21.75
-1.125
-5.25
26.875
10.875
2.25
18.75
19.75
13.0
1.125
3.25
9.375
8.75
4.375
10.0
14.125
2.5
-0.5
7.5
9.75
8.75
8.0
10.0
13.0
14.75
8.5
1.125
10.75
14.625
9.125
15.125
10.5
-2.0
-3.625
9.0
19.5
-5.5
-24.125
1.625
6.375
-22.0
-10.875
7.875
-0.625
3.0
3.25
-8.125
-4.375
1.875
-9.125
-16.0
-8.875
2.625
8.375
1.75
4.375
14.125
1.125
-8.625
9.25
13.875
7.125
11.75
-4.75
-14.5
5.0
15.5
-1.875
-28.25
-14.875
-5.5
-22.375
-16.125
-2.375
1.25
-9.25
-10.75
2.125
1.0
-3.125
-7.625
-5.75
-1.625
-8.375
-7.625
-2.625
-11.125
-15.625
-13.625
-11.375
-0.75
-0.125
-4.75
-2.5
-10.125
-1.625
12.5
-10.125
-19.5
-4.875
10.125
27.625
16.875
-2.25
3.25
-8.0
-17.25
7.875
8.25
-8.875
-8.75
7.125
12.0
-0.625
6.75
18.5
21.25
6.25
-10.625
-3.25
8.375
15.625
9.625
6.25
3.625
2.375
30.25
22.0
-21.375
-28.75
-19.875
-21.625
-16.375
1.375
4.75
-5.125
-0.125
20.5
16.0
7.5
8.75
3.125
9.0
7.5
-0.25
3.375
6.375
1.375
3.625
-3.0
-12.875
-4.625
-0.5
5.0
-2.0
1.25
17.0
-0.375
-4.375
4.125
5.5
16.5
15.0
-6.5
-7.0
3.875
-3.125
-5.125
4.5
5.0
1.875
11.75
11.0
14.75
6.375
-18.75
2.125
21.25
9.25
2.625
1.5
6.125
17.375
19.0
-2.0
-9.125
-4.5
-2.375
19.125
7.625
-19.125
11.375
21.375
-10.75
-1.875
9.5
-5.625
1.5
19.125
8.0
-8.0
-1.875
5.0
4.625
-6.5
-5.75
5.125
4.875
0.25
1.5
15.125
17.125
-0.375
3.5
29.875
30.625
0.125
-11.75
-7.125
-3.875
4.5
3.625
7.25
8.125
0.5
7.625
6.375
3.125
-3.875
-0.875
18.375
0.25
-13.75
5.375
12.875
6.0
8.0
7.125
4.5
8.125
9.875
7.125
0.125
-2.125
3.5
4.875
3.75
15.75
16.0
-7.75
-2.125
20.25
1.0
-7.625
12.5
19.875
18.25
12.0
-3.75
0.375
28.875
28.625
20.625
23.125
17.5
17.875
9.75
-1.25
-7.625
-10.0
5.125
9.875
-4.375
-3.875
8.5
13.75
21.625
9.875
6.875
22.0
19.625
26.25
27.375
2.75
6.25
30.125
18.25
9.375
22.125
21.375
1.125
7.5
20.25
6.0
-2.75
7.75
19.375
16.5
15.25
24.5
32.75
24.125
12.875
10.0
15.5
20.5
11.875
11.625
21.75
15.375
18.625
33.25
32.75
14.5
-3.125
-2.5
-1.75
-2.5
8.5
6.125
-18.125
-24.875
-11.0
1.375
3.875
-2.625
6.875
14.125
6.625
17.125
22.625
25.75
33.0
12.75
-3.5
3.375
11.125
17.75
21.0
16.125
14.5
5.5
-2.5
7.375
4.125
-7.875
-3.25
1.375
2.75
11.625
5.75
-0.625
10.375
5.0
-3.0
7.0
7.875
9.75
20.375
42.125
26.25
-18.125
-3.5
21.125
15.125
7.375
5.875
-2.75
-5.625
9.875
23.625
14.25
5.125
10.125
11.375
15.625
4.375
-5.75
18.0
34.75
34.625
43.25
44.25
12.125
-4.25
3.125
-5.125
2.5
6.0
-6.125
-6.75
10.5
19.375
9.0
8.75
7.5
14.75
21.375
12.625
13.0
9.875
-0.75
6.625
16.5
14.0
13.0
19.5
24.375
18.5
-1.5
2.125
33.5
20.125
-11.625
-3.125
10.625
2.75
-7.75
-9.625
-4.125
-2.375
2.5
14.625
6.375
7.875
16.125
-5.875
-2.125
19.75
6.75
6.5
14.75
2.5
7.25
8.625
-5.0
3.25
20.25
19.125
3.75
-8.875
-15.125
-14.0
-7.75
-1.0
16.125
22.875
6.5
-11.5
-19.875
-16.75
-0.875
12.75
3.125
-0.375
5.75
-2.625
-8.75
-3.0
-0.25
-1.75
21.0
24.75
8.0
8.375
9.5
15.875
-7.0
-11.125
30.5
17.75
-3.125
9.25
9.625
8.0
5.5
0.25
2.75
6.625
2.0
6.625
18.625
19.25
0.875
6.25
20.625
12.75
-3.5
-5.25
-5.5
-17.375
-14.75
-12.625
-1.5
4.875
-2.125
8.75
21.25
9.625
-1.5
-4.75
-3.875
14.25
29.25
6.75
-15.375
-0.875
7.5
-2.75
-3.875
0.5
-5.5
-11.125
-4.0
7.375
-3.0
-2.0
9.125
6.375
18.5
21.75
8.875
2.0
12.25
17.625
2.5
4.625
8.25
3.0
8.625
9.0
4.0
8.25
-7.625
-30.5
-3.5
18.25
-1.25
3.75
18.125
4.75
-6.5
-8.25
-8.75
-10.25
-14.375
-8.5
-4.875
-14.5
-20.625
-12.25
-9.0
-17.375
-1.375
1.25
-19.125
-5.0
10.875
-7.625
-13.375
12.875
4.75
-20.375
-13.0
-11.375
-13.0
-9.0
-15.0
-16.875
-5.25
-3.75
-14.25
-9.625
-2.75
-5.0
-2.375
3.25
0.25
-7.625
-17.0
-17.625
-4.625
-4.75
-11.5
1.25
0.0
-19.25
-15.25
-5.625
3.625
14.875
14.875
10.625
16.125
11.25
-22.375
-25.375
-2.0
-16.375
-26.375
-10.875
-2.625
-8.75
-25.25
-13.75
8.75
18.0
23.875
8.75
6.25
14.25
5.125
13.0
20.375
21.375
11.5
-13.5
-7.625
13.25
-4.375
-28.375
-5.625
-2.25
-18.625
0.125
-6.375
-32.375
-21.0
-4.75
-2.0
-1.75
-11.375
-16.75
1.0
10.0
-5.625
-0.875
17.5
12.25
-8.0
-19.25
-17.0
-15.0
-14.75
-14.625
-10.5
-13.625
-25.75
-8.25
6.5
-7.125
-17.5
-24.25
-10.25
18.75
15.375
-15.5
-15.375
1.5
-2.75
-11.875
-13.75
-15.75
-16.25
-8.875
-6.0
-11.0
-15.125
-18.0
-20.5
-14.625
8.625
13.125
0.625
18.125
-2.875
-31.5
-17.375
-13.0
-6.375
1.125
-8.625
-13.125
-5.375
-14.0
-19.5
-1.875
-7.625
-22.5
-9.875
-0.25
1.75
4.625
1.0
1.5
7.5
9.5
-4.75
-23.375
-9.0
25.75
16.5
-26.5
-30.125
-17.875
-13.25
-5.125
-0.125
-8.75
-18.75
-10.375
-0.25
0.75
-0.25
0.25
1.625
2.25
3.0
-1.375
-14.75
-19.75
-11.625
-12.5
-17.625
-4.25
-10.125
-26.0
-1.375
9.875
-20.875
-31.0
-4.625
8.625
4.875
0.875
-4.0
1.75
8.25
1.125
-6.875
-9.625
-10.875
-12.375
-15.125
-16.5
-3.5
1.875
-7.125
-1.875
5.125
-3.0
-4.25
4.125
4.625
10.125
15.25
11.0
0.0
-6.75
-7.25
-3.0
1.25
-3.875
8.125
10.625
-10.75
-11.75
-15.25
-21.375
-4.875
13.125
-2.75
-19.0
5.625
1.875
-27.0
-19.75
-10.125
-18.0
-19.0
-17.0
-21.5
-17.75
-16.625
-30.5
-26.75
-18.25
-24.75
-30.5
-28.625
-25.375
-18.5
-17.0
-15.0
-3.25
-7.375
-2.0
7.25
6.25
1.375
-10.0
1.25
0.25
-14.625
-17.75
-18.375
-20.375
-9.375
2.875
-10.875
-11.125
-0.75
-7.375
-22.125
-18.375
-9.875
-14.375
-13.0
-8.375
-7.5
-5.75
-2.125
1.125
-4.625
-15.375
-16.875
-17.875
-15.25
-17.625
-24.25
-24.0
-14.125
8.875
-8.625
-38.25
-20.0
-10.75
-18.875
-22.5
-21.0
-12.75
-13.875
-12.5
-12.25
-14.625
-5.0
-11.625
-21.25
-17.25
-23.625
-23.5
-1.125
8.125
-7.5
-20.75
-32.0
-30.375
-22.375
-22.125
-13.5
-6.5
-14.0
-18.375
-17.5
-12.875
-11.125
-10.5
-13.125
-28.25
-11.375
28.75
18.5
-24.5
-33.625
-27.5
-29.375
-20.125
-19.0
-22.5
-16.75
-18.5
-22.75
-20.0
-14.5
-14.25
-16.375
-11.25
-5.375
-3.875
-7.625
-9.0
4.125
10.625
-17.5
-29.0
32.375
42.5
-41.25
-54.375
-11.0
-18.5
-32.75
-17.0
-4.625
-14.375
-20.5
-12.75
-11.625
-14.375
-14.375
-16.75
-22.875
-23.625
-18.25
-11.5
-9.5
-7.0
-0.25
-0.75
3.25
6.125
-2.375
-7.0
-8.125
-1.25
4.5
-6.125
-3.375
-2.125
-22.25
-17.0
-7.5
-19.625
-18.125
-3.625
7.875
-7.0
-19.5
-3.75
-6.125
-8.875
1.25
4.0
-3.75
-19.0
-9.5
3.125
-9.125
-18.375
2.0
12.125
-10.0
-17.125
5.625
13.125
-18.625
-20.625
-3.75
-15.375
-13.125
4.0
-7.5
-11.75
0.625
-1.625
-3.875
-5.875
-2.875
-2.25
-2.75
0.0
-5.5
-6.25
-24.75
-41.5
-25.625
0.0
2.375
-8.125
2.5
3.5
-17.125
-20.625
-8.5
-13.625
-14.75
-14.625
-18.25
-13.25
-13.125
-16.75
-15.5
-11.125
-12.5
-11.5
4.125
8.0
-4.125
-11.0
-12.0
-5.375
-6.375
-20.0
-3.375
9.5
-10.375
-14.75
-7.5
-0.375
5.875
14.875
-1.25
-19.375
-10.5
-9.875
-16.5
-27.625
-32.0
-21.625
-9.0
-11.0
-14.125
-12.25
-5.125
2.0
0.5
-3.0
-4.25
-8.875
-12.625
-5.875
-3.5
-14.25
-16.125
-4.375
-2.625
-4.0
-0.875
-0.625
-1.125
-4.75
-6.125
-1.25
-5.75
-7.625
-1.0
8.375
35.625
10.25
-33.125
-25.0
-15.5
-5.375
-4.25
-5.75
0.125
-4.875
-5.375
8.0
11.875
2.25
-1.25
10.875
7.25
-12.0
-8.25
0.75
-8.875
-17.0
-8.25
0.75
19.0
28.75
3.625
-8.375
-9.625
-11.0
5.0
13.0
10.625
10.0
0.25
1.5
2.5
-14.375
-13.125
1.625
-0.875
-9.0
-12.125
-11.0
-1.125
-9.375
-5.875
13.375
4.125
0.875
8.0
1.875
-12.25
-15.875
0.25
9.375
-0.5
-0.375
-0.875
-5.875
-0.375
0.875
-5.75
-10.0
-10.0
-13.0
-19.75
-22.25
-19.0
-9.625
-2.25
-8.125
-4.375
6.375
6.125
12.375
9.0
-10.0
-8.375
2.875
-7.0
-19.25
-17.25
-22.75
-26.125
-17.125
-13.625
-10.75
-8.75
-11.125
-11.625
-6.375
-3.375
-6.5
-7.375
-10.375
-7.0
7.5
11.75
-4.5
-16.125
-11.0
-23.25
-34.125
-16.5
7.625
0.875
-19.0
-5.875
1.5
-7.0
-6.25
-4.75
-6.625
-9.0
-12.375
-14.0
-11.0
2.625
3.375
-20.625
-9.75
15.375
-1.375
-2.0
1.25
-28.75
-10.25
8.125
-12.25
-3.375
-3.75
-16.75
-5.5
-6.5
-16.5
-9.125
-2.25
-4.625
-12.75
-14.5
-14.125
-27.625
-28.375
-9.25
-3.125
-11.125
-3.375
-0.125
-22.75
-24.125
8.0
10.75
-12.375
-6.125
7.375
-3.625
-8.5
8.5
10.625
-1.75
-3.75
0.375
3.625
7.0
5.25
5.125
5.5
1.375
0.375
-5.5
-10.375
0.25
15.125
-0.625
-18.0
8.25
26.625
12.75
-21.125
-39.875
-24.625
-10.625
-7.0
-9.0
-8.75
5.75
18.875
3.5
-8.5
2.0
2.125
4.5
8.875
1.75
2.125
7.625
1.625
-7.25
-11.5
-15.0
-8.0
-4.0
3.75
1.375
-11.375
2.5
11.0
8.75
12.75
0.0
-6.75
1.125
-4.25
-7.625
1.5
2.75
1.375
3.375
1.625
2.375
1.5
13.375
25.25
-9.25
-27.5
-3.75
6.0
0.0
0.5
5.75
-1.75
-6.125
-7.125
-17.25
-22.875
-7.5
11.625
1.375
-10.875
-4.0
5.25
4.125
0.75
6.375
6.0
1.25
-2.875
1.875
3.0
1.0
19.0
35.0
11.5
-3.875
27.75
46.125
11.75
-28.5
-25.75
-6.375
-1.125
-10.5
-14.625
-12.25
-11.625
-10.5
-6.25
1.25
11.375
13.875
8.5
8.75
-0.25
-12.25
-14.0
-17.25
-11.25
6.0
4.875
1.375
7.0
13.25
15.875
6.25
2.25
3.125
1.0
1.625
7.0
2.75
-4.875
-4.875
-6.125
-7.125
-0.125
1.125
-13.875
-13.125
8.375
7.75
-10.0
-19.125
-20.75
-1.375
18.75
7.375
-0.5
-9.875
-17.5
-2.625
-4.5
-12.125
-8.75
-5.375
-5.875
-11.875
-14.125
-12.375
-9.5
-3.875
-8.125
-15.125
-9.75
-4.25
-6.5
-13.5
-9.625
-2.875
-11.375
-7.625
-0.875
-26.125
-22.75
-2.0
-12.75
-9.75
-0.375
-2.25
-1.0
3.75
8.0
-1.125
-1.75
8.125
-0.375
-9.875
-7.875
-1.625
-6.125
-11.25
1.375
10.75
5.0
-9.875
-0.375
7.75
6.875
11.25
-1.375
-2.625
2.875
-5.875
-14.125
-9.75
0.125
2.625
-15.125
-18.375
1.625
-1.0
-4.0
-1.5
-4.125
-1.625
-5.125
-1.375
6.125
3.625
5.25
7.5
-8.125
-11.0
2.5
5.375
3.25
1.375
2.75
11.0
21.125
-1.125
-18.125
2.375
8.125
5.125
-2.125
-5.625
1.5
-1.25
-0.75
-1.5
1.25
-9.0
-9.5
12.0
5.875
-3.25
4.25
10.75
34.5
37.125
-7.375
-20.375
-2.25
4.125
-0.375
-5.125
-2.375
1.875
8.25
3.375
-7.0
-7.375
2.125
10.25
2.625
2.25
0.375
-9.75
-3.0
12.75
0.875
-13.625
-7.75
-10.375
-3.875
4.625
4.625
4.75
-2.25
-0.5
8.875
0.625
-15.25
-13.875
-13.125
-25.375
-19.375
-8.375
-4.5
-5.375
5.5
11.875
-1.0
15.0
20.25
-6.875
-8.875
-2.125
-16.0
-10.125
-3.0
-11.125
-8.25
-5.75
-3.625
0.625
-0.25
-3.75
-7.375
-12.0
-11.5
-11.125
-11.125
-11.125
-15.875
-10.875
2.25
-6.25
-10.125
5.0
13.625
11.375
-5.75
-10.0
-19.125
-31.625
-26.25
-20.625
-10.375
-2.125
0.75
4.25
8.125
14.375
10.75
-11.0
-28.0
-12.125
-12.625
-32.625
-14.625
3.875
-2.25
-3.5
-9.5
-17.375
-9.5
-12.25
-24.0
-15.75
1.375
-17.375
-25.125
-7.75
-13.75
-18.5
-20.0
-13.125
-3.375
13.875
35.25
9.0
-28.75
-22.625
-8.0
-3.125
-4.625
-11.5
-8.875
3.375
6.0
-10.125
-13.875
-0.625
2.5
-21.375
-29.125
-6.875
-5.125
1.625
-0.375
-12.75
2.0
-1.75
-9.75
1.0
2.375
-6.5
-8.875
-20.375
-27.625
-11.5
-7.0
-19.0
-16.5
-7.125
-7.875
-8.75
-8.375
-10.125
-10.0
-4.5
-3.125
-0.375
13.375
15.5
-2.5
-14.5
-3.75
16.0
0.875
-14.75
-11.875
-15.5
-8.875
-2.875
9.0
19.375
-1.125
-19.5
-10.0
3.375
-3.5
-9.0
-7.5
-12.875
-11.75
-11.5
-14.25
-5.75
14.625
6.625
-21.125
-15.5
4.5
17.0
3.5
-11.25
7.0
9.5
22.0
35.875
-8.75
-16.0
6.5
-3.875
-4.25
0.75
1.375
0.625
-1.625
-1.625
-2.375
-4.75
1.375
24.5
17.75
-2.375
7.75
19.0
23.5
7.5
-9.75
-8.25
-1.125
4.875
2.25
-6.125
-10.625
-8.375
-6.375
-11.625
-21.375
-19.25
0.25
11.25
-1.25
-5.75
2.625
1.25
4.875
7.125
-3.25
1.25
1.875
-19.125
2.25
32.375
8.5
-9.25
-0.625
9.0
-15.0
-34.75
-18.875
-7.875
-6.125
-3.5
4.375
5.125
1.125
1.125
-2.0
-5.875
-9.25
-3.875
-2.875
-13.0
-9.5
-13.0
-16.75
-2.375
0.875
6.375
6.375
-2.875
4.125
7.75
3.0
5.5
5.5
9.25
15.875
4.25
-7.5
0.0
-0.25
-11.75
-9.375
-12.875
-1.5
20.375
-9.625
-19.625
20.0
18.25
-15.75
-21.625
-17.0
-19.375
-13.75
-10.0
-11.0
-11.125
-7.125
-7.25
-8.75
-5.0
-4.0
-15.125
-24.5
-21.125
-24.375
-34.625
-33.5
-16.25
0.5
-16.375
-29.875
-18.875
-30.25
-16.875
3.875
-20.5
-33.0
-31.125
-37.625
-39.5
-33.25
-26.0
-31.875
-34.25
-23.25
-19.5
-20.625
-18.0
-20.375
-21.875
-18.875
-15.25
-10.0
-10.75
-10.375
-1.125
16.375
-8.75
-58.125
-43.5
-19.75
-22.5
-16.0
-14.5
-17.125
-11.875
-0.875
7.875
12.0
4.375
-3.75
7.75
10.25
11.125
28.75
18.25
-9.375
-21.5
-23.75
-1.125
-2.625
-17.75
4.25
15.0
6.25
3.75
6.375
5.0
8.125
14.0
21.375
33.875
26.75
18.375
16.875
14.625
24.375
26.0
9.0
-6.625
7.5
21.875
14.25
22.0
26.375
34.25
41.25
10.75
2.875
19.0
17.875
8.5
6.25
12.375
10.5
8.625
5.25
6.75
9.0
1.875
2.375
0.125
-0.125
8.25
7.375
-4.625
-5.0
5.375
9.125
12.0
13.375
13.0
20.625
32.25
31.625
21.0
14.125
23.75
30.625
12.375
3.5
10.75
23.25
15.375
5.625
21.25
11.0
-4.5
14.0
24.0
9.375
7.375
17.75
32.75
30.75
16.875
34.75
44.125
15.125
1.5
15.25
6.875
-6.625
1.75
10.875
10.375
10.5
15.625
-1.25
-17.125
-7.625
3.875
11.5
13.875
13.5
9.75
9.125
25.625
37.5
32.75
30.625
27.0
16.75
26.0
20.75
4.125
12.5
20.875
26.125
28.375
8.375
-3.75
10.0
12.375
3.25
2.625
-1.25
7.25
18.375
15.0
15.375
-1.5
-11.75
9.5
17.75
0.625
-1.875
5.25
13.125
13.625
7.125
10.25
14.75
6.875
2.625
10.5
0.75
-1.125
10.0
21.125
22.125
8.5
0.25
4.25
21.75
20.25
10.25
28.625
26.25
-4.25
-15.25
-6.125
16.125
13.375
11.375
29.875
13.25
-11.5
-1.0
9.375
8.125
30.375
29.75
2.125
8.0
18.875
11.5
9.375
2.375
-13.0
-13.5
-4.375
1.625
15.0
19.625
9.25
-7.375
-19.625
-6.875
26.5
32.25
-17.625
-25.75
16.0
28.75
9.5
-9.75
-9.375
0.625
13.5
4.375
-8.25
3.0
7.875
4.5
0.5
-3.5
4.625
12.5
-3.75
0.75
10.5
1.25
23.0
17.125
-11.75
0.125
36.625
26.25
-19.25
-11.375
9.5
-0.125
-3.25
-1.0
2.375
4.625
1.625
5.75
3.625
-3.875
-17.625
-24.375
-18.875
-15.0
-4.5
14.75
12.75
-5.0
-3.0
1.5
4.875
-0.875
-8.0
9.875
22.5
8.625
-6.5
2.875
33.625
17.375
-16.25
-5.375
-7.375
-20.375
-8.375
22.5
20.75
-8.875
-6.875
-7.75
-18.625
-25.875
-31.0
-33.875
-33.0
-12.75
-5.75
-10.5
-20.5
-28.375
-22.75
-22.5
-22.125
-24.0
-35.375
-37.375
-36.875
-40.25
-36.5
-10.5
-4.375
-44.125
-41.25
-26.75
-34.375
-8.25
13.625
1.125
-12.875
-31.75
-36.125
-22.375
-25.25
-25.0
-14.0
-20.625
-29.0
-15.875
-4.25
-19.25
-36.25
-23.625
-14.375
-14.375
-15.25
-11.875
-5.375
-9.875
4.5
38.125
36.125
-6.125
-38.125
-21.5
15.25
15.0
-10.875
-3.0
9.25
6.875
6.875
-16.75
-25.125
-11.75
0.75
-0.25
0.25
18.875
3.625
-15.0
9.75
6.5
1.625
13.5
-5.5
-0.625
15.125
6.75
9.5
8.5
2.625
4.875
-3.625
-4.125
0.625
-6.625
-4.125
6.5
9.625
15.375
10.625
5.75
37.75
41.25
5.25
-4.5
-4.5
-3.75
-3.25
-6.75
1.625
12.5
-4.5
-16.375
7.0
16.75
-9.0
-4.875
22.125
1.375
-15.875
3.375
5.375
-15.375
-18.25
-7.5
1.875
21.625
17.75
-13.125
-15.625
8.375
22.25
12.5
-8.625
-12.0
7.125
3.875
-10.5
-4.625
-1.0
-8.125
-7.25
-2.5
-5.0
-1.0
-1.5
13.0
8.25
-19.0
-2.625
1.375
-5.875
5.375
1.375
-10.25
-7.375
-2.875
2.25
11.75
-19.5
-28.875
6.125
-6.125
-21.875
4.5
22.5
1.75
-17.25
3.75
25.375
7.0
-5.625
7.25
4.875
5.375
-1.875
-12.625
-0.375
5.375
-2.75
-5.625
1.875
-5.625
-6.125
21.75
11.875
-21.25
-8.625
-1.75
-23.0
-28.375
-9.25
-2.625
-21.0
-23.125
-16.0
-0.375
3.625
-17.0
-12.75
-14.0
-18.5
-3.875
-10.5
-4.875
-2.625
-22.5
0.875
14.875
-17.375
-19.5
-13.0
-13.875
6.0
-4.75
-22.75
-11.5
-18.75
-39.5
-36.875
3.875
9.5
-31.625
-25.75
-0.125
12.75
1.0
-23.875
-18.125
-5.75
-6.375
-11.25
-18.0
-16.5
-9.0
-7.0
-10.5
-9.625
7.75
11.5
-13.875
-12.125
3.875
-11.125
-31.375
-10.125
13.25
-3.875
-16.5
-3.75
0.625
-10.875
-13.25
-15.875
-17.375
-5.75
-8.125
-19.875
-12.25
-7.125
-16.125
-6.375
22.0
15.375
-14.625
-13.0
9.5
1.5
-23.5
-15.125
-8.0
-12.625
-4.625
-8.375
-13.5
-1.875
1.875
-6.375
-12.25
-5.625
6.375
-7.625
-17.0
-4.875
-5.75
-11.625
-11.5
-0.5
10.75
-24.625
-52.0
-30.5
-17.75
-15.25
-11.125
-10.75
-23.25
-28.5
-17.5
-11.375
-8.75
0.0
-9.625
-20.5
-6.375
-4.75
-4.375
-16.0
-32.5
-28.625
-23.375
-34.0
-40.25
-24.5
-19.5
-33.5
-33.5
-13.875
-3.375
-3.75
0.25
6.625
-20.25
-31.625
-10.375
-12.25
-20.25
-9.375
3.25
1.125
-13.25
-28.75
-9.375
-1.625
-14.875
13.125
10.375
-31.125
-28.0
-18.5
-23.625
-14.625
-12.125
-20.375
-18.375
3.25
4.0
-27.375
-33.0
-9.625
-2.625
-11.0
-3.125
11.5
-3.125
-18.75
-15.0
-26.75
-34.125
5.75
21.0
-42.0
-51.375
-14.625
-11.75
-21.75
-26.375
-15.625
-13.75
-15.25
-14.25
-13.0
-7.0
-1.375
-0.375
-16.25
-22.125
-9.0
4.125
8.25
-17.0
-21.0
-0.625
-13.25
-24.125
-17.625
-19.875
-23.875
-21.875
-20.875
-25.25
-16.5
-5.625
-21.375
-34.875
-11.75
3.75
-25.875
-34.75
-12.625
0.625
-4.625
-11.5
0.5
-1.75
-8.625
-28.5
-34.25
-14.25
-7.625
-9.5
-11.625
5.875
-9.875
-37.5
-28.75
-21.375
-18.0
-21.75
-15.125
-3.25
-11.625
-8.0
-23.75
-28.0
9.875
-1.5
-27.125
-16.875
-1.625
-6.125
-33.375
-26.375
-2.75
-19.75
-29.75
-18.25
-9.625
-3.875
-9.875
-12.75
-9.625
-11.875
2.5
5.75
-9.75
-13.5
-26.25
-27.75
-15.5
8.75
25.125
-1.75
-21.125
-7.5
-5.375
-12.875
-5.25
4.125
0.875
-15.875
-10.125
-2.375
-11.75
-4.75
-5.625
-15.25
-12.0
-0.25
-9.0
-23.625
-11.375
-6.625
-13.5
-12.0
12.75
1.875
-28.625
-15.625
-5.375
-10.125
-8.25
-2.75
-11.875
-3.875
9.75
-19.125
-38.0
-19.875
-13.125
-12.375
-10.75
-17.375
-3.25
13.75
-14.0
-38.625
-19.875
-30.125
-53.0
-47.0
-41.875
-32.0
-29.75
-45.625
-54.75
-46.125
-28.875
-39.75
-44.125
-18.75
-20.75
-39.875
-53.375
-43.75
-30.75
-42.875
-45.25
-47.375
-44.25
-28.625
-36.125
-57.625
-65.75
-48.875
-25.25
-26.75
-45.25
-44.625
-25.875
-26.125
-42.75
-38.75
-26.125
-18.25
-14.875
-24.875
-27.625
-10.25
-9.375
-25.0
-29.75
-22.375
-13.25
-9.75
-13.25
-17.875
-8.875
-8.375
-16.25
-14.625
-11.25
-11.5
-9.25
3.875
1.25
-19.0
-27.875
-29.0
-19.625
-14.875
-18.625
-15.125
-12.75
-2.625
0.0
-8.75
-4.625
1.25
-2.75
-20.25
-25.875
-19.125
-14.75
1.875
-1.75
-20.625
-15.0
-13.25
-26.75
-22.25
4.625
19.75
-13.375
-29.5
-12.625
-12.875
-19.875
-18.625
-3.875
7.125
17.75
12.625
-4.875
-5.75
5.875
9.5
1.75
10.5
11.25
1.25
-3.25
-1.75
12.125
9.5
-14.5
-6.75
1.25
-13.375
-4.0
12.875
12.5
1.375
-7.125
-5.0
8.0
23.5
14.625
0.125
10.75
16.125
7.25
3.875
12.75
6.875
-1.375
15.875
0.875
-27.25
-9.5
14.625
21.375
5.625
-11.0
7.875
18.25
7.5
11.5
3.5
0.875
10.375
-0.75
-10.75
-5.625
11.375
22.125
13.125
1.625
3.375
15.375
18.5
7.75
3.375
10.5
11.0
-1.875
7.75
18.75
2.125
-7.75
8.25
9.75
-8.0
1.125
19.375
8.0
6.0
13.625
2.125
10.25
12.5
-3.75
2.125
17.875
12.0
-0.75
6.375
11.625
7.5
4.25
-4.625
-6.5
13.25
16.625
-12.875
-12.375
20.125
16.25
1.5
16.875
14.25
-1.625
-6.5
-11.875
1.5
9.5
6.25
4.5
8.625
25.0
18.125
-2.0
-6.375
-6.75
-11.375
2.625
50.5
40.0
-23.375
-19.0
1.25
-5.5
4.375
23.375
12.625
-11.0
-9.625
-4.25
5.375
9.625
-5.0
-5.375
7.375
29.0
16.125
-11.875
5.625
9.25
-3.125
4.375
4.125
0.375
20.0
22.25
9.5
12.25
-3.0
-2.5
16.25
17.5
14.625
10.0
9.25
4.375
4.875
15.5
10.25
2.75
6.375
5.875
21.375
27.875
4.25
2.875
16.5
17.875
18.375
18.75
16.25
-6.5
-20.125
15.875
36.25
21.25
19.125
37.25
36.5
15.625
23.75
36.125
19.5
20.125
42.625
28.25
3.875
18.75
33.375
24.0
13.5
16.75
32.5
30.125
26.0
28.25
6.125
-2.0
14.125
11.25
0.5
5.5
10.625
14.75
15.875
11.875
14.75
18.5
18.125
17.375
14.125
6.25
6.25
4.75
-3.625
4.875
27.375
16.625
-12.25
-8.875
-1.625
3.375
14.875
21.25
28.125
6.875
-8.125
-2.5
-10.75
-8.0
7.75
5.75
11.625
30.5
15.0
4.625
9.25
13.0
25.625
35.5
33.75
6.25
-3.125
15.0
19.75
14.125
12.0
3.5
1.125
21.375
23.75
-9.625
-23.25
-7.0
10.625
11.625
10.625
20.75
9.375
10.125
22.0
10.875
7.625
15.625
27.0
10.125
-19.75
-1.75
9.875
4.75
14.625
18.75
13.75
17.625
11.125
-11.25
-2.5
7.25
-0.75
0.25
5.875
8.625
7.375
13.5
5.5
-3.5
6.375
1.75
-3.375
7.75
12.0
-12.0
-18.25
7.375
15.0
9.625
-16.125
-25.5
0.875
-0.125
-6.625
11.375
17.125
-10.875
-17.75
6.5
9.875
-3.375
-6.0
-1.875
-4.25
2.75
5.25
-2.375
-2.875
22.0
28.25
-20.75
-30.125
-17.625
-25.75
3.125
8.0
-28.375
-23.375
-8.0
-4.75
1.375
3.125
5.625
21.625
26.75
13.25
11.25
10.875
6.875
4.625
5.75
2.625
-3.625
0.25
-4.875
-17.5
-6.25
11.75
-6.0
-30.0
-26.25
-20.125
-14.5
-4.5
-5.25
1.75
8.875
-1.625
5.75
17.0
11.375
8.375
9.625
4.5
-7.5
-3.75
5.75
-0.625
-3.625
14.875
22.5
11.75
2.0
-2.375
4.125
10.625
6.5
4.125
13.125
10.5
-1.625
3.125
-1.75
-10.125
0.5
-5.5
-16.5
-11.5
-4.375
-5.375
-6.75
2.375
-4.0
3.75
17.0
-9.0
6.0
18.375
-11.0
-8.0
6.25
2.25
6.0
25.375
8.375
-19.0
-14.5
-4.75
4.75
4.375
-9.875
-7.375
4.25
3.125
7.375
6.25
3.5
12.375
7.875
15.5
30.0
22.875
12.625
-2.125
-3.25
6.0
7.5
5.25
1.25
5.0
-2.25
-6.25
9.25
-2.75
-3.375
29.75
17.375
-1.25
9.75
12.0
1.0
-1.25
20.125
26.875
12.25
17.625
23.625
22.25
13.5
6.0
17.25
13.125
12.75
24.375
16.375
11.375
8.125
-1.75
5.0
4.25
-0.25
6.0
9.75
25.75
25.375
7.5
-0.625
5.5
19.0
5.75
11.5
24.0
9.25
10.375
12.25
12.0
10.0
0.125
2.0
2.75
1.125
-1.75
4.5
12.375
2.75
0.5
-5.375
-7.0
4.0
5.0
-4.0
14.0
22.5
5.75
35.75
23.375
-9.375
3.875
9.25
19.0
19.5
-1.25
-5.5
5.0
2.5
-1.875
-1.25
-0.875
2.125
5.625
6.875
8.375
24.375
22.875
-1.5
-5.875
1.75
5.5
-5.75
-5.75
11.625
11.625
-5.875
-15.0
-3.25
12.375
19.625
41.375
22.0
-27.375
-7.5
13.375
3.75
-1.375
-6.125
-0.625
7.75
-0.5
-10.875
5.25
31.875
26.375
2.875
-0.375
7.375
9.25
9.0
9.0
1.5
-4.5
16.625
47.5
46.625
16.375
5.0
13.375
14.5
17.125
24.25
19.375
7.625
6.375
3.0
-8.875
-3.125
5.0
2.375
23.75
21.0
-21.375
-24.625
8.75
16.25
9.875
8.875
5.0
10.5
19.125
27.125
31.375
30.625
21.5
-3.375
-11.875
-1.5
-1.125
7.75
12.125
-12.625
-13.75
5.25
-2.0
-11.125
-0.125
7.25
0.0
-4.75
3.25
14.0
13.625
0.25
-5.875
-0.625
-4.875
-10.5
-9.125
-7.75
-18.875
-27.25
-21.125
-4.25
8.875
-7.0
-10.75
-7.375
0.25
38.75
17.75
-27.5
-7.125
20.375
12.0
-12.875
-19.0
-15.375
-10.875
-3.75
-3.375
-6.0
-5.75
-6.0
-0.625
6.25
4.5
3.375
1.5
-5.0
-4.75
1.625
-4.25
-1.125
11.75
10.875
-2.25
-3.125
5.5
-1.25
-3.875
-9.375
-14.75
-10.0
-8.5
-9.0
-16.75
-8.875
2.0
-9.5
-8.375
-1.125
-6.375
-16.5
-18.25
-17.0
-20.875
-19.875
2.75
18.5
-5.5
9.25
14.875
-31.75
-14.875
11.625
-8.375
-18.5
-13.875
-8.875
-12.25
-22.625
-16.75
-4.25
-12.75
-14.625
-4.5
-5.25
-5.875
-2.25
1.75
10.875
13.125
4.125
24.375
51.625
16.125
-14.875
-9.0
-10.25
-3.0
9.125
0.125
-11.375
2.25
7.5
1.25
-8.375
-20.0
-15.75
-3.625
-4.0
3.625
12.75
2.5
-5.0
-4.375
14.875
26.625
8.0
0.375
5.5
-0.75
-18.125
-23.5
-13.875
15.5
26.75
-7.25
3.25
7.5
-28.125
-16.375
2.75
-1.875
-0.625
0.0
-6.25
-5.25
-0.5
-2.875
-14.25
-5.75
18.5
21.125
18.0
14.0
-2.25
-9.125
10.125
14.375
4.875
22.25
9.0
-2.5
4.0
0.125
8.0
-1.875
-14.375
-11.25
-11.0
-4.0
5.0
-1.875
-15.0
-8.625
18.375
19.125
-6.875
-8.75
2.375
9.0
2.125
-7.625
2.25
2.375
-1.125
9.875
3.875
-11.125
-17.0
-14.125
-4.375
0.625
-4.0
-17.5
-8.375
7.875
-3.0
-12.5
-10.625
-14.125
-6.75
0.875
-5.125
10.25
32.125
14.125
-4.0
-4.875
-9.125
-2.125
1.0
0.5
13.75
15.375
2.5
-3.625
1.125
17.75
23.0
19.875
20.125
7.25
9.625
16.375
5.375
11.0
20.75
15.125
15.0
17.875
5.625
-11.375
-12.125
-1.25
-4.125
-7.875
-13.875
-9.625
26.875
19.75
-8.375
-10.125
-9.25
-3.75
-4.125
-2.5
-0.5
-4.5
2.0
10.0
-1.75
-12.375
-4.75
-6.625
-15.0
-10.875
-10.125
-12.625
-11.25
-17.0
-12.25
4.875
-5.625
-47.875
-42.5
-3.5
-8.5
-21.25
-26.0
-11.625
0.5
-8.375
-9.0
-10.875
-7.75
6.25
6.875
-0.125
0.75
-3.75
-9.5
3.0
15.25
-8.5
-25.625
10.875
10.75
-24.625
-25.25
-26.25
-6.875
8.5
-24.625
-36.75
-13.75
-0.625
-14.25
-13.875
0.125
-7.375
-6.75
12.25
11.5
-9.0
4.5
13.75
-8.0
-9.25
-5.625
-9.25
-8.25
-5.75
-15.25
-25.875
-19.625
-14.875
-8.375
-14.625
-23.875
-20.875
-18.625
5.875
-2.75
-30.5
-13.0
0.125
10.375
16.125
6.875
4.125
8.125
14.5
12.25
5.5
7.0
9.25
5.5
10.25
24.0
19.625
11.125
6.125
-8.5
-2.75
5.875
-1.125
-10.625
-15.625
-3.875
16.75
4.25
-13.5
-8.625
-10.75
-8.5
0.625
-3.0
-5.0
6.0
14.125
19.375
2.25
-22.875
-15.375
0.75
3.875
-2.25
-0.125
10.875
5.0
5.375
13.25
-1.0
-13.875
6.75
46.75
21.625
-30.75
-18.0
-5.75
-4.0
22.5
22.5
7.25
12.375
-2.375
-12.0
-2.375
0.875
3.875
0.0
-7.625
-9.25
-5.25
-5.625
-2.0
7.25
2.5
3.875
6.625
1.0
5.125
12.0
7.625
0.625
8.625
24.625
10.125
-5.5
5.625
7.625
11.75
25.875
20.5
-14.125
-15.5
-0.75
-4.0
-3.0
-3.625
8.75
17.875
6.375
-11.875
-8.375
19.0
15.5
-8.875
-11.125
-0.25
24.25
18.375
-17.0
-10.5
11.75
7.125
-3.25
-1.875
-0.375
-4.0
0.0
-4.375
-10.625
-7.25
-4.625
16.25
8.75
-25.0
-15.375
-1.75
-4.25
15.0
20.125
-7.25
-11.25
-7.625
-13.875
-4.75
-3.625
-13.75
-15.125
-4.0
16.375
16.625
-1.375
0.0
14.75
-6.75
-10.75
12.75
-0.5
-15.75
-3.5
-0.75
-7.875
-1.75
-5.875
2.25
4.125
-14.25
-10.5
-2.25
-9.0
-18.5
-15.75
-6.5
-8.375
-12.125
-8.125
-2.125
-7.375
-4.0
34.875
28.125
-19.75
-23.625
-3.0
12.875
-6.125
-31.25
-27.0
-17.0
-8.875
-11.875
-17.375
-17.875
-15.875
-11.125
-10.0
-0.75
-4.375
-23.75
-22.125
-12.0
-2.375
-2.375
-23.375
-26.25
-4.5
-6.0
-29.75
-24.375
-10.5
-18.625
-19.625
-12.375
-6.125
-6.25
-12.25
-18.375
-19.375
-13.5
-9.75
-15.5
-8.875
3.5
-12.375
-25.125
-15.375
-0.5
-6.5
-14.375
-4.875
-7.125
-3.125
-3.375
-7.375
-6.0
-21.625
-30.625
-26.75
-31.375
-34.125
-13.25
-11.125
-29.75
-22.0
-2.125
7.0
-12.75
-28.125
-20.375
-11.875
-11.125
-6.125
6.0
-10.625
-11.25
1.875
-29.625
-28.625
-10.75
-27.0
-10.5
1.75
-22.375
-15.0
-9.75
-26.125
-24.375
-20.875
-5.75
6.25
-9.625
-24.625
-23.75
-16.625
-18.125
-22.125
-10.375
2.0
-13.125
-30.375
-19.5
-6.5
-7.625
-8.125
-9.375
-7.125
-6.125
-18.625
-19.125
-2.25
4.375
-2.625
-10.875
-8.75
-5.875
-18.25
-17.75
3.625
2.875
-19.375
-2.875
7.125
-22.0
-20.75
0.25
-3.5
-15.125
-6.5
6.5
-2.625
-19.25
-20.75
-21.125
-17.625
-3.625
-7.625
-26.5
-16.625
-6.875
-2.375
17.625
3.625
-2.5
13.5
-10.0
-21.0
-1.625
7.0
11.25
4.75
-2.5
6.5
9.75
2.125
10.375
15.75
3.0
-9.0
-7.375
14.75
14.875
0.625
11.0
15.875
10.25
26.5
27.75
2.375
9.0
23.5
20.0
24.875
38.125
30.125
14.875
22.25
28.125
7.75
0.0
15.125
19.75
17.125
14.125
13.25
15.25
17.875
23.0
29.75
27.375
29.625
41.625
40.25
28.625
23.0
42.875
51.25
16.125
1.75
17.625
31.75
32.125
32.25
29.375
0.75
-6.25
7.75
16.25
27.25
16.5
7.25
33.625
52.0
45.0
42.625
33.875
33.125
48.5
45.0
37.75
40.125
25.125
6.125
19.375
29.375
25.375
50.25
50.125
8.0
15.0
36.25
36.5
36.375
36.125
50.5
50.375
41.5
60.375
52.375
11.875
41.125
70.875
27.5
29.875
44.75
23.125
30.75
39.25
35.625
50.125
36.5
22.75
39.125
28.5
23.25
41.0
38.25
26.875
26.125
26.25
21.625
26.25
30.625
26.625
26.25
24.875
18.75
36.875
63.0
32.375
5.125
32.625
41.875
27.875
28.625
30.0
34.0
30.125
23.25
36.5
42.375
33.75
30.5
36.0
35.875
31.5
42.25
49.25
33.0
17.125
30.625
37.25
23.125
13.75
16.75
24.625
22.75
25.75
38.875
34.0
26.25
39.0
33.0
22.25
36.875
53.5
44.0
32.125
31.125
29.125
34.5
40.875
42.75
38.0
43.75
50.25
29.5
20.25
41.375
59.75
46.875
27.375
25.0
17.0
6.75
9.5
39.0
57.125
31.5
29.0
43.375
36.0
38.375
48.75
47.25
43.875
51.625
47.25
36.375
33.625
28.625
35.25
52.125
49.0
36.0
32.25
36.625
48.75
49.5
53.25
61.875
71.75
67.875
38.625
47.5
68.25
49.125
43.25
54.625
42.5
40.75
49.25
56.625
54.625
38.75
40.125
61.0
64.5
42.125
37.75
40.625
47.0
59.125
46.25
36.5
43.75
47.5
44.625
38.125
33.25
30.5
28.75
28.25
41.5
48.375
43.375
54.0
40.625
11.0
20.625
37.875
40.75
32.25
27.0
44.125
44.375
33.875
37.875
28.75
30.75
40.25
32.25
23.5
27.625
39.75
20.0
1.875
14.875
21.375
31.0
47.75
33.0
26.625
35.375
13.625
5.25
8.5
8.25
20.125
24.375
23.5
25.0
24.125
17.875
16.5
37.25
42.25
9.25
-0.75
5.875
12.0
24.5
11.25
7.375
14.0
12.0
20.25
23.0
22.375
18.875
11.75
16.5
19.125
36.125
43.625
4.375
-7.125
18.375
20.625
8.5
2.25
4.875
5.25
-2.0
-8.125
-3.25
13.75
16.125
10.125
2.25
5.25
19.0
34.75
42.125
17.0
1.125
17.875
15.5
-1.375
-3.0
2.875
8.625
10.375
5.5
-4.5
0.75
9.25
6.875
13.75
9.375
-6.0
-7.0
-1.875
7.25
0.75
-8.25
4.875
12.875
6.625
0.375
4.875
9.375
-2.5
-11.75
-10.25
-11.75
-21.5
-21.75
-18.875
-25.625
-12.625
-1.375
-11.625
-18.375
-10.125
3.875
-5.0
-19.875
-11.75
2.25
3.125
2.125
12.125
11.0
11.75
12.625
1.75
-6.5
-3.875
2.25
-1.875
-0.75
2.125
-1.375
-6.5
-5.25
-3.0
-4.875
-3.375
-3.5
-2.625
-0.125
-7.625
-9.5
1.5
-2.375
-12.375
-8.25
-2.125
-1.75
-2.375
-3.75
-4.5
0.25
-1.875
-13.0
-15.25
-11.125
-2.625
9.125
-14.25
-24.5
-2.75
-5.875
-12.75
-13.125
-17.75
-19.375
-19.25
-18.75
-14.125
-17.5
-28.375
-28.25
-16.875
-13.75
-18.125
-26.0
-27.375
-20.75
-19.0
-14.0
-17.625
-16.125
3.125
3.375
-18.25
-25.0
-0.75
1.5
-19.125
-20.0
-14.25
2.0
16.75
4.125
-16.125
-17.875
-16.75
-13.375
1.375
-9.125
-26.375
-13.75
-1.125
-0.375
-5.125
-12.125
-12.625
-10.375
-2.25
12.25
-2.0
-16.5
-2.5
-6.25
-3.0
13.375
0.25
-12.5
-16.75
-19.875
-11.5
3.625
7.875
-14.0
-26.0
-17.625
-5.625
6.625
-4.625
-21.25
-13.5
-6.875
-7.625
-6.75
-3.375
-5.375
-11.5
-12.0
-13.5
-13.875
-15.5
-21.625
-25.25
-24.0
-19.625
-18.25
-20.375
-22.25
-11.875
8.625
1.5
-14.5
-4.5
-0.5
-4.375
1.5
1.25
-8.375
-8.125
-6.0
-12.625
-15.0
-17.875
-24.75
-21.75
-10.75
-10.375
-16.125
-10.5
4.5
5.375
-12.875
-23.625
-14.875
-10.75
-7.125
-4.125
-6.25
6.875
0.75
-8.25
12.875
2.5
-17.375
-7.125
-2.125
-4.875
-10.625
-11.625
-19.5
-23.125
-1.25
25.25
36.0
-10.0
-39.5
-17.875
-8.25
3.0
9.375
-7.625
-7.25
5.875
-7.625
-16.75
-12.625
-14.375
-9.625
-1.25
-2.5
-8.0
-8.625
-15.25
-12.125
-0.25
-8.375
-11.0
-6.25
-11.875
-6.5
4.625
-11.625
-18.875
-6.5
-9.75
-16.625
-13.0
-6.5
-11.875
-10.75
-4.625
-4.625
-8.375
-22.875
-28.875
-21.25
-2.25
-2.25
-23.125
-22.125
-8.625
-1.25
5.25
-1.375
-11.875
0.125
0.5
-16.625
-19.375
-15.75
-18.375
-19.5
-8.125
-8.25
-18.25
-13.75
-11.125
-14.0
-21.0
-17.75
-8.25
-16.375
-13.875
-9.0
-24.625
-16.0
-4.25
-24.125
-27.75
-14.875
-16.75
-21.75
-18.375
-17.625
-16.0
0.0
0.25
-29.375
-35.75
-21.0
-21.125
-25.625
-23.5
-22.875
-31.0
-8.25
9.5
-36.5
-44.25
-15.375
-22.125
-18.5
-18.375
-26.875
-13.875
-14.5
-27.625
-23.0
-18.375
-23.375
-21.0
-13.375
-16.125
-28.25
-26.625
-7.875
-13.125
-37.25
-34.5
-26.125
-22.125
-12.5
-11.0
-9.5
1.375
-14.625
-28.5
-9.375
8.5
9.625
0.75
-7.125
-12.375
-10.25
-5.0
-3.0
-10.25
-15.0
-27.25
-38.875
-15.0
-4.5
-27.25
-27.75
-27.125
-11.875
15.875
-18.375
-38.0
-13.25
-8.5
-5.375
-3.25
-10.875
-14.125
-7.625
4.625
-10.875
-40.125
-32.0
-21.0
-25.375
-26.125
-20.375
-18.0
-27.5
-17.5
9.0
7.75
-8.125
-4.375
3.25
3.875
5.5
8.0
18.5
22.375
6.25
17.375
32.375
-4.0
-24.0
-1.375
12.25
17.875
24.375
14.875
-0.25
-11.0
-7.75
2.75
3.0
5.75
4.75
-2.125
-2.0
3.125
-1.125
-5.0
7.375
2.375
-11.875
-1.5
2.625
2.125
7.25
13.375
12.5
2.125
4.125
11.375
15.75
13.125
18.75
20.125
-18.875
-30.875
2.125
-2.25
-18.25
-10.5
-2.125
17.75
6.375
-28.375
-9.75
12.5
11.25
13.125
3.5
-2.125
-0.75
-6.125
-1.375
7.875
-3.625
-12.25
-5.125
-8.5
-11.875
30.625
35.0
-21.25
-12.75
-0.625
-18.625
-10.0
-0.375
-2.75
-10.875
-10.25
-1.125
9.0
-1.0
-12.0
-9.75
-10.875
-2.375
8.25
13.125
0.375
-15.75
-7.75
14.5
19.625
-4.625
0.5
26.625
6.25
-18.0
-10.625
-2.0
-1.25
-4.25
4.5
13.125
7.25
5.125
12.0
11.25
-9.125
-8.625
17.5
27.25
2.0
-8.25
-5.125
-0.75
10.25
-7.875
-15.375
1.375
-1.125
0.0
9.125
2.25
-3.125
4.625
14.25
13.5
9.875
22.5
49.75
42.125
5.625
-20.875
-25.0
-3.375
8.625
2.5
-7.625
-8.875
8.875
13.625
-6.875
-3.125
13.625
9.75
4.25
-0.25
1.375
2.75
-6.25
-7.875
-9.125
-11.0
-7.125
-13.375
-10.75
-15.625
-24.625
-20.875
-15.75
-3.375
-23.0
-46.875
-30.5
-11.875
-20.625
-32.0
-28.875
-23.125
-37.5
-66.75
-71.25
-62.375
-45.875
-31.25
-41.5
-55.375
-50.875
-37.25
-36.5
-43.75
-33.5
-25.125
-37.5
-37.75
-18.0
-18.625
-37.0
-40.75
-39.25
-38.5
-33.375
-11.875
-22.25
-43.5
-18.75
-30.0
-45.75
-14.375
-3.5
-21.25
-28.375
-19.5
-20.125
-25.0
-23.75
-20.125
-11.625
-12.625
-18.875
-16.25
-6.25
-8.625
-34.125
-26.375
15.375
1.25
-29.25
-22.375
-20.75
-20.875
-15.125
-18.0
-6.875
-2.25
-21.5
-20.25
-0.625
-2.5
-13.5
0.875
-2.75
-19.0
-11.25
-7.5
-10.125
-7.5
-5.125
-7.875
-11.25
-8.625
-12.875
-24.125
-23.375
-12.25
-7.25
-11.875
-2.75
21.375
7.625
-19.0
1.75
2.5
-13.875
1.125
-4.5
-14.375
-1.75
-14.875
-32.125
-10.0
1.25
0.5
-3.75
-30.0
-26.0
-8.25
-9.375
-10.625
-3.75
2.875
-5.625
6.0
17.75
-5.0
-9.5
7.0
11.375
-2.75
3.875
6.5
-18.25
-1.75
19.25
-1.75
-12.75
4.5
4.0
-6.125
-6.0
-4.625
-0.75
-8.375
-13.875
-4.625
-4.125
-11.625
-11.5
-4.75
7.75
4.125
-6.375
6.75
-6.625
-18.125
-3.625
-20.5
-17.625
-2.875
-10.75
-10.375
-3.25
1.25
4.5
12.75
6.375
-9.625
-5.125
-2.375
-3.375
-1.0
-5.75
-13.0
-7.625
6.0
-6.125
-17.625
-6.75
-0.5
-17.125
-15.25
16.625
13.0
-24.875
-28.0
-1.625
-5.75
-15.75
-9.625
-8.625
-12.0
-10.25
-5.75
-4.125
-8.75
-16.5
-17.0
-14.375
-15.0
-12.5
-5.125
-3.875
-8.375
-0.75
1.0
-13.125
-9.0
-1.0
-10.0
-7.125
-2.375
-6.75
-7.625
-10.75
0.0
20.75
4.75
-29.875
-19.125
-4.25
-12.0
-12.125
-19.125
-13.75
0.125
-14.125
-18.875
10.125
21.0
-11.75
-32.125
-20.875
-2.25
4.875
-2.625
3.125
13.125
11.25
5.125
2.875
-7.0
-1.625
10.25
-25.0
-37.5
-13.125
-15.125
-15.875
-7.75
-5.25
-1.375
0.875
2.75
4.125
7.375
6.5
4.875
6.125
6.0
13.375
15.875
7.625
4.25
8.25
4.5
-8.25
-0.75
12.25
3.375
2.75
7.625
8.375
9.25
3.875
-0.125
0.125
2.875
7.875
11.875
6.25
-3.5
-3.375
4.25
9.625
1.5
-7.125
-6.375
-4.375
-6.0
-7.75
-2.125
-3.875
-9.5
3.125
12.25
1.5
4.625
16.25
5.0
4.375
20.75
27.0
7.75
-8.25
6.5
13.25
8.625
13.875
21.625
14.5
-5.0
-10.125
1.0
10.375
10.625
8.5
11.5
12.375
5.875
0.375
2.875
5.5
2.125
1.625
4.75
2.875
0.625
2.0
8.75
13.125
9.625
4.0
7.875
7.5
1.375
9.375
13.25
10.5
4.625
1.5
3.875
3.625
5.5
5.5
2.375
-0.875
-5.75
-4.625
4.875
11.5
13.125
16.625
24.5
24.625
18.75
21.625
23.5
21.25
23.125
22.375
16.375
9.125
3.875
5.875
7.25
-2.5
-1.25
10.25
7.375
10.5
12.375
-1.5
5.125
18.5
13.875
23.875
46.875
26.25
-9.25
-3.375
12.5
3.5
4.375
19.375
7.125
-0.5
10.5
11.125
8.25
9.25
7.0
5.75
4.625
5.375
16.5
26.625
26.875
21.25
16.625
20.25
26.0
24.25
22.875
25.0
17.75
14.5
16.75
9.125
2.75
1.75
3.0
4.125
4.625
10.625
18.75
15.75
6.125
4.0
1.125
-1.75
-1.75
-1.75
-3.5
-3.125
3.0
7.875
9.125
11.625
14.5
13.75
13.625
14.5
19.125
25.375
29.375
27.25
22.375
19.75
17.125
15.375
17.25
11.25
5.75
11.75
28.625
52.375
34.125
4.875
17.875
26.375
17.75
21.5
28.75
27.75
25.625
23.125
20.25
24.125
26.75
25.75
25.125
17.125
18.625
26.0
23.0
14.25
6.625
5.5
10.0
11.0
3.875
5.375
11.25
8.75
8.75
10.25
10.875
18.25
31.375
32.5
19.625
16.875
21.75
14.125
9.5
16.625
14.375
7.5
9.625
13.25
13.5
13.875
11.125
7.0
9.625
11.75
13.5
17.0
17.875
17.375
17.0
19.5
20.875
19.5
17.375
12.125
12.25
18.5
21.625
23.375
19.625
16.125
18.375
18.5
15.125
14.375
14.75
16.0
15.75
12.125
8.75
8.5
10.625
8.75
3.375
2.875
11.375
19.75
16.25
8.0
7.75
11.375
14.75
17.25
15.0
14.0
16.25
13.875
14.25
20.5
21.875
19.125
18.25
17.75
17.625
17.5
19.75
21.75
16.125
13.375
18.25
18.875
17.25
19.0
18.5
25.25
39.875
36.375
26.75
26.75
24.75
19.625
17.75
23.375
27.5
25.375
24.0
23.0
16.75
7.75
7.75
9.875
9.25
16.0
22.625
20.25
17.5
19.5
16.375
15.875
20.625
21.25
19.125
16.125
15.375
15.0
14.0
10.875
8.75
14.0
15.375
12.125
13.75
17.0
18.375
17.25
13.25
8.625
5.625
6.875
9.125
13.375
12.125
6.125
6.75
8.25
9.375
14.25
19.0
19.25
15.125
11.25
13.0
13.875
7.625
3.875
5.75
6.0
6.375
9.5
15.0
19.75
16.5
14.5
16.25
13.375
10.625
10.625
11.75
7.875
2.875
6.125
12.125
17.5
19.625
16.75
16.25
19.0
21.25
23.0
22.5
25.125
28.0
21.125
17.75
23.0
21.25
20.625
23.5
20.5
17.375
17.0
15.625
13.625
13.125
13.25
14.5
0.25
1.125
22.875
23.125
21.0
25.625
23.625
18.75
20.75
20.5
11.375
8.875
16.875
20.75
16.75
15.25
11.875
-0.125
-3.5
0.125
4.875
5.875
-1.5
-5.625
-23.625
10.375
-2.375
-105.5
3.875
86.625
18.75
16.0
16.375
8.875
5.375
4.125
4.25
11.75
19.75
24.625
30.0
27.375
20.625
23.75
26.25
47.625
-19.0
-67.75
36.5
52.375
21.125
31.875
34.875
39.875
44.0
42.875
40.375
36.25
28.625
26.0
21.75
8.75
-0.5
0.25
2.5
4.75
5.625
3.375
-1.5
-5.0
-7.125
18.875
-39.625
-89.25
19.125
39.75
7.125
13.5
11.875
14.75
9.25
6.125
8.625
12.0
14.375
16.25
20.125
26.375
28.875
25.0
23.625
25.5
24.0
21.875
20.375
19.25
20.0
22.125
22.125
19.0
20.125
23.375
25.0
26.5
26.625
27.375
25.5
27.5
42.125
46.125
34.5
26.625
15.375
3.25
7.5
19.125
21.125
22.875
28.0
24.25
18.75
21.25
26.0
25.25
22.875
22.375
21.375
17.5
11.875
6.125
0.0
-3.5
-4.375
-4.75
-3.125
0.25
4.75
3.875
-3.25
-8.0
-12.0
-13.0
-8.375
-6.125
-7.0
-5.125
-0.125
9.125
17.25
17.875
16.5
14.625
11.375
9.875
10.0
11.125
12.25
12.25
17.0
21.0
14.625
12.125
16.75
17.25
16.375
19.125
22.25
24.5
22.625
17.375
18.875
19.5
16.375
15.0
9.0
8.625
16.125
16.25
16.25
20.75
18.125
14.125
12.75
14.0
17.625
11.5
6.75
10.5
12.625
9.75
4.875
3.0
4.125
6.5
4.625
-2.375
-5.125
-6.25
-11.0
-12.375
-9.125
-6.5
-7.75
-9.75
-9.0
-12.625
-19.125
-23.125
-21.75
-14.25
-10.25
-7.0
-5.875
-10.75
-13.625
-13.25
-13.0
-13.0
-14.0
-13.625
-16.25
-22.25
-20.375
-15.375
-14.375
-11.25
-4.625
1.25
6.75
10.375
10.375
8.0
7.5
8.5
4.5
1.75
0.5
-5.625
-6.625
-2.75
-1.5
-3.25
-3.5
-1.0
-2.375
-4.875
-5.125
-7.25
-4.0
6.125
19.25
32.5
32.375
24.875
23.375
19.875
12.5
13.625
23.875
24.125
17.0
21.75
38.625
57.375
61.5
48.5
34.625
21.875
12.25
12.5
13.375
12.75
22.375
32.5
24.375
15.0
14.375
19.25
27.5
25.5
16.875
10.625
12.0
17.25
17.375
18.375
21.5
22.125
24.25
33.125
35.875
27.5
23.0
23.375
24.125
22.125
20.75
18.75
16.5
11.375
1.375
-3.875
-3.625
-4.5
-8.625
-1.25
13.5
16.25
11.75
13.375
21.25
22.25
12.375
14.25
25.125
23.5
21.0
17.75
10.25
8.5
11.625
13.75
17.125
18.875
14.0
10.125
6.0
1.125
-1.375
1.25
16.125
28.375
27.625
24.875
20.0
13.375
8.5
7.125
5.625
3.0
0.125
-6.25
-13.25
-13.875
-9.375
-10.0
-11.75
-7.625
-11.75
-25.375
-32.875
-28.625
-20.125
-19.875
-19.5
-11.625
-16.25
-25.75
-21.375
-14.75
-11.5
-5.125
-0.625
-0.875
0.0
4.75
8.75
8.0
10.25
5.5
0.125
6.0
2.25
-7.25
-8.125
-11.0
-15.875
-10.625
1.125
1.875
-4.75
-1.5
3.375
2.25
2.25
3.25
2.375
3.75
8.125
3.875
-6.75
-9.0
-6.125
-4.375
-3.125
-2.25
-4.25
-6.125
-9.75
-13.75
-6.625
5.25
5.75
7.5
14.875
10.0
4.125
-1.25
-6.375
-2.375
-1.75
-5.25
-2.125
2.0
0.0
-6.375
-7.375
0.875
8.875
7.625
1.375
1.125
4.125
4.125
2.0
3.875
8.375
9.625
3.5
-6.0
-6.375
-0.75
2.75
8.0
14.625
14.375
11.375
11.625
11.25
10.5
10.125
7.875
1.25
-0.375
6.25
-1.25
-12.375
-7.25
-0.25
2.625
6.0
3.375
-2.125
-1.875
-1.125
-2.375
-3.625
0.0
3.875
-1.25
-7.125
-6.75
-6.875
-10.125
-11.125
-8.125
-2.25
-1.875
-7.0
-7.75
-8.5
-11.0
-11.5
-6.375
-2.75
-5.875
-3.0
-1.375
-9.0
-11.625
-10.0
-11.0
-13.125
-14.375
-8.0
-4.125
-7.875
-4.875
2.0
0.75
-1.5
3.25
-0.5
-8.0
-3.25
3.0
0.875
1.0
4.25
1.25
3.625
7.625
5.375
2.375
-6.875
-12.25
-6.75
-5.875
-10.375
-12.625
-10.75
-6.75
-10.0
-17.0
-9.75
-2.75
-2.25
2.5
0.0
-6.0
-4.75
-2.875
-11.625
-22.25
-21.875
-19.5
-16.5
-11.625
-5.875
-3.375
-6.375
-2.5
-2.125
-6.5
-0.25
9.375
6.625
-7.375
-10.375
-4.375
-1.5
-1.875
-4.125
-6.375
-11.125
-12.625
-6.125
1.875
0.625
0.125
4.625
0.125
-2.125
-1.75
-14.25
-18.625
-11.75
-6.0
1.125
-3.875
-15.875
-11.75
-6.25
-8.125
-8.25
-10.375
-10.25
-7.5
-5.875
-6.75
-8.125
-4.0
-2.0
-3.75
-1.25
8.125
17.625
13.25
-2.5
-1.25
7.5
4.375
5.5
6.0
1.5
5.5
17.125
21.25
15.375
8.625
0.375
-9.0
-9.625
-4.375
2.25
11.375
13.5
7.125
6.0
13.5
17.25
9.625
-0.625
-1.375
-0.125
-4.875
-6.125
-6.5
-9.875
-5.75
-0.125
2.875
5.25
2.25
-3.625
1.125
11.0
11.75
13.0
10.5
5.5
0.625
-5.75
-1.5
-1.125
-3.875
4.5
10.0
-1.75
-15.5
-11.0
-2.375
-2.5
-8.75
-13.625
-18.875
-21.0
-14.5
-4.375
1.25
-0.875
-8.625
-13.5
-6.875
-10.25
-25.0
-19.625
-11.75
-19.0
-18.125
-7.0
-5.0
-6.25
-3.25
-11.125
-15.375
-11.875
-9.375
-3.25
-2.0
-1.375
1.75
1.875
1.625
-1.125
2.125
7.875
4.25
-1.125
-3.25
-1.75
-1.5
-5.75
-9.0
-4.0
4.75
13.375
10.125
1.25
-1.25
-6.25
-8.625
-11.375
-7.5
9.25
6.125
-1.75
7.0
8.875
-0.875
-8.5
-6.125
-3.625
-7.125
-9.75
-10.625
-9.25
-2.625
1.875
0.625
-3.25
0.375
8.0
5.875
7.75
19.5
13.125
-7.0
1.625
20.5
9.0
-3.0
1.875
9.75
17.0
-3.75
-17.5
-4.5
-0.5
-0.5
-5.5
-6.625
-0.5
2.75
2.75
0.25
0.125
2.25
6.25
13.75
18.25
14.125
9.0
2.375
-6.0
-5.125
-1.0
-2.75
-12.875
-20.125
-15.625
-6.25
1.375
3.875
0.25
-9.5
-9.625
-0.125
2.375
-0.375
0.125
8.375
9.875
-1.75
-5.0
0.625
1.75
2.125
8.25
10.375
0.375
-3.875
-1.875
4.875
17.25
-3.375
-16.125
-1.625
-1.0
-3.5
0.25
6.5
2.0
-5.875
-1.5
1.625
-3.625
-6.625
-6.875
-4.375
2.375
9.5
3.125
-12.375
-14.5
-13.375
-14.5
-11.25
-11.25
-14.375
-14.375
-11.375
-6.5
-8.25
-22.125
-25.0
-15.125
-14.625
-18.875
-20.375
-23.125
-18.125
-7.625
-5.375
-6.875
-10.375
-13.625
-16.125
-19.125
-18.375
-15.625
-14.625
-15.625
-16.625
-14.5
-6.5
-2.5
7.125
6.75
-19.25
-30.0
-21.625
-14.75
-10.25
-10.0
-17.125
-1.0
27.25
5.75
-11.75
2.5
-4.875
-15.25
-14.375
-10.75
-2.375
2.625
-2.5
-3.125
1.5
0.125
-3.25
-2.375
0.875
0.625
-4.375
-6.875
-3.125
2.625
3.25
4.5
14.75
18.0
7.625
2.125
-1.625
-10.375
-11.375
-12.75
-14.625
-13.0
-14.875
-17.125
-16.375
-5.5
1.125
-9.0
-13.125
-11.625
-2.5
8.75
7.375
5.25
2.75
-7.625
-15.75
-11.75
-8.625
-14.5
-15.875
-5.375
2.875
-3.125
-6.875
-4.25
-6.5
-1.125
13.25
-3.125
-35.625
-28.625
-10.5
-5.75
0.875
-2.25
-8.75
-4.75
0.25
8.0
12.125
-8.125
-26.125
-12.0
-2.25
-12.75
-12.375
-5.875
-7.25
-10.875
-10.625
-4.0
1.0
0.625
-1.75
-5.375
-9.5
-12.5
-14.0
-17.625
-10.0
7.0
-3.25
-16.0
-10.375
-6.75
2.375
15.0
10.875
-12.875
-14.625
-3.0
-1.5
-5.75
-14.0
-15.5
-15.875
-11.375
-5.375
-11.5
-22.625
-23.875
-12.875
-6.0
-12.125
-13.125
-6.25
-10.75
-22.5
-15.75
-7.125
-11.125
-10.125
-8.75
-13.375
-13.125
-5.0
1.875
-7.125
-21.125
-15.375
-16.25
-24.75
-13.875
-12.5
-20.125
-9.625
1.875
0.875
-1.0
-4.5
-12.375
-15.875
-10.375
-7.0
-11.25
-14.125
-14.25
-14.25
-11.875
-8.0
-6.5
-6.75
-7.5
-11.375
-11.0
-7.875
-13.875
-16.75
-10.375
-11.75
-16.875
-11.125
-23.0
-30.75
-14.875
-14.625
-24.875
-25.125
-19.375
-18.875
-15.125
-8.5
-12.25
-19.0
-19.125
-14.625
-2.75
11.25
11.5
1.625
-8.25
-19.875
-25.125
-21.125
-14.875
-17.25
-20.875
-11.875
-4.125
-8.875
-13.75
-16.125
-8.625
-7.125
-19.25
-7.875
-11.25
-20.5
-8.875
-6.25
-8.0
-6.25
2.25
5.625
-12.25
-30.75
-26.5
-15.25
-14.25
-17.125
-10.0
-0.375
-8.875
-24.25
-20.875
-14.75
-13.375
-2.125
5.375
-15.25
-32.125
-22.5
-19.0
-16.375
-6.0
-15.5
-33.625
-36.375
-32.875
-33.625
-33.125
-30.25
-37.125
-35.125
-33.625
-39.75
-33.375
-20.625
-20.375
-31.0
-34.0
-32.25
-33.25
-33.75
-36.0
-34.375
-24.875
-18.25
-12.375
-23.25
-36.125
-24.875
-20.0
-23.5
-22.375
-25.5
-27.25
-20.0
-23.0
-31.875
-29.125
-20.625
-19.75
-25.375
-23.75
-21.375
-21.375
-22.125
-25.125
-20.875
-5.625
-9.0
-26.75
-20.5
-7.875
-11.5
-13.125
-8.0
-7.25
-3.625
0.0
-2.25
0.125
3.625
0.375
-5.875
-15.25
-21.625
-18.875
-9.625
-4.375
-10.125
-11.25
-14.125
-18.0
-12.25
-2.5
-6.125
-14.875
-7.25
-6.375
-14.0
-7.0
0.75
-6.375
-15.875
-18.0
-5.875
9.25
2.0
-12.875
-9.75
-1.875
3.125
12.75
19.875
9.5
-3.5
0.5
3.0
-7.25
-9.75
-5.0
-7.625
-11.125
-14.75
-8.625
3.25
3.625
-4.5
-11.5
-14.5
-14.0
-4.25
-3.125
-3.5
8.125
13.875
14.25
-0.125
-13.0
1.375
3.0
-6.375
-5.5
-7.375
-5.875
-5.0
-9.125
-7.75
-5.75
-2.125
9.75
2.0
-11.25
-4.25
-3.75
-1.125
7.25
10.5
13.125
-3.875
-15.625
-7.0
0.875
1.25
-1.0
4.125
6.25
-2.875
-12.5
-8.0
-1.5
0.875
4.25
11.625
8.125
-1.375
9.625
17.25
1.625
-12.0
-15.5
-4.375
2.125
-10.5
-5.5
5.375
-1.375
3.75
17.5
16.625
3.0
6.875
15.375
0.125
-4.75
3.25
-0.25
-4.125
0.625
3.625
6.25
7.25
8.75
9.0
2.0
10.875
20.375
-3.0
-16.5
-2.375
10.75
4.25
-10.0
-7.375
-5.0
-4.125
-3.0
-4.375
4.875
8.875
8.25
15.25
16.375
13.625
11.5
15.625
18.75
4.25
4.625
17.5
14.375
1.5
-6.75
2.75
8.875
-2.0
-13.125
-6.75
22.375
23.375
-15.375
-7.75
19.5
12.875
19.125
26.75
14.375
8.5
12.5
17.375
13.75
2.875
9.875
18.625
11.5
14.25
14.625
6.75
11.25
4.5
-3.5
0.625
9.5
8.75
0.125
14.625
13.5
7.5
16.0
6.375
7.5
21.25
19.625
4.25
-2.25
5.625
16.75
24.75
22.5
15.75
9.125
1.375
1.625
2.125
2.125
3.75
6.5
5.75
2.25
5.0
0.375
-0.75
9.0
11.625
20.0
16.5
1.25
9.625
13.625
4.5
7.0
22.0
17.125
8.5
8.875
2.875
13.5
30.75
29.0
9.0
1.5
3.5
1.125
2.125
4.0
16.625
22.0
18.25
32.875
33.375
3.375
-2.875
16.125
16.25
-0.125
18.0
28.625
-3.375
1.375
8.875
6.25
23.25
34.375
28.375
12.5
14.125
23.5
12.125
-8.5
6.875
17.0
-1.875
-7.25
4.75
27.5
20.25
2.875
18.375
21.5
8.75
8.5
13.875
24.125
25.875
27.875
32.125
16.0
7.0
17.0
20.125
4.0
-0.25
17.75
23.0
17.5
11.125
13.625
22.25
21.0
27.375
41.625
23.875
11.625
29.0
32.0
30.125
25.5
29.0
40.125
27.75
11.0
13.375
22.375
32.625
31.5
24.875
28.625
29.875
23.625
24.875
34.875
33.0
27.875
31.0
30.75
30.0
27.75
24.0
26.0
25.625
31.625
46.25
40.375
21.375
21.875
20.375
14.75
31.25
31.625
16.875
16.375
16.125
21.375
25.25
28.625
26.0
26.25
41.375
32.5
14.25
12.125
11.75
12.5
17.625
12.25
6.5
20.375
28.25
28.5
41.5
33.375
2.75
2.375
17.0
25.75
34.125
25.25
15.5
22.0
12.5
2.75
8.375
10.5
22.375
25.875
16.625
18.625
17.625
13.125
16.75
17.0
24.75
42.375
30.5
14.375
16.25
25.625
21.125
0.5
6.125
1.625
-8.25
4.625
6.875
9.875
17.375
15.625
14.875
16.5
23.0
41.0
37.75
6.375
3.375
21.625
25.625
4.5
-7.5
7.875
16.5
10.375
1.0
2.875
25.25
22.75
-1.875
10.125
20.875
11.375
10.75
25.375
31.375
16.375
0.875
-1.375
12.0
15.0
5.75
10.375
20.375
13.875
5.0
13.0
23.5
18.625
6.375
8.875
10.5
17.125
36.375
32.875
29.625
34.625
26.75
19.375
29.5
30.0
3.0
5.75
9.5
3.75
13.25
10.125
19.125
22.0
22.0
57.75
44.75
-3.625
11.0
35.75
38.75
40.0
13.375
13.75
35.125
17.125
9.125
19.125
22.0
23.5
31.375
27.875
14.125
15.5
27.0
22.125
13.125
21.5
19.125
10.125
17.125
38.5
35.25
-8.625
-18.125
22.5
31.25
2.625
3.625
29.5
32.0
16.5
10.375
20.5
32.0
20.0
8.625
14.25
16.0
17.5
22.375
22.125
16.625
17.125
14.0
8.375
26.25
35.125
5.5
-5.25
10.625
12.0
0.5
4.25
21.25
15.5
9.5
25.25
43.875
23.75
0.875
15.0
15.25
7.75
6.875
16.25
23.25
9.625
4.75
5.375
3.375
2.75
2.0
16.375
20.75
5.75
11.75
24.5
9.375
8.25
25.5
0.375
-2.125
25.625
18.125
-0.25
-6.125
-1.0
-3.5
-1.375
16.5
10.75
-2.0
-1.125
5.0
10.625
-1.875
-13.875
-10.0
-2.0
-10.0
-13.625
5.25
14.25
4.0
6.25
19.875
11.5
0.0
-3.5
-2.75
28.0
0.375
-44.375
-12.875
5.75
-0.875
-1.0
-8.0
-11.25
-3.125
-4.375
-2.625
7.25
-5.25
-27.0
-7.375
5.25
-17.875
-7.625
6.5
-6.5
-14.625
-9.875
-7.0
-1.875
8.625
-6.75
-8.125
2.875
-8.125
-9.0
-4.625
-14.75
-18.125
-9.125
-4.875
-5.5
-5.0
6.625
35.25
18.75
-3.375
12.0
-0.125
-14.75
-7.75
3.375
11.875
12.875
-0.875
-0.875
10.0
14.875
5.0
-5.0
-0.875
-4.625
-9.625
-12.75
-11.125
-18.875
-17.0
2.125
6.375
4.375
15.75
25.0
1.875
-15.375
-3.0
7.875
15.75
13.0
2.625
9.5
17.625
28.0
24.875
-7.875
-10.75
8.875
9.875
1.0
-2.25
-3.25
-10.0
-6.125
-5.875
-10.375
4.125
15.125
11.25
28.625
13.125
-30.75
-15.0
7.375
10.25
9.375
7.125
7.875
9.875
10.0
4.5
-0.125
0.625
-1.25
0.75
-2.25
-13.0
1.375
9.875
2.625
4.25
-1.375
3.875
21.125
13.125
3.25
6.625
4.5
4.875
7.625
17.875
12.25
-7.625
-6.875
12.875
32.125
7.625
-8.625
14.375
15.0
8.875
10.625
6.875
8.0
24.75
22.625
-3.125
-3.625
13.5
12.75
-18.625
-26.625
-6.25
-13.75
-17.875
-1.375
-5.375
-15.25
-11.25
-6.125
15.625
29.625
13.375
4.625
-5.5
-10.625
-8.875
-15.375
-13.625
-0.75
4.125
-8.5
-12.0
-11.125
-12.875
-6.875
-5.125
-0.375
2.625
-6.25
-7.25
1.5
8.375
-0.625
-9.75
5.875
17.125
7.25
5.75
9.125
2.25
-7.5
-14.0
-10.5
-0.5
-3.5
-6.125
-0.25
-2.375
11.625
11.375
-8.375
-3.0
6.875
-2.125
5.0
19.125
-3.75
-2.5
9.5
1.875
15.125
18.625
2.875
9.875
8.0
4.375
7.75
-7.75
-4.125
10.25
6.875
13.0
32.375
17.25
4.25
9.0
1.0
2.875
14.75
24.375
16.25
6.25
10.125
15.5
13.25
0.625
-5.0
0.125
3.5
2.625
12.0
19.125
12.375
6.75
10.0
15.0
9.75
8.5
14.5
10.5
11.625
16.5
9.0
2.375
3.75
7.5
-0.125
-0.25
29.375
24.375
-9.875
2.375
26.25
17.0
3.625
7.625
12.0
7.125
2.125
-2.5
-1.5
8.125
2.5
-7.875
-5.5
-9.75
-12.875
-9.875
-18.125
-23.5
-2.125
20.875
1.875
-13.875
-7.375
-5.75
15.625
26.125
-3.875
-12.625
-5.125
-13.625
-13.125
-4.875
1.125
-1.0
0.0
0.75
-15.125
-19.0
-8.0
-15.0
-16.125
3.375
-4.0
-13.875
21.125
41.125
30.625
13.75
-16.0
-24.0
-12.75
-2.75
-5.75
-28.25
-33.625
-15.125
0.375
-14.375
-25.0
-7.25
-4.125
-17.125
-11.5
-10.125
-6.25
4.875
-4.625
-1.625
10.125
10.5
11.125
8.625
5.875
1.875
-2.0
9.0
10.875
9.75
-9.875
-27.75
-12.25
-13.5
-2.125
7.75
-1.0
0.875
-3.875
-0.375
7.125
9.75
11.375
8.5
9.125
9.5
6.25
1.5
0.125
-4.125
-8.75
-8.625
-8.75
1.75
10.25
14.375
15.625
1.5
-14.125
-26.375
-16.875
2.5
15.75
13.875
-3.625
-6.125
0.0
3.5
4.625
5.875
16.0
10.5
-11.25
-8.25
-0.125
-2.625
5.125
12.5
8.375
-0.625
10.375
24.125
-1.0
-7.75
9.25
6.625
4.375
17.375
26.625
22.625
32.375
27.875
-5.5
-8.0
8.5
1.875
-5.25
-2.0
-1.375
2.0
10.125
11.125
1.125
8.25
30.875
18.75
0.25
6.5
9.375
12.375
16.5
4.25
-8.375
-2.0
-2.25
-8.75
5.125
12.125
2.125
1.25
1.75
3.375
9.25
13.375
12.375
2.125
-8.75
-5.25
10.375
7.625
0.375
9.25
17.125
7.125
-17.25
-22.375
-6.375
5.375
-5.75
-17.875
-12.875
-6.5
-8.375
-5.0
-2.0
-9.75
-9.875
-1.125
-11.125
-24.875
-20.375
-16.125
-14.125
-0.375
1.5
-18.5
-17.5
-0.125
21.75
15.5
-10.0
-13.875
-4.375
-1.25
-12.875
-1.375
13.5
-1.875
4.5
27.25
29.0
14.0
0.75
-3.125
-4.5
1.75
5.625
6.125
5.5
9.125
7.75
-1.5
-0.625
5.25
5.375
12.375
30.5
22.125
1.875
8.0
3.75
1.375
10.75
10.0
19.75
18.375
0.875
-9.0
-0.625
2.25
6.0
5.5
-21.0
-18.125
-0.625
2.0
-0.25
-6.75
-8.375
-4.875
-2.75
-2.875
-3.5
3.25
16.0
7.0
-14.625
-9.125
13.625
11.75
-7.75
-7.0
-4.875
-18.875
-20.25
-21.375
-18.0
4.5
-1.625
-10.0
-1.25
-9.5
-12.375
-7.375
-6.5
-0.25
11.25
20.25
3.875
-4.375
4.0
-7.875
-11.625
-16.375
-14.125
-0.625
-5.625
-9.875
-6.125
-2.0
-1.625
-7.25
-1.875
14.875
-0.875
-19.75
-9.5
-13.0
-17.875
-15.25
-10.125
2.375
-6.875
-27.625
-20.625
6.0
-8.125
-30.25
-18.625
-12.0
-9.625
-6.625
-7.25
-10.625
-6.625
-1.375
-4.0
-1.625
7.0
4.75
-6.5
-7.75
-7.625
-20.0
-26.75
-15.125
-12.375
-22.5
-8.5
8.125
4.375
-15.25
-36.125
-20.125
-13.0
-19.625
-10.0
-10.625
-18.0
-16.625
-14.75
-18.375
-12.25
-1.25
11.875
10.875
-9.0
-8.75
7.0
-0.5
-13.625
-3.5
14.875
9.0
-20.25
-20.5
-6.375
-16.0
-22.875
-18.875
-16.5
0.125
13.75
-4.0
-7.5
30.75
17.625
-37.25
-31.75
-12.25
-12.75
-4.875
-12.375
-29.125
-18.25
-8.25
-13.25
-17.125
-15.875
-13.375
-17.0
-16.75
-14.0
-11.5
-19.125
-23.0
-13.125
0.25
8.0
-9.25
0.0
13.5
-10.875
-11.25
3.125
6.75
3.875
-5.5
0.5
2.125
-9.75
-7.0
-4.125
0.125
1.875
-9.75
-6.25
3.875
6.5
4.375
-12.5
-14.75
-4.25
0.25
11.125
15.5
13.125
17.0
19.125
1.75
-15.5
4.375
25.125
2.375
-4.0
16.25
10.375
6.25
8.75
1.5
-4.375
-5.5
-1.375
5.625
7.5
1.0
0.25
3.875
2.125
5.375
4.125
0.375
10.0
10.25
-1.5
5.25
11.5
9.0
18.375
15.0
4.75
13.25
15.75
13.5
9.75
-8.375
-13.875
-0.625
5.375
2.5
-8.375
-1.625
21.625
7.75
12.375
28.75
-8.625
-20.25
-1.125
4.375
11.125
10.25
15.375
16.125
-5.0
-1.25
8.25
0.625
-3.875
-11.375
-19.75
-15.875
-11.875
-14.125
-10.625
-2.75
1.5
4.0
3.25
7.625
9.25
-13.125
-23.5
-14.625
-2.625
9.875
6.75
1.0
-4.125
-7.875
-7.5
-9.0
-3.0
-2.0
-4.875
5.125
6.5
5.625
12.25
2.625
-5.25
3.5
8.75
11.875
8.25
-10.625
-18.5
-16.25
-20.5
-16.25
-7.625
-4.625
-4.875
1.625
1.75
-4.25
7.375
16.125
14.625
5.875
-4.0
-1.625
4.125
11.125
8.625
-7.875
-17.875
-16.375
-17.5
-23.125
-18.125
-13.875
-9.625
2.5
2.25
-6.875
-1.375
10.375
5.75
5.5
18.5
18.125
5.25
-0.5
5.0
-2.0
-10.125
-9.5
-5.875
6.25
17.875
14.0
-16.75
-24.125
-4.0
0.375
-4.75
4.5
13.125
-5.375
0.25
14.875
4.625
1.125
-6.25
-10.125
-5.125
-5.0
-6.125
2.5
21.0
17.5
-1.375
0.25
11.125
26.125
21.875
-27.75
-40.625
-8.375
-3.875
-16.625
-18.0
-4.25
7.5
6.0
-7.875
-13.5
0.375
5.75
3.75
7.0
0.25
-3.625
-0.5
-13.25
-11.875
-1.875
-12.75
-5.625
19.25
10.0
-14.875
-12.625
-1.375
4.0
3.875
5.375
10.875
13.625
10.0
3.75
7.75
7.375
1.75
5.5
6.875
4.625
9.875
18.875
12.125
-5.625
-3.375
26.25
42.375
-4.375
-38.75
-5.0
1.125
-3.125
7.0
-2.125
-5.875
-3.0
-2.375
-2.25
-0.75
3.375
4.25
-0.625
-3.0
-4.625
-5.375
-0.875
5.0
-2.875
-22.125
10.125
35.125
-8.375
-36.5
-30.125
-1.875
9.5
-1.875
-12.125
-22.0
-16.375
-10.0
-9.0
-9.5
-13.625
-14.25
-14.125
-11.75
-7.125
-3.875
-0.25
-0.25
-1.75
3.125
10.5
1.0
-16.875
-7.125
16.75
10.0
-14.125
-17.25
-5.125
1.375
-6.875
-16.625
-14.625
-3.625
-0.625
-0.875
2.375
-2.25
-2.375
-3.5
-14.375
-15.625
-14.625
-20.5
-18.875
-11.625
-12.125
-19.875
-28.375
-22.125
-6.375
14.0
1.25
-29.25
-10.375
-3.625
-10.375
-5.375
-11.125
-14.0
-10.125
-5.75
-2.0
-2.125
-4.0
-4.375
-8.375
-17.75
-25.25
-16.375
0.0
-9.75
-26.125
-17.5
-9.125
13.5
2.5
-37.125
-9.375
-0.5
-18.625
0.25
10.25
-0.75
-1.5
1.125
-3.875
-7.375
-11.75
-5.875
-7.875
-15.125
-4.5
-9.875
-22.25
-32.5
-41.625
-25.125
-15.125
-24.625
-17.375
-6.875
-9.125
-12.125
-7.875
-8.75
-8.25
15.25
1.75
-28.875
-3.875
9.875
-17.75
-25.25
-19.375
-21.125
-21.125
-18.125
-15.5
-17.5
-17.125
-8.75
5.75
9.25
1.625
-2.375
-1.0
2.5
1.75
3.375
5.0
-0.5
4.75
-1.5
-12.25
-10.625
-13.125
-4.75
0.375
-3.125
-1.75
1.875
0.875
0.5
2.5
4.625
10.625
4.875
-0.375
7.125
6.5
7.25
15.75
14.75
6.125
0.625
-3.75
7.625
14.375
-4.5
-8.875
7.125
14.25
4.5
-1.125
11.125
21.125
6.375
-11.625
1.75
23.875
10.875
-11.75
-6.375
-4.625
-11.875
4.5
14.375
-7.375
1.125
21.0
-4.75
-7.0
3.125
2.375
12.0
6.875
-2.25
-5.0
-4.625
-0.125
-4.875
-11.0
-6.5
-2.75
-1.375
-2.125
-8.5
-18.5
-21.0
-17.25
-19.5
-21.25
-13.375
-11.75
-7.0
2.75
0.0
-13.75
-25.375
-19.125
-2.75
-2.375
-6.5
-2.75
-9.0
-15.25
-18.5
-21.25
-17.875
-15.75
-14.125
-11.75
-9.5
-4.625
-0.625
6.625
11.375
4.375
-2.375
-3.125
2.625
3.625
-0.75
0.25
4.625
8.125
-1.625
-3.0
4.75
6.75
-1.5
-14.125
-7.0
-16.125
-11.375
7.0
-6.875
-1.625
10.375
8.375
13.875
18.25
18.875
19.625
15.5
3.25
3.5
14.5
-5.75
-27.625
-13.875
3.0
3.25
4.625
1.75
11.75
30.625
-2.375
-23.5
-7.625
-3.625
-5.25
-3.0
1.875
-5.75
-13.625
-8.0
-1.875
-3.75
5.125
32.125
19.25
-18.375
-21.25
-11.0
-2.25
-1.375
-8.25
-8.875
-4.625
4.75
12.375
7.5
-2.25
-5.875
-2.625
-9.0
-17.125
-11.125
-9.5
-9.75
-2.375
1.25
-0.125
-1.625
-7.875
-12.375
-4.125
4.625
-4.25
-4.25
2.375
-19.125
-21.25
-11.125
-16.75
-7.0
-4.375
-12.5
-11.5
-8.625
-6.75
-9.25
-12.75
-14.0
-14.625
-10.125
-10.25
-12.5
-9.375
-12.0
-5.75
-3.125
-14.125
-3.875
7.75
-12.0
-18.75
-13.625
-25.75
-27.25
-26.25
-20.125
-15.75
-20.0
-8.75
-6.375
-13.875
-10.5
-9.0
-16.375
-4.75
9.5
-21.25
-35.75
-14.75
-9.5
-14.5
-17.5
-22.625
-39.25
-44.625
-33.625
-26.0
-27.25
-31.0
-25.5
-17.25
-4.375
2.125
0.875
-0.375
-7.75
-13.25
-13.25
-17.125
-20.625
-18.25
-26.25
-34.75
-24.75
-8.5
-19.5
-38.125
-27.875
-6.5
5.25
-12.75
-32.25
-27.0
-14.625
-8.875
-12.875
-10.75
-3.75
-4.875
-7.625
-4.5
-8.125
-19.75
-15.25
-8.625
-4.0
-9.625
-35.125
-34.25
-18.875
-18.375
-17.25
-10.125
-3.75
-11.25
-16.75
-8.25
-1.625
-1.25
-1.5
1.875
7.0
11.625
4.875
-9.75
-9.875
15.375
14.125
-13.125
-12.875
-3.25
-5.25
-12.375
-14.125
-10.25
0.375
0.875
-13.25
-13.25
-4.25
3.875
13.75
4.75
-10.5
-8.875
0.625
20.625
15.75
-7.5
-7.25
-4.75
-10.0
-13.5
-15.125
-12.625
-8.125
-4.75
-6.875
-7.25
4.75
13.75
9.5
6.875
7.75
-0.5
-7.0
-2.125
0.625
2.5
8.125
6.25
-0.25
12.375
15.75
-8.0
-7.0
0.5
-11.375
-6.375
5.5
4.125
-2.75
-6.25
1.5
5.75
1.875
5.125
11.25
6.625
13.125
26.0
18.0
12.875
14.375
8.125
6.25
8.125
5.75
4.0
1.375
-0.625
3.125
5.125
0.625
1.5
10.625
24.25
26.75
11.25
10.75
12.5
6.75
22.0
28.25
10.875
-2.375
-6.0
4.75
17.0
11.25
-1.5
-7.75
-4.125
-3.375
-7.375
-5.875
4.75
11.25
-7.5
-17.5
-7.75
4.75
10.75
-6.125
-12.25
-2.875
-5.625
-9.875
-10.75
-19.75
-20.625
-13.375
-17.125
-8.125
11.0
1.5
-12.875
-9.25
-4.25
-0.125
-2.0
-4.375
-3.0
-2.125
-4.125
-3.375
3.125
-1.375
-5.375
-0.875
3.25
12.75
11.25
-6.375
-6.5
14.75
12.375
-5.375
11.125
37.0
10.5
-23.5
-15.875
1.625
7.125
0.375
6.25
11.625
3.625
6.375
13.25
13.875
11.125
8.125
8.625
11.125
7.5
-0.25
-5.5
-1.125
31.5
21.125
-4.25
15.75
4.0
-3.375
27.25
18.625
-12.0
-3.875
7.75
2.75
3.5
12.75
8.125
1.875
3.25
3.5
3.0
-2.875
9.625
16.875
1.125
18.0
30.0
13.0
13.625
12.375
9.0
14.75
17.0
16.5
14.75
14.0
15.25
20.5
24.75
8.5
1.875
13.875
11.625
5.0
0.125
6.125
22.75
18.5
-5.375
-9.5
-0.25
0.375
-1.0
6.125
14.875
19.0
18.625
18.75
21.5
24.25
26.875
17.875
10.375
19.25
14.25
-9.625
-18.625
-17.125
-15.125
2.375
4.0
-20.375
-11.875
2.625
-1.375
11.125
24.875
7.625
-3.625
11.25
11.25
1.25
-3.625
-5.0
-0.625
0.25
-2.625
-2.0
-7.875
-1.125
15.5
3.25
-8.0
-7.75
-23.875
-11.0
6.125
-2.875
13.25
14.25
-8.5
-4.375
6.75
6.75
5.5
4.25
4.25
2.0
3.875
9.75
7.625
-1.25
-8.75
8.25
27.5
-4.25
-24.375
-1.875
11.0
6.0
-2.875
-13.375
-16.125
-10.375
-8.0
-2.75
-3.25
-2.875
4.75
9.5
11.625
10.375
7.0
12.125
14.25
4.625
2.75
2.5
-4.25
-3.5
-0.875
2.125
3.125
17.375
14.125
-20.5
-12.5
7.125
6.875
13.625
6.375
-8.375
-1.875
7.875
10.5
10.375
9.0
9.875
12.0
17.875
16.875
11.375
15.875
12.625
2.25
-0.75
4.375
9.625
12.375
38.125
26.625
-11.875
-1.625
-2.375
-2.875
14.75
7.375
-0.875
5.0
9.0
22.375
25.25
7.75
30.125
40.5
8.625
11.5
31.25
22.25
3.75
1.5
-1.5
-5.75
-1.75
0.625
1.625
-1.875
-5.625
-1.0
7.0
16.0
25.875
19.125
6.75
9.875
18.375
18.25
14.5
17.625
20.25
8.75
1.25
12.125
11.0
11.625
12.375
2.25
1.375
-13.0
-24.375
-22.25
-24.875
-21.25
-16.0
-14.625
-12.5
-8.25
-1.125
6.25
6.875
12.0
14.25
19.875
23.0
14.625
9.5
-0.875
1.125
6.125
2.375
-6.0
-21.0
-21.125
-17.875
-33.125
-39.5
-29.75
-19.125
-8.625
-18.125
-25.25
-10.125
-1.875
5.5
13.5
18.875
33.75
29.375
-4.25
-9.75
4.0
3.625
1.5
-4.5
1.25
12.375
4.875
-8.25
-6.375
-6.875
-17.0
-15.25
-13.75
-10.125
-7.5
-14.75
-4.5
14.0
14.25
32.625
55.5
8.625
-23.625
6.25
15.75
16.0
14.25
3.5
1.875
-0.875
-4.875
-2.375
-0.875
-0.75
-6.25
-19.125
-21.5
-6.125
6.875
-4.125
-9.625
-5.125
-2.375
6.375
0.75
-6.125
10.0
22.0
16.875
11.5
8.875
5.25
-0.875
-1.0
-0.875
-5.5
-7.5
-8.375
-8.25
-3.0
-3.5
-7.75
-4.125
-3.625
5.125
11.0
9.0
8.5
4.5
3.25
6.0
19.625
4.625
-14.5
-1.875
3.25
1.75
5.0
3.125
-6.5
-4.25
-5.0
-10.875
-3.375
-1.75
-1.625
-4.875
18.0
43.125
-2.375
-24.75
3.875
16.375
19.75
7.25
-8.0
3.0
12.375
1.625
-4.75
-1.625
-1.375
-1.0
6.5
9.375
1.875
1.0
6.5
-10.375
-18.25
5.125
12.0
5.5
4.5
-0.375
0.75
4.5
8.5
7.5
2.375
3.375
6.25
12.375
12.75
8.625
9.125
10.125
6.875
1.125
-6.25
-5.25
1.125
-1.125
-1.625
-8.0
-7.875
21.125
51.5
36.75
-10.0
-14.125
5.75
4.375
2.25
4.375
12.0
17.625
13.75
7.75
-1.875
-5.0
3.25
8.0
4.125
-1.375
-9.0
-16.0
-8.75
1.0
-19.5
-25.25
20.125
23.625
-20.875
-33.5
-17.375
8.25
21.875
-7.375
-22.75
-6.25
-3.25
-4.625
-6.625
-5.75
-3.75
-3.25
0.125
4.0
13.375
11.125
-2.0
-5.75
-3.875
8.125
9.5
-2.875
-4.25
-3.25
-6.625
-4.0
-6.75
-6.375
17.375
15.625
-12.75
-7.5
9.875
2.25
-2.75
10.25
6.5
-3.375
5.875
5.0
-9.0
-6.625
0.25
-15.375
-22.375
0.625
6.625
-13.25
-9.625
6.0
6.0
3.375
1.125
-4.625
-5.875
-2.375
-4.25
-13.875
-16.5
-13.25
-16.75
-14.5
-14.75
-12.0
1.875
-2.75
-8.75
-4.625
5.0
37.25
30.625
-15.375
-16.5
-7.625
-12.0
-11.0
-13.25
-18.625
-18.75
-18.5
-23.0
-26.25
-16.5
-1.0
-5.25
-13.625
-9.25
2.25
4.5
-5.625
-4.75
6.125
8.75
-3.0
-7.875
0.125
-9.25
-18.625
-13.875
-5.375
-15.25
-20.625
-6.75
-12.625
-2.125
-8.125
-38.5
-12.375
4.375
-14.25
-5.625
1.25
-3.125
1.625
7.375
-6.875
-23.0
-16.625
-13.25
-18.625
-18.0
-11.375
-14.375
-26.625
-24.375
-16.625
-10.25
-4.5
-17.75
-22.5
8.125
8.875
0.0
18.5
13.375
-0.5
-10.25
-11.5
-13.75
-12.875
-2.625
-5.375
-9.125
-5.5
-14.125
-27.125
-22.625
-18.5
-21.625
-21.125
-18.375
-14.375
-15.25
-15.0
-3.625
0.75
-9.0
-19.25
-7.875
17.25
16.25
-9.0
-25.125
-18.0
-13.0
-10.375
3.0
7.25
-1.25
-4.75
-3.0
-5.75
-3.75
1.25
-0.375
0.0
11.125
6.75
-9.0
-1.875
6.125
-4.875
-9.75
14.125
28.625
-0.5
-8.5
-9.0
-24.75
-9.75
1.125
-3.375
-14.0
-13.875
-3.125
0.875
12.25
15.125
5.625
-0.875
-2.875
-1.375
-4.875
-15.25
-21.75
-18.0
-13.5
-6.625
5.0
1.5
5.875
4.75
-20.625
-25.0
-2.5
3.75
-13.875
-12.625
-4.5
0.75
9.875
-6.25
-14.125
0.25
-3.5
-8.5
-9.125
-9.875
-7.75
-4.75
3.125
5.125
-6.25
-5.625
4.0
-10.5
-7.25
5.25
-1.375
-2.625
-14.75
-12.375
3.625
1.25
-3.5
-5.5
-10.625
-8.875
-6.5
-8.0
-6.625
-12.5
-21.375
-23.5
-24.375
-12.5
-19.875
-51.625
-21.0
23.0
-13.625
-48.25
-24.625
-6.625
-17.75
-22.125
-15.0
-15.0
-11.5
-5.125
-5.0
-16.875
-20.875
-13.375
-19.875
-27.75
-26.125
-22.75
-24.625
-16.0
-21.625
-45.25
-29.625
-14.625
-29.875
-17.625
13.625
21.625
-0.25
-0.625
14.125
-2.25
0.25
5.125
-6.625
-5.0
7.375
3.875
-16.75
-9.875
9.375
8.125
-4.625
-14.875
-13.75
-9.125
-4.25
0.625
7.5
7.25
-5.375
13.375
22.0
7.0
9.125
6.375
3.375
6.25
17.875
20.625
13.5
12.0
10.75
11.0
9.25
3.625
-2.0
1.875
7.75
6.0
5.5
2.375
9.25
27.875
24.5
-1.25
-13.125
-2.0
14.25
10.375
5.375
6.75
7.25
10.75
5.875
1.0
5.0
11.25
-2.75
-18.125
-8.25
8.875
6.125
-6.375
3.0
4.5
-6.375
0.5
15.25
15.5
0.75
11.875
38.75
10.625
-21.875
-11.875
-12.25
-11.875
1.0
-5.25
-20.875
-20.25
-2.25
-0.875
-10.625
-8.375
2.375
8.0
-3.125
-2.75
1.0
-3.25
-1.25
-4.0
-6.0
3.875
12.625
3.0
-6.125
0.625
-12.375
-23.125
-14.625
-12.875
-10.625
-1.5
4.25
-3.5
-5.25
3.125
2.625
5.0
5.625
2.75
13.25
-0.75
-11.875
5.25
-0.875
-11.125
5.0
-0.875
-31.5
-27.875
-14.0
-16.875
-8.625
5.25
8.625
10.875
9.5
10.5
13.75
12.875
12.125
8.25
10.0
