51.0
24.0
5.375
51.375
41.5
12.625
39.75
57.375
48.125
23.625
32.125
44.875
22.875
49.625
56.375
28.5
31.125
23.625
20.25
33.875
48.125
48.875
43.5
64.625
82.0
60.125
39.5
36.625
47.625
49.375
34.0
39.0
47.5
34.0
30.25
46.0
34.875
19.625
34.875
44.875
45.125
49.125
39.375
27.5
36.75
41.625
30.25
19.375
45.375
68.375
27.125
20.25
42.5
45.375
56.75
44.375
29.125
37.125
12.875
-6.125
6.875
-2.5
9.625
31.5
28.25
22.625
17.625
11.25
8.5
12.75
19.875
19.25
8.125
12.5
8.25
6.0
39.375
47.0
24.25
18.5
34.25
29.625
-7.5
6.75
56.75
54.25
27.75
18.5
37.75
56.0
55.5
40.25
45.125
53.0
26.75
18.875
36.375
59.875
55.125
37.125
35.25
26.625
16.375
25.875
54.5
78.75
69.625
63.25
77.125
68.125
64.25
68.375
53.75
69.875
88.0
62.0
55.0
64.25
53.75
46.0
47.625
52.375
45.5
36.0
32.875
21.375
16.125
25.25
30.0
30.75
47.625
41.875
12.0
30.375
56.25
44.375
34.625
46.75
62.375
45.625
26.0
22.875
24.75
26.75
33.375
36.25
33.0
27.25
16.5
30.0
39.375
29.125
33.25
34.25
32.75
27.625
13.0
29.75
40.125
37.25
54.875
52.375
12.875
-3.75
24.375
21.625
7.25
4.875
0.875
-3.125
-3.375
24.375
30.375
16.125
17.5
26.5
35.25
24.125
13.875
10.375
-0.375
0.25
-6.375
-20.5
1.375
20.375
4.0
-0.875
1.75
5.375
8.125
-14.5
-27.125
6.375
31.375
5.25
10.25
31.75
27.375
27.5
19.5
17.0
35.125
40.0
31.25
30.875
10.0
5.0
3.0
1.875
28.0
25.625
14.375
18.0
12.5
18.375
13.375
2.5
32.0
32.625
13.5
21.625
26.875
24.0
32.25
37.75
26.25
34.125
49.75
41.25
44.25
58.875
38.75
28.75
39.125
51.375
61.625
42.25
40.875
59.875
50.0
27.5
31.0
45.875
39.625
29.375
22.0
35.625
51.125
41.875
44.25
46.625
31.375
32.375
41.75
35.625
38.5
36.375
17.25
28.75
45.125
36.0
27.625
32.75
39.25
36.0
33.625
31.875
32.25
27.125
18.5
30.375
28.5
10.25
34.875
61.0
53.375
44.0
45.625
46.625
37.375
32.875
31.375
34.375
29.0
16.5
21.75
22.375
25.25
36.75
26.0
17.875
30.0
33.0
36.5
43.625
37.125
18.25
32.375
54.5
30.375
8.75
27.75
52.375
34.25
4.125
-3.625
7.375
29.625
26.25
23.25
29.625
37.25
49.5
43.75
38.5
38.875
45.25
41.375
28.375
31.375
20.875
16.0
25.25
17.5
28.625
56.5
55.375
42.0
35.75
36.25
37.625
32.625
26.375
-0.375
-7.375
2.75
-7.375
-1.0
0.125
4.0
21.0
30.625
49.375
50.875
43.125
49.625
52.875
35.75
16.5
26.125
29.625
35.125
43.5
7.375
-7.5
20.875
12.25
1.875
12.5
27.5
37.625
33.5
37.625
30.125
17.375
17.75
27.5
23.625
21.5
23.875
7.625
9.5
21.125
8.375
-11.625
3.0
7.25
1.25
27.25
34.125
15.75
7.875
7.625
19.375
22.625
10.125
9.625
12.5
12.375
11.125
-0.375
8.375
46.375
42.25
12.0
18.25
32.25
21.5
25.125
25.0
12.875
36.25
48.5
29.25
19.625
25.5
33.875
22.75
25.125
50.0
24.125
15.5
25.375
23.375
37.25
17.75
-1.125
7.75
18.25
5.75
0.375
18.625
14.5
4.875
16.25
7.75
-6.625
11.0
16.875
6.625
8.75
24.0
32.25
19.5
9.0
13.75
10.125
-4.75
-15.875
-3.25
6.875
-7.25
18.875
41.625
24.625
20.125
15.625
5.5
15.75
35.0
25.75
12.625
11.0
21.25
35.625
20.5
12.625
13.125
-4.125
5.75
33.625
34.0
6.125
4.0
27.0
35.0
19.25
-11.25
-7.875
20.75
3.375
-20.875
16.0
31.25
-8.625
-22.5
-7.625
14.625
33.625
23.75
18.0
10.75
2.25
22.375
31.25
9.75
8.5
35.125
43.25
26.25
0.75
-8.375
11.875
32.75
30.375
12.25
-3.75
-8.25
7.625
14.625
2.0
4.875
18.875
10.75
7.375
12.75
18.125
32.5
12.125
-0.125
9.625
16.625
21.375
6.75
12.25
7.25
-16.5
-5.75
11.625
7.875
-8.625
-22.0
-12.75
-5.75
4.375
21.5
12.125
0.875
18.625
34.75
34.5
34.25
22.25
4.375
-9.5
-5.0
16.875
18.5
19.75
26.375
13.625
14.375
23.625
22.125
24.75
33.625
34.875
17.75
10.0
16.0
15.75
20.625
16.75
-0.625
3.375
-3.75
-16.5
5.0
13.125
13.125
16.25
5.25
9.125
3.5
-4.0
6.5
10.875
15.0
16.625
7.875
1.5
7.375
9.0
-1.25
-16.0
-12.375
-2.125
0.25
5.375
-3.625
-13.125
-11.375
-5.25
6.625
11.125
14.125
-2.0
-7.125
5.75
0.75
20.25
29.25
13.25
20.5
25.25
28.0
30.25
9.75
0.875
10.375
12.875
8.875
10.25
13.0
7.875
-1.125
-7.0
3.0
30.625
38.0
27.375
25.0
18.25
8.25
9.625
10.5
2.5
21.0
44.5
15.75
-0.125
20.375
20.25
10.25
6.125
11.0
16.75
9.375
3.125
2.5
10.125
5.5
-4.375
14.75
20.875
10.75
3.0
-3.875
13.875
24.375
14.625
9.5
7.75
15.0
21.875
25.75
13.625
-8.625
-1.25
7.875
-5.875
-7.0
11.625
7.5
-0.75
7.25
11.75
7.5
-0.875
7.75
7.5
-1.625
22.25
26.25
10.75
19.875
18.5
-5.375
-4.25
21.75
18.25
10.625
12.625
6.875
-0.875
-11.375
-0.75
5.375
-6.375
11.25
30.0
6.875
-18.875
-10.625
17.5
30.625
18.5
9.125
14.875
19.75
11.375
1.5
-1.625
0.375
1.375
13.125
11.75
6.0
15.875
21.0
17.625
25.625
38.125
24.5
7.375
6.25
17.375
18.25
23.125
34.875
8.0
-10.25
-4.625
-0.375
-8.0
-16.5
0.375
22.875
33.375
16.625
-0.625
-2.5
-6.125
2.0
4.75
-4.875
-9.375
-25.5
-17.75
0.5
-10.625
8.25
29.625
9.5
-1.375
-8.875
-16.5
-3.625
6.875
1.125
-1.75
2.5
-8.375
-5.625
11.0
-8.125
-11.75
3.875
-15.5
-34.875
-20.375
-13.5
-16.0
-18.25
-33.0
-29.0
-23.75
-20.875
-20.25
-37.625
-49.625
-45.5
-36.125
-38.0
-43.25
-37.875
-39.75
-44.625
-35.125
-36.625
-63.875
-70.625
-46.875
-55.75
-65.875
-71.125
-76.25
-30.375
-22.875
-49.375
-37.5
-32.625
-48.125
-65.0
-69.5
-65.875
-58.5
-49.25
-63.375
-71.625
-66.875
-83.5
-86.375
-66.125
-62.0
-75.375
-73.75
-63.375
-62.0
-60.875
-48.5
-41.875
-56.875
-67.75
-70.625
-66.75
-46.5
-59.875
-92.25
-89.0
-86.125
-84.25
-79.375
-85.75
-83.0
-81.875
-76.625
-57.625
-51.75
-69.875
-74.75
-70.75
-78.25
-74.5
-73.0
-93.5
-91.125
-66.125
-77.5
-76.875
-47.0
-56.75
-72.25
-55.125
-51.125
-72.0
-84.125
-70.5
-61.5
-74.75
-75.5
-58.125
-54.625
-68.5
-61.875
-58.875
-82.25
-88.0
-70.625
-60.75
-77.625
-71.5
-54.125
-67.25
-80.125
-84.0
-81.875
-73.625
-74.625
-75.5
-64.75
-78.375
-80.75
-61.5
-71.25
-76.25
-74.25
-84.625
-85.375
-79.625
-85.25
-89.25
-79.5
-72.125
-60.625
-55.625
-74.125
-79.875
-68.875
-76.375
-87.5
-82.0
-61.25
-57.5
-68.375
-72.5
-74.25
-70.25
-76.625
-88.75
-84.25
-79.375
-92.25
-70.625
-57.25
-85.75
-78.125
-57.5
-53.0
-53.875
-60.125
-64.375
-76.625
-82.5
-79.125
-87.625
-100.875
-100.75
-107.25
-113.75
-95.875
-94.875
-80.125
-77.5
-91.75
-72.75
-75.5
-87.125
-80.375
-73.0
-74.5
-72.5
-63.625
-69.25
-89.0
-85.875
-76.125
-95.0
-85.625
-52.5
-49.75
-57.375
-68.125
-70.5
-69.625
-70.875
-75.875
-83.75
-81.75
-77.25
-82.875
-97.125
-89.875
-79.75
-89.875
-99.625
-91.75
-90.25
-80.25
-72.125
-96.625
-79.125
-53.5
-64.625
-80.0
-86.0
-80.75
-79.625
-82.875
-71.75
-67.875
-73.625
-54.625
-52.875
-65.125
-70.875
-85.625
-89.125
-72.375
-70.75
-75.25
-72.125
-88.875
-82.125
-62.875
-78.5
-73.25
-58.625
-73.125
-76.875
-65.875
-62.375
-61.25
-67.375
-75.375
-68.75
-78.25
-94.75
-93.75
-98.75
-101.125
-89.125
-82.875
-88.125
-81.875
-67.875
-62.875
-65.0
-65.0
-64.25
-69.375
-67.625
-66.25
-87.75
-92.375
-73.0
-71.0
-76.25
-75.0
-74.75
-78.375
-81.625
-76.25
-82.875
-85.5
-73.75
-78.5
-89.875
-81.375
-65.75
-73.5
-86.125
-79.25
-68.625
-63.75
-71.125
-88.0
-81.625
-84.125
-91.375
-67.875
-65.875
-65.125
-54.5
-85.375
-98.125
-82.5
-84.5
-74.375
-60.75
-65.125
-64.625
-61.625
-66.5
-68.25
-66.125
-70.875
-86.75
-84.875
-59.0
-57.375
-76.125
-91.375
-95.75
-66.75
-53.75
-79.0
-68.625
-51.0
-69.25
-71.625
-62.125
-68.5
-70.5
-68.5
-67.25
-70.5
-78.375
-65.375
-63.25
-77.0
-71.5
-69.75
-81.5
-68.625
-26.25
-21.625
-37.625
-36.5
-40.375
-39.0
-32.125
-43.125
-59.0
-65.25
-58.625
-63.5
-82.375
-86.125
-98.25
-98.0
-113.375
-148.625
-94.25
-43.625
-74.125
-71.75
-55.375
-70.625
-71.875
-64.5
-61.125
-67.75
-65.625
-47.625
-47.25
-56.625
-58.25
-66.0
-61.875
-54.25
-73.75
-76.75
-49.875
-28.25
-27.25
-37.625
-23.75
-26.25
-50.0
-33.375
-19.625
-40.125
-53.75
-40.75
-30.5
-35.25
-43.75
-43.375
-32.125
-35.375
-35.5
-23.125
-31.125
-43.625
-50.0
-38.75
-9.0
-15.625
-29.25
-14.375
-14.125
-30.75
-35.875
-29.375
-15.5
-11.125
-19.125
-14.875
-7.875
-14.625
-17.875
-2.0
-9.25
-17.125
27.5
22.75
-13.875
8.5
26.875
15.875
9.0
10.75
9.25
0.375
6.875
16.125
3.0
10.375
30.125
22.875
16.125
39.0
47.875
19.875
12.5
16.5
4.125
7.5
19.125
13.375
-4.25
-10.0
-14.875
-33.625
-35.0
-29.0
-28.0
-31.5
-37.125
-15.375
-5.125
-15.625
-15.375
-4.75
3.375
20.0
41.0
33.25
23.25
29.0
39.0
40.25
31.875
38.0
41.625
39.625
42.0
43.0
41.75
36.875
38.125
36.875
29.75
28.0
29.875
22.375
18.875
15.75
-20.125
-24.625
33.25
64.0
45.875
29.375
39.5
34.5
12.5
23.75
33.875
19.5
3.625
0.0
5.625
7.625
3.125
-0.125
5.25
4.0
11.875
17.625
-1.5
-8.875
6.75
17.25
17.375
35.125
41.0
33.375
35.125
31.375
22.0
15.75
23.25
31.75
28.75
32.25
38.5
34.75
37.5
34.625
34.375
36.75
22.25
22.0
32.25
35.0
42.5
38.25
24.625
33.375
46.625
38.125
27.875
31.875
28.0
24.625
31.5
37.875
38.0
31.875
24.75
19.875
11.5
13.5
25.25
37.25
32.625
9.25
12.5
28.0
34.5
30.75
25.875
33.125
35.0
36.0
44.375
36.25
31.25
33.875
17.25
6.25
-2.125
6.375
29.5
28.875
16.25
1.625
7.5
17.875
9.875
10.25
12.25
12.0
14.875
10.375
0.625
-10.125
-14.625
0.125
10.0
11.875
10.5
3.25
15.125
14.625
6.375
18.5
18.25
7.0
3.875
11.5
16.25
10.75
14.125
15.25
7.125
0.125
-7.0
-16.625
-15.0
5.875
17.375
13.0
6.5
21.625
28.125
23.125
18.5
3.5
5.375
11.125
14.125
13.125
2.125
2.375
3.375
-6.0
-7.875
-14.0
-24.5
-16.625
9.75
10.125
-8.5
6.125
11.125
1.0
3.375
-4.75
-6.125
5.0
4.5
-2.625
-10.0
-11.625
-9.375
-4.25
-8.875
-16.75
-29.375
-57.125
-26.75
39.5
49.375
16.625
0.0
10.75
13.125
4.0
1.75
-1.75
-5.125
4.625
11.125
5.625
2.5
-5.0
-9.75
-7.375
-10.125
-12.125
-19.375
-23.625
-21.125
-34.25
-35.75
13.875
46.0
29.5
13.75
8.0
8.375
7.375
6.0
-1.5
-8.875
-8.5
-8.125
-12.875
-21.125
-22.875
-24.5
-20.25
0.125
-1.625
-34.75
-32.0
-6.875
-14.0
-6.625
10.125
13.25
17.25
0.875
-8.375
3.625
2.75
-2.5
3.75
6.875
3.625
2.625
3.75
2.875
1.75
0.25
-1.75
11.125
15.375
1.5
5.875
13.125
6.625
0.875
-4.625
-6.375
0.25
8.25
-3.0
-17.375
-20.0
-20.75
-5.625
8.875
-3.5
-7.25
8.25
7.25
5.25
7.5
8.5
15.75
10.5
6.125
9.25
2.125
5.875
16.125
20.75
17.125
5.25
-7.5
-8.375
20.75
26.25
-4.625
-8.5
5.0
6.5
4.875
-6.375
-20.875
-16.75
-6.125
1.25
-1.5
-15.875
-17.25
-9.625
-18.125
-27.875
-14.5
6.375
-6.25
-37.875
-17.0
22.25
17.0
1.25
-0.875
-12.125
-18.75
2.375
6.25
-10.375
-6.0
1.375
3.625
11.75
3.375
-13.5
-23.25
-24.375
-1.375
8.75
-4.375
9.25
25.75
18.875
12.875
5.375
-18.125
-12.75
16.5
15.125
1.5
-9.375
-7.0
6.0
-2.375
-1.125
5.0
-2.875
-7.125
0.625
28.5
35.375
29.5
15.625
-5.375
-4.125
0.625
-2.625
-11.75
-12.0
-11.625
-3.875
21.875
26.375
8.375
6.5
11.0
16.0
20.375
9.125
-0.5
1.125
-2.0
-6.875
7.375
16.5
-5.5
-20.25
-9.875
-5.0
-17.5
-13.625
-0.375
2.5
1.25
-4.25
-7.75
-21.25
-18.375
19.75
18.0
-2.375
-2.5
-3.375
0.875
-6.25
-22.125
-27.75
-23.25
-19.625
-20.125
-21.25
-28.125
-27.875
-21.375
-31.625
-51.0
-66.75
-52.125
-30.0
-32.75
-25.75
-25.25
-28.625
-22.875
-24.25
-30.0
-38.625
-40.625
-27.5
-16.625
-41.625
-67.125
-62.25
-60.625
-49.0
-35.625
-43.125
-49.125
-49.375
-44.75
-43.0
-51.125
-52.125
-44.0
-35.0
-36.625
-48.0
-53.75
-59.625
-43.0
-21.0
-24.875
-12.875
-4.25
-26.25
-18.125
6.25
1.375
-3.5
-4.25
-0.75
2.875
-2.875
-20.75
-31.625
-20.75
-15.875
-19.125
-31.625
-31.875
-5.125
17.875
9.125
-4.25
7.0
15.75
15.375
11.0
6.25
0.625
-7.25
-17.625
-23.75
-35.625
-27.5
-5.875
0.25
0.375
-20.5
-23.875
12.375
26.25
8.25
3.375
12.25
21.0
18.5
7.125
-8.25
-20.0
-18.75
-24.375
-31.75
-18.75
-14.5
-19.5
-10.0
2.625
3.0
-0.5
2.25
4.375
3.25
6.25
10.75
13.75
8.375
0.75
0.125
-1.75
12.875
17.75
8.75
11.875
9.75
2.75
-4.75
10.0
23.0
13.75
7.75
3.375
10.375
14.125
8.875
3.25
4.125
5.375
-3.0
14.125
20.125
2.875
10.25
17.875
4.375
-5.375
15.0
18.75
4.875
8.75
13.0
13.0
4.625
0.875
2.375
-11.75
-19.25
-16.875
-20.25
-13.5
3.0
16.625
1.125
-14.875
0.25
-3.625
-15.75
-5.5
-7.25
-22.125
-18.875
-9.125
-10.375
-15.125
-10.5
-3.25
-0.75
-5.625
-2.75
4.0
-4.0
-2.75
0.125
-11.0
-8.75
-9.5
-11.875
6.625
9.75
-10.375
-13.75
7.75
11.0
-4.0
-5.0
-1.0
-2.625
-8.125
-7.5
2.125
1.125
-9.375
-6.75
3.625
15.625
19.125
15.25
13.875
16.375
10.0
2.375
5.25
5.25
2.25
4.25
12.0
1.125
5.0
46.125
47.75
-1.625
-20.125
1.375
22.125
19.625
0.875
-8.25
5.125
27.5
38.125
30.5
19.625
32.0
38.625
20.125
12.125
5.375
0.5
1.5
-12.25
-8.375
13.75
5.5
-12.375
-13.125
8.0
38.375
45.625
31.25
18.5
18.875
16.875
18.875
29.5
30.25
30.5
29.75
19.125
14.125
25.75
29.75
22.625
23.875
21.5
10.125
5.0
8.0
10.75
18.25
25.875
21.625
23.125
31.875
28.0
27.875
31.625
20.5
13.875
18.375
22.875
15.125
9.375
13.75
20.5
19.5
8.0
17.125
35.5
16.75
-14.0
-10.625
11.375
11.0
-4.0
9.125
28.625
30.625
24.375
9.375
1.5
1.125
2.25
8.75
12.875
19.0
15.75
-1.875
-10.375
-0.625
15.125
13.625
3.0
-5.625
-0.875
9.125
7.5
12.875
17.125
3.875
-2.75
15.25
14.375
-1.0
3.875
5.75
-9.75
-10.375
-7.25
-12.25
-1.375
-6.5
-19.5
-12.0
0.0
-0.25
0.75
12.75
24.875
31.5
15.125
1.75
21.0
21.875
10.25
14.375
11.25
1.25
-8.125
4.25
10.625
5.0
16.875
10.0
-0.125
12.875
15.25
14.125
8.875
14.75
36.0
35.375
33.625
35.25
30.25
29.25
16.125
-5.875
-11.875
-12.375
-15.0
-15.625
-0.875
8.125
-0.875
-5.125
-6.375
9.625
15.125
8.625
21.375
19.625
17.625
12.75
9.75
16.75
12.625
6.75
-1.5
7.0
17.5
13.125
11.375
10.125
7.625
13.125
20.25
7.0
4.375
22.0
20.5
25.75
40.25
31.125
20.0
3.125
-22.875
-14.75
14.25
21.125
30.875
36.0
16.875
7.25
3.5
-4.0
16.25
40.625
34.5
22.875
23.5
26.0
10.5
-8.25
-9.875
-2.375
3.0
3.0
4.375
3.375
0.0
7.125
5.5
-7.375
-11.5
-10.75
-1.0
8.875
4.5
3.25
8.875
18.0
8.75
2.0
24.0
29.625
16.5
12.25
9.875
6.625
5.5
4.375
1.125
-0.125
12.375
13.0
-5.5
-20.5
-16.5
6.875
20.5
11.375
12.75
28.25
23.0
20.875
26.375
9.5
2.5
18.75
21.375
-0.75
-3.25
8.5
3.875
7.25
8.625
8.125
14.5
10.75
16.0
19.125
12.75
20.5
23.375
27.625
25.0
1.75
2.0
9.5
-0.5
-8.25
-1.25
15.125
14.875
10.375
12.125
6.125
0.375
12.0
23.75
24.75
27.125
29.25
30.625
31.5
32.375
25.5
20.0
16.25
7.0
18.625
29.25
21.75
8.0
6.375
30.0
30.875
15.5
11.0
-2.625
2.625
25.0
26.5
9.875
8.875
31.0
35.5
21.125
22.375
33.25
32.125
18.75
14.375
15.875
17.0
24.875
23.125
34.75
39.0
11.875
1.125
20.875
35.875
17.625
-3.25
14.875
15.5
8.125
42.875
41.0
18.625
18.375
12.0
4.25
5.125
9.625
12.75
13.5
8.0
10.75
23.0
17.375
9.25
22.75
29.375
10.625
14.25
23.75
3.5
17.25
41.0
31.875
26.25
24.75
23.875
26.25
20.875
19.875
22.25
9.0
10.25
20.25
8.75
10.75
19.75
5.75
5.25
14.25
-1.875
-7.5
-2.5
2.75
10.5
2.625
15.875
39.75
33.0
30.25
18.0
2.75
17.0
17.125
5.375
7.125
13.125
4.5
-3.125
10.125
15.5
10.75
7.875
13.75
19.375
13.125
5.875
-9.75
-10.5
12.5
1.75
-20.5
20.5
57.125
29.625
4.625
8.125
7.625
-0.25
3.625
5.875
1.75
-2.125
-9.125
1.25
9.25
-0.5
-1.375
7.5
7.125
-1.75
-17.0
-17.25
8.625
20.625
19.125
12.375
2.75
20.0
40.0
38.125
28.375
17.125
8.125
7.875
19.875
26.875
23.25
15.125
4.375
6.125
10.0
4.5
-10.75
-39.0
-19.5
45.375
39.125
2.75
20.5
35.75
16.375
-3.5
-3.25
6.75
3.0
-3.25
4.75
6.5
1.375
3.25
-13.0
-16.75
8.875
3.25
7.625
17.875
0.75
20.0
33.25
13.375
12.375
24.75
25.25
11.375
4.375
10.875
17.375
16.75
10.875
-1.0
-12.75
-19.625
-19.75
-21.5
-34.25
-50.625
-42.75
-5.25
5.625
-24.75
-29.5
0.625
0.75
-13.5
-6.25
-9.75
-28.875
-33.0
-28.875
-36.625
-37.125
-28.75
-30.875
-33.375
-26.75
-18.25
-14.25
-10.0
1.75
-1.375
-19.5
-14.375
-7.5
-10.0
-11.125
-22.25
-34.625
-41.375
-31.875
-25.875
-14.125
1.25
-11.0
-25.75
-26.5
-19.5
-12.25
-2.875
0.0
-7.75
-9.25
-9.25
-18.625
-19.5
-27.875
-52.25
-43.25
-29.75
-43.5
-43.875
-25.5
-15.375
-13.625
-10.25
-21.625
-20.625
-8.375
-26.5
-28.0
-12.125
-22.125
-33.5
-29.125
-12.375
-9.375
-24.25
-36.0
-27.125
-2.875
-10.75
-24.625
-18.875
-25.375
-34.625
-19.625
-8.0
-12.875
-17.5
-13.75
-7.125
-16.875
-23.125
-21.5
-29.75
-37.25
-38.375
-9.25
0.5
-20.125
-7.0
-0.875
-8.375
-2.25
1.875
-2.75
-11.0
-11.75
-13.375
-14.625
-9.75
-17.625
-23.75
-16.25
-15.875
-27.875
-27.875
-17.75
-22.25
-24.0
-16.625
-21.5
-23.125
-38.5
-30.625
0.375
-22.5
-18.125
12.375
-3.75
-21.0
-20.5
-20.5
-10.875
-0.625
0.375
-1.125
-7.375
-9.25
-19.375
-24.375
-15.5
-18.5
-22.0
-16.375
-20.5
-34.75
-29.625
-10.625
-15.625
-21.25
-4.125
5.625
-1.75
-15.875
-26.625
-14.375
3.5
-1.5
-8.125
-12.75
-15.5
-16.375
-29.125
-38.625
-20.25
10.125
2.875
-16.125
-8.875
-5.625
-15.625
-12.25
-6.75
-16.375
-25.25
-26.375
-24.75
-17.75
-8.375
-17.0
-14.75
5.5
-1.25
-23.5
-36.875
-39.625
-16.25
3.625
-14.5
-22.75
-11.75
-9.875
-13.375
-14.125
-16.625
-12.375
-9.5
-16.5
-8.0
-3.25
-7.625
-7.75
-11.25
-8.875
2.125
-3.875
-14.0
-27.125
-58.375
-44.75
1.25
17.25
15.125
0.5
-8.375
-3.125
-3.25
-2.75
-7.5
-13.375
8.25
9.0
4.875
19.25
3.625
0.5
3.0
-5.375
-5.0
-11.875
-20.625
-26.875
-24.5
-6.375
4.375
0.0
-6.125
4.875
15.5
12.0
13.875
14.125
7.875
0.75
4.875
12.125
1.25
0.875
8.125
2.75
-4.625
-13.875
-15.75
-13.625
-22.25
-20.75
0.75
-3.875
-15.75
-19.375
-27.625
-13.125
1.625
-3.875
-19.0
-15.375
-12.5
-17.625
-3.25
-3.125
-14.5
-6.25
5.125
-8.0
-26.375
-27.75
-23.75
-10.875
-8.75
-22.25
-24.625
-30.75
-43.125
-38.125
-20.25
-4.125
-8.875
-22.375
-25.375
-32.75
-29.125
-8.625
-4.875
-11.125
-9.0
-11.375
-22.25
-34.875
-21.375
-16.25
-33.625
-29.0
-28.625
-41.75
-37.75
-20.875
-33.75
-45.25
-21.0
-3.0
-6.875
-18.125
-14.875
-19.0
-24.25
-23.625
-29.625
-30.125
-33.25
-44.0
-40.625
-31.0
-35.25
-27.0
-16.625
-21.25
-23.375
-19.125
-13.0
-0.75
-14.375
-42.0
-28.625
-22.875
-35.625
-12.75
2.25
-9.75
-14.0
-8.125
-9.5
-17.125
-11.625
-8.125
-17.0
-20.5
-15.625
-11.625
-10.375
-11.875
-12.25
-15.75
-16.125
-13.5
-27.75
-25.0
-11.0
-24.0
-15.75
-13.125
-41.5
-30.5
-1.5
-15.0
-23.875
-1.125
-1.125
-16.25
-17.375
-22.0
-27.25
-25.625
-26.375
-37.75
-29.125
-4.875
-1.75
-11.25
-22.25
-19.5
-8.25
-1.375
-5.125
-4.125
3.875
-5.25
-14.875
-19.625
-21.25
-17.5
-14.625
-16.0
-25.375
-26.75
-19.25
-16.5
-17.375
-31.5
-37.625
-19.125
-21.875
-29.625
-12.625
-29.0
-63.25
-39.375
4.0
2.0
-22.625
-32.0
-24.5
-16.625
-24.5
-36.0
-22.25
-16.5
-31.75
-27.625
-17.875
-12.875
-2.25
-4.125
-9.875
-15.0
-18.0
-12.625
-12.875
-11.125
-11.375
-25.125
-27.875
-14.625
-17.5
-20.625
1.875
9.5
-6.25
-19.5
-27.875
-27.625
-13.375
-12.125
-25.375
-18.875
-12.625
-13.125
-8.75
-7.5
-13.375
-17.5
-17.625
-25.875
-17.0
-12.375
-18.375
-9.875
-19.625
-37.25
-25.75
-13.5
-20.25
-23.625
-30.5
-34.75
-29.125
-14.375
-8.25
-19.625
-24.875
-41.125
-52.625
-29.625
-16.875
-15.625
-3.5
9.5
-1.375
-18.375
-9.75
-14.125
-35.0
-28.375
-12.25
-5.5
-9.125
-15.25
-7.25
-7.875
-9.25
-3.375
-2.0
-8.0
-21.125
-21.625
-20.875
-27.625
-32.75
-36.5
-30.25
-27.625
-41.125
-25.5
-14.125
-31.25
1.0
15.0
-8.375
0.0
-4.125
-16.75
-6.375
-11.75
-21.25
-13.375
-17.0
-23.0
-15.875
-6.0
-1.75
-8.375
-9.125
1.0
4.5
-5.125
-12.875
-15.375
-15.75
-8.875
-16.5
-19.0
-12.375
-15.875
-26.375
-25.125
-12.75
-13.375
-14.625
-6.0
-5.25
-22.25
-23.5
-14.5
-12.25
-6.375
-10.125
-19.375
-21.875
-18.75
-18.75
-28.625
-40.0
-32.25
-9.625
-28.5
-59.375
-51.375
-33.875
-21.25
-16.5
-28.5
-35.5
-21.5
-13.125
-18.625
-19.0
-20.25
-34.75
-31.0
-7.875
-1.5
-23.75
-38.875
-33.25
-22.25
-12.875
-23.625
-29.875
-19.125
-24.25
-32.125
-25.0
-19.0
-11.5
-13.625
-34.125
-33.375
-18.25
-30.125
-41.0
-36.25
-27.75
-10.75
-12.25
-22.875
-22.25
-29.5
-31.5
-35.5
-36.75
-16.625
-3.375
-13.375
-12.125
-5.75
-13.5
-10.125
-0.375
0.125
10.5
7.375
2.5
4.875
-8.75
4.75
20.5
10.375
-2.75
-6.875
-11.375
-8.875
12.625
8.875
-5.5
16.25
29.875
8.125
7.625
22.375
18.25
7.75
-4.125
0.0
7.5
9.125
15.375
20.25
24.25
25.375
21.75
18.25
15.875
8.125
11.125
30.125
23.5
1.0
11.125
39.375
44.75
27.5
21.25
29.375
46.875
60.25
56.75
50.5
37.75
41.5
43.125
28.625
27.875
42.375
46.75
40.0
50.375
54.0
33.25
23.375
45.75
57.125
37.625
47.5
68.875
53.75
50.125
63.875
70.0
68.375
48.375
42.625
53.0
33.75
32.25
52.625
48.375
30.0
13.875
38.75
57.75
32.375
33.625
39.875
28.0
40.75
50.375
41.5
37.75
46.0
60.0
61.375
58.375
56.625
56.5
56.125
38.875
41.875
61.875
54.5
50.5
57.25
45.5
50.25
54.75
43.875
43.375
27.875
17.125
28.25
35.625
34.375
40.125
55.375
50.375
40.375
42.25
33.875
24.875
33.125
48.875
48.0
38.375
48.0
48.5
40.875
32.0
39.875
69.125
59.75
46.125
42.875
39.25
44.5
36.625
22.625
17.125
33.5
53.75
51.125
33.875
20.625
41.0
56.5
45.875
49.25
59.875
54.375
44.875
49.25
50.375
48.75
46.75
49.875
50.0
57.875
65.75
58.0
49.25
36.25
23.875
21.0
44.5
60.375
41.375
44.625
65.75
56.75
57.75
65.625
63.625
66.5
69.875
67.375
55.125
52.0
44.625
32.375
30.0
24.5
38.25
44.75
18.625
22.75
46.875
39.25
36.125
51.625
52.75
43.5
39.125
33.625
37.25
46.0
40.375
37.125
48.5
55.0
48.625
54.375
64.375
59.0
55.5
65.25
73.0
67.125
48.25
34.125
22.875
5.125
32.25
74.5
59.875
39.125
27.625
17.25
16.25
21.0
25.875
17.875
26.125
39.375
42.125
41.0
38.5
41.25
36.0
30.125
43.5
50.5
37.5
39.125
46.75
41.5
36.75
30.625
21.375
40.5
49.0
38.875
37.25
22.0
17.0
26.0
26.75
20.625
23.875
38.0
45.125
39.125
30.375
35.875
38.75
30.25
35.0
21.625
-0.75
20.75
32.375
24.75
37.5
43.875
41.5
34.25
20.5
8.125
11.375
32.25
35.0
26.0
23.75
21.625
25.875
28.375
24.375
32.25
36.25
21.875
21.75
16.75
-7.875
0.25
29.0
15.375
2.875
20.75
18.875
16.375
17.25
11.0
-1.125
-8.75
-14.25
-18.125
-2.75
-1.5
-13.0
-9.5
-3.75
-15.125
-37.125
-30.25
-19.25
-31.75
-32.125
-20.125
-14.25
-22.125
-28.5
-35.625
-44.875
-25.125
-15.125
-31.375
-30.125
-30.125
-38.5
-40.375
-31.5
-25.5
-33.125
-46.875
-49.5
-56.25
-68.25
-65.5
-49.375
-37.5
-43.25
-47.625
-52.75
-62.25
-66.25
-53.375
-36.0
-36.25
-43.375
-47.375
-42.875
-27.75
-24.125
-33.5
-37.125
-27.625
-24.125
-26.5
-23.625
-17.375
-17.625
-30.375
-34.0
-39.125
-41.625
-32.0
-44.125
-54.375
-40.375
-35.25
-36.5
-32.0
-21.0
-15.375
-17.375
-14.25
-24.625
-46.125
-40.875
-27.875
-32.875
-39.25
-53.0
-59.25
-45.625
-34.75
-35.875
-33.625
-25.875
-24.25
-31.75
-27.25
-3.5
-9.0
-27.0
-16.5
-11.5
-16.625
-19.125
-37.0
-42.75
-19.75
-14.625
-14.875
-10.5
-26.375
-40.125
-32.375
-21.25
-28.75
-40.625
-34.0
-23.25
-25.375
-21.5
-20.875
-28.25
-26.625
-37.875
-38.75
-14.25
-7.5
-14.875
-21.625
-23.375
-15.25
-10.625
-11.625
-14.25
-15.625
-20.25
-31.375
-35.125
-34.5
-42.25
-42.375
-27.875
-20.375
-34.75
-43.125
-31.125
-29.75
-36.0
-44.0
-36.125
-20.625
-28.0
-28.75
-28.5
-36.375
-33.625
-31.375
-36.75
-42.0
-38.5
-39.0
-45.875
-35.0
-27.875
-41.125
-42.5
-41.25
-42.25
-31.875
-49.75
-73.375
-51.25
-16.875
-1.75
-4.0
-17.125
-26.0
-25.625
-21.125
-28.5
-44.5
-35.0
-18.875
-21.0
-35.625
-38.25
-32.0
-43.0
-39.75
-32.875
-35.875
-34.5
-32.25
-32.625
-43.5
-41.375
-24.5
-19.25
-28.875
-43.125
-39.75
-32.75
-39.0
-47.625
-41.5
-30.375
-34.375
-31.375
-22.875
-14.125
-6.375
-16.75
-30.25
-18.375
-8.5
-20.875
-18.625
-17.625
-37.625
-40.75
-30.125
-35.375
-35.875
-41.125
-54.0
-56.875
-35.125
-3.375
-6.875
-29.25
-34.875
-24.0
-21.5
-31.75
-43.5
-38.625
-15.625
-13.875
-32.5
-33.75
-35.625
-31.5
-14.375
-18.25
-25.25
-26.5
-25.125
-28.625
-55.625
-59.125
-29.5
-23.75
-35.5
-33.375
-26.25
-28.375
-31.125
-27.625
-24.625
-20.5
-11.125
-13.625
-21.875
-20.0
-25.5
-34.375
-37.875
-32.5
-17.625
-22.5
-33.625
-39.625
-49.125
-51.625
-40.5
-22.75
-24.75
-37.125
-30.625
-27.5
-30.25
-33.125
-43.25
-43.375
-38.375
-40.0
-41.375
-35.125
-35.625
-38.75
-21.125
-12.25
-23.5
-37.25
-41.375
-20.875
-11.25
-25.75
-32.875
-37.0
-43.375
-50.0
-41.0
-34.0
-38.25
-25.875
-15.75
-20.375
-18.5
-17.875
-22.75
-20.0
5.375
6.375
-22.625
-22.625
-13.5
-17.125
-30.75
-33.25
-28.75
-34.375
-37.75
-38.25
-41.625
-37.25
-23.75
-13.625
-16.125
-28.0
-24.375
-18.5
-29.5
-27.625
-14.0
-11.25
-12.125
-20.875
-33.625
-23.0
-17.25
-29.75
-25.0
-13.75
-27.375
-44.5
-37.25
-22.5
-23.875
-31.0
-23.75
-16.125
-16.875
-10.5
-0.375
-17.625
-29.625
-18.875
-15.375
-12.625
-18.25
-24.625
-27.125
-36.25
-37.5
-28.375
-29.75
-33.875
-21.625
-14.0
-16.625
-26.5
-38.875
-39.875
-40.25
-20.375
0.625
-13.25
-25.625
-27.875
-25.375
-14.75
-10.375
-11.875
-13.5
-10.375
-1.25
2.125
-8.25
-17.375
-11.125
-15.875
-29.25
-16.125
7.0
-18.875
-50.75
-30.25
-17.25
-25.0
-38.75
-47.25
-34.25
-26.625
-36.375
-39.0
-27.5
-33.875
-28.25
-0.75
0.0
-8.75
-2.5
-4.75
-20.375
-17.875
2.75
10.875
-1.625
-7.125
-4.125
-15.0
-15.375
-12.125
-19.75
-11.125
-4.375
-14.875
-29.375
-32.5
-31.25
-27.625
-5.0
10.625
7.0
-5.625
-5.75
9.125
9.25
-9.0
-20.625
-20.875
-19.5
-18.25
-15.5
-21.375
-27.5
-24.625
-32.375
-41.5
-36.875
-34.25
-27.625
-19.125
-13.875
-20.75
-18.0
-3.625
-11.625
-27.5
-36.125
-37.125
-41.625
-35.875
-11.625
-16.625
-24.75
-2.375
-1.125
-15.0
-14.375
-13.25
-16.125
-13.75
-6.5
-12.0
-40.5
-44.125
-22.375
-32.875
-22.75
8.75
7.75
0.25
-12.375
-21.25
-30.625
-40.375
-31.0
-9.875
-6.75
-35.125
-51.625
-38.625
-29.625
-35.75
-53.625
-67.75
-58.375
-44.0
-25.875
-15.5
-29.625
-42.875
-28.875
-18.5
-27.5
-16.25
-1.5
-1.625
-5.0
-12.0
-17.375
-11.125
-5.875
-3.25
5.5
7.75
-4.125
-12.0
-9.375
-4.625
-11.0
-38.0
-42.75
-19.75
-15.375
-8.375
3.5
10.625
10.375
-12.75
-28.875
-27.0
-20.75
-22.5
-24.625
-12.875
-7.125
-3.625
16.25
22.375
2.5
-10.25
-9.75
-10.25
-16.0
-20.375
-17.0
-3.875
2.5
-27.125
-48.25
-10.5
10.375
-17.375
-24.0
0.625
4.125
-13.875
-15.375
-1.75
3.75
-15.375
-32.625
-15.125
5.0
-11.375
-32.625
-42.0
-31.625
6.375
27.0
20.0
4.5
-16.125
-36.375
-30.25
-15.5
-29.375
-44.0
-28.25
-4.5
-3.875
-31.125
-47.375
-40.625
-38.125
-43.375
-40.375
-28.625
-18.25
-3.375
-5.0
-15.0
-25.125
-39.0
-36.0
-23.625
-19.0
-22.0
-8.125
-5.75
-17.125
-6.75
0.375
-11.0
-21.25
-16.25
0.125
-1.0
-23.125
-31.625
-31.625
-32.875
-28.5
-24.5
-13.625
2.375
14.5
13.375
12.125
27.375
21.125
-6.875
-6.875
15.625
2.25
-24.0
-27.75
-36.625
-37.125
-14.875
-3.0
-3.125
9.0
24.625
35.25
38.625
24.0
10.5
8.875
13.125
28.25
26.875
-12.25
-34.625
-14.875
-8.5
-4.125
21.625
36.375
25.375
7.125
-3.5
-2.625
-10.625
-14.125
5.75
18.25
19.0
2.75
-2.25
23.25
26.625
11.75
6.375
0.625
4.625
8.625
-5.75
-4.875
15.625
20.875
7.375
-9.125
-17.125
-10.25
7.25
14.0
9.25
-3.625
-8.75
-6.75
-13.5
0.0
23.375
27.625
5.875
-17.625
-9.375
-13.375
-31.625
-13.0
14.875
20.5
-4.0
-21.75
-1.875
-3.875
-13.25
-10.625
-17.25
18.0
21.0
-19.375
11.125
25.75
5.25
18.25
16.625
17.25
47.75
44.75
6.25
-1.0
2.25
-13.625
-11.375
18.125
24.375
14.25
9.375
-8.75
-22.875
-22.875
-21.875
-3.25
27.125
32.75
18.75
3.125
13.125
25.75
6.5
-2.375
4.75
2.375
-2.25
-4.25
-7.75
0.125
17.875
27.875
11.5
-8.125
-6.875
-11.125
-18.375
-14.875
-17.5
-24.75
-16.0
-1.625
3.125
11.25
21.875
8.875
-0.25
7.375
7.75
13.125
28.875
25.625
10.75
25.125
32.5
14.125
5.375
1.625
3.0
25.5
29.875
-25.625
-61.125
-44.0
-29.875
-29.875
-23.375
-10.0
9.5
34.375
22.0
-8.625
-19.5
-38.75
-31.875
-1.375
0.25
3.625
7.75
-7.0
-18.75
-12.75
16.75
32.375
13.5
11.625
26.5
33.625
37.125
7.0
-33.75
-20.375
-11.75
-43.5
-28.125
13.75
27.375
16.5
15.5
16.75
-16.75
-13.5
11.875
9.25
10.25
17.5
25.25
42.0
41.625
4.875
-12.5
-3.875
-1.25
12.5
32.0
40.75
15.75
-26.75
-35.0
-24.0
-21.625
-33.125
-31.0
6.375
16.375
-9.125
-20.75
-12.25
0.625
1.125
-7.25
-9.5
3.875
6.875
-12.0
-32.25
-24.875
9.75
14.0
-3.125
-5.875
-23.25
-34.875
-15.5
-10.375
-18.875
-3.875
6.75
-6.25
4.625
12.375
-11.375
-6.5
18.75
15.75
-2.625
-6.75
15.75
19.0
6.125
5.25
9.375
20.5
6.625
-12.25
-17.125
-16.75
-7.625
0.5
5.875
-0.5
-1.125
-1.375
-8.25
-6.0
-8.875
-8.625
0.25
-3.25
2.125
20.5
20.75
8.25
1.375
-0.375
4.75
24.75
42.0
12.75
-14.625
7.625
12.375
11.125
6.5
-17.5
-24.0
-7.125
-2.75
-9.375
-11.0
-14.25
-4.75
3.625
1.0
-4.625
-7.125
-6.25
-7.125
-14.875
-15.0
14.75
40.25
22.875
-3.625
5.25
7.25
-13.75
-7.25
-3.625
-16.125
-14.75
0.0
8.375
11.625
0.375
-17.0
3.375
8.125
-16.25
-21.375
-19.75
-16.25
-10.875
-8.875
-4.25
-2.375
-5.625
-22.25
-26.5
-13.875
-6.0
-0.25
-15.0
-33.0
-7.5
12.375
-5.75
0.375
19.625
14.375
-3.125
-7.75
12.875
12.125
-15.625
-9.375
14.25
11.125
-1.125
-8.25
-11.75
-19.75
-14.625
10.25
10.625
-1.0
-5.125
-12.25
-10.75
7.625
13.625
-5.25
-25.625
-49.375
-57.0
-30.5
-0.5
-5.75
-22.375
-11.375
-2.5
-5.0
-0.75
3.125
-0.375
-3.75
9.625
6.25
-28.625
-19.125
0.625
-9.5
-6.625
-0.75
-2.5
-13.75
-9.25
10.75
18.0
1.5
-7.375
-1.875
-1.375
-6.5
-3.125
7.625
9.625
14.5
18.375
4.125
-8.25
-13.5
-15.875
-1.0
11.0
16.0
23.5
21.25
-8.0
-22.125
3.625
20.25
2.75
-19.375
-23.0
-16.375
-9.125
-5.375
-5.375
-12.25
-6.75
1.625
-2.25
-15.25
-25.125
-0.875
21.5
21.75
12.25
-1.125
-10.125
-18.75
-20.375
-17.125
-7.25
-4.25
-12.875
-3.5
-0.5
-3.375
-6.25
-33.375
-44.25
-32.5
-16.875
-8.625
-10.5
-8.125
7.875
22.0
23.625
21.5
13.5
8.875
-0.625
-9.25
-15.875
-21.875
-14.625
-15.125
-20.0
-0.625
10.75
-17.0
-17.75
-0.625
-18.5
-23.375
-3.625
-2.0
-15.5
-1.75
2.0
-17.25
-13.0
5.375
14.375
9.875
3.0
0.375
11.5
16.25
4.5
-8.875
-16.75
-0.5
-6.625
-21.125
2.875
4.125
-12.375
-26.25
-19.625
6.125
6.0
3.5
8.375
0.375
-0.25
-2.125
-17.125
-11.875
4.625
-0.25
-9.0
-11.875
-19.625
-12.25
-4.125
-8.0
3.5
9.25
-4.125
-12.875
-29.625
-33.5
-18.75
-20.75
-32.75
-38.75
-28.5
-6.375
2.875
-2.875
-12.875
-21.0
-17.5
-17.0
-7.625
7.875
-12.0
-23.25
-8.125
-4.0
-7.625
-10.625
-3.5
-6.5
-24.0
-37.25
-44.25
-33.5
-15.75
-13.5
-15.625
-7.375
11.125
18.0
3.125
-11.0
-20.5
-10.625
-3.875
-23.625
-14.25
5.0
-11.75
-6.0
-2.75
-34.75
-39.875
-20.875
-20.5
-33.125
-28.375
-6.875
6.25
6.25
16.375
20.625
9.125
4.25
-1.375
-13.5
-8.875
4.125
2.75
-26.125
-54.625
-41.75
-21.625
-21.375
-23.375
-17.375
-9.5
4.0
11.5
-19.375
-49.625
-29.625
-7.375
-18.5
-24.0
-15.375
-20.125
-5.375
2.25
-1.75
0.375
-4.875
-6.0
-15.25
-16.375
-5.25
1.125
6.375
4.25
-1.125
-0.375
1.875
15.875
21.25
4.375
-8.5
-9.25
-15.75
-14.25
2.25
5.5
3.75
4.5
2.375
0.0
-4.25
0.0
1.125
-3.5
0.375
5.25
7.5
-0.5
-18.75
-25.875
-18.375
-8.25
-2.625
-6.75
-21.875
-26.0
-18.5
-11.875
11.0
15.5
-1.75
0.875
-3.5
-33.875
-40.75
-23.125
-16.875
-7.0
-2.0
-8.25
-5.0
-10.5
-15.75
-2.375
4.625
5.625
10.875
22.5
10.875
-14.5
-2.0
10.5
-10.375
-25.875
-13.75
-4.375
11.0
10.125
-19.375
-19.75
-4.5
2.25
-14.625
-16.375
9.125
8.5
-6.375
-18.5
-19.875
-25.5
-36.375
-23.875
-5.875
-2.25
-11.5
-28.875
-23.125
-7.0
-13.0
-16.5
-19.25
-30.125
-34.875
-22.875
-10.25
-4.375
-0.5
-9.875
-10.875
7.5
12.125
9.75
-1.0
-18.0
-7.625
12.375
5.375
-31.75
-25.375
5.5
-9.5
-2.25
11.25
-5.5
-9.125
-18.5
-23.75
-6.25
-9.25
-15.25
3.375
7.875
-13.375
-11.75
-2.25
-16.0
-31.625
-39.0
-50.375
-46.125
-12.25
4.0
-19.125
-19.375
18.5
12.25
-15.375
-26.625
-14.375
2.0
-13.75
-22.375
-27.75
-30.25
-16.25
-10.125
-9.0
-9.25
-4.375
-4.625
-8.75
2.625
-3.5
-26.5
-18.25
4.75
-1.5
-13.25
0.875
16.75
-9.625
-12.5
5.25
-21.625
-37.5
-26.875
-27.625
-17.625
14.125
21.0
0.375
-15.0
-24.375
-8.125
7.875
1.375
0.625
-6.375
-0.25
9.375
-6.875
-23.375
-28.875
-23.0
-15.625
-16.125
-16.25
-18.375
-14.375
-1.375
-8.375
-19.5
-17.125
-12.0
-2.875
6.75
6.625
-10.75
-10.875
-5.125
-13.375
-26.0
-26.875
-16.0
-8.125
-0.75
5.625
6.25
-6.5
-21.5
-23.75
-14.75
4.625
2.875
-22.0
-35.375
-38.25
-34.25
-16.75
-7.375
-16.75
-21.875
-5.25
-11.75
-39.0
-30.25
-13.125
-5.875
-15.0
-30.625
-21.5
-7.75
-0.125
4.375
-11.75
-13.375
-2.375
-10.5
-12.75
-4.625
-6.625
-24.75
-26.625
-2.125
8.0
-7.75
-22.0
-19.5
-12.25
-8.125
-8.375
-7.375
-13.0
-13.5
-1.875
-4.5
-5.125
-4.0
10.75
28.375
9.0
2.625
5.75
-5.75
-7.5
-23.5
-34.125
-11.75
-6.125
-24.875
-17.125
4.375
-0.5
-6.375
-0.75
10.625
10.75
1.75
2.0
-1.125
-2.375
13.25
17.0
5.25
-1.875
1.25
14.0
-5.625
-18.125
3.625
-4.0
-17.25
10.625
25.375
0.5
-13.625
6.25
19.875
13.5
10.25
16.375
15.75
9.0
12.625
12.5
5.5
8.125
13.625
16.75
9.75
-10.375
4.75
27.75
15.0
-7.625
-13.625
-15.375
-44.5
-53.375
-22.375
-11.125
-11.875
-11.0
-28.75
-23.0
-4.875
-8.375
7.875
15.25
12.125
21.375
-0.5
-15.125
-1.625
1.875
-4.0
-12.0
-8.0
4.375
-2.75
-0.375
4.25
-12.5
-11.875
-4.25
2.125
20.75
19.125
5.25
3.125
-7.125
-8.625
1.75
-1.25
-4.875
-18.5
-18.0
6.25
12.875
-8.5
-20.0
6.875
10.5
-1.625
-3.875
-14.125
-11.625
3.25
7.625
2.0
0.25
-4.375
-4.0
-4.375
-10.625
8.75
21.5
16.25
9.0
-2.625
-1.625
5.625
10.0
-2.875
-16.875
1.25
16.375
-7.0
-6.5
18.25
13.25
2.875
7.125
10.875
13.875
12.125
-13.625
-26.75
-20.375
-10.75
8.75
12.625
5.25
0.0
-3.0
8.125
12.0
9.625
3.5
-9.0
-16.0
-11.5
-1.5
-2.375
-5.625
-10.875
-2.375
0.75
-15.25
-12.875
-6.0
-0.25
-8.25
-34.75
-16.75
20.75
11.5
-9.0
-6.25
7.125
9.875
10.0
5.875
-3.625
-9.75
-9.125
-3.5
-26.875
-33.25
-18.5
-23.75
-24.125
-31.375
-34.125
-8.625
0.5
-18.75
-23.625
-11.75
-7.5
-13.25
-9.125
-8.0
-31.125
-53.875
-55.125
-44.0
-30.75
-9.625
-14.25
-14.875
12.0
14.5
15.625
-9.125
-34.875
-16.5
-12.625
-1.875
11.75
12.375
5.625
-15.75
-25.375
-17.5
-11.0
-39.25
-45.375
-26.375
-25.0
-4.375
21.875
14.75
3.875
-4.25
-30.0
-44.625
-35.375
-21.5
-15.375
-1.875
8.75
5.125
10.0
18.25
8.25
-2.0
-10.0
-20.75
-20.5
-13.0
-14.25
-27.5
-15.375
1.75
-16.625
-21.125
0.0
-1.125
-16.25
-23.375
-14.75
-12.625
-17.75
1.875
9.0
1.25
12.875
26.5
17.5
6.125
8.125
-1.5
-0.375
15.625
5.625
-10.625
-17.875
-42.625
-28.75
9.0
-16.25
-21.25
17.0
11.625
-8.25
0.25
8.875
-7.75
-35.25
-35.625
-21.0
-14.0
-2.25
-5.875
-11.375
-13.0
-30.25
-32.625
-36.5
-39.25
-24.5
-35.125
-17.25
28.375
27.375
16.375
13.625
1.5
-8.125
-3.25
-1.375
-9.125
-14.375
-18.5
-20.625
-10.5
-10.25
-23.5
-22.0
-25.625
-23.5
0.25
8.875
5.375
2.75
-5.625
-10.25
-9.75
-5.0
-6.375
-19.5
-13.0
2.0
0.375
-5.125
0.25
6.75
10.625
18.25
11.375
-21.375
-43.625
-49.25
-48.5
-26.875
-15.0
-9.25
1.0
-12.5
-31.875
-12.0
19.625
11.875
10.75
20.5
6.0
-1.125
15.875
32.75
27.75
4.25
-2.5
-1.625
-22.0
-26.75
-27.875
-21.5
1.25
-3.125
-6.5
-11.25
-26.625
-24.875
-12.0
-6.25
-5.5
-6.75
-23.375
-32.375
-15.125
2.375
-4.0
-7.75
-7.875
-13.625
-4.5
-3.25
-16.375
-22.0
-23.75
-30.375
-20.5
-11.875
-33.875
-40.0
-3.75
21.0
-2.625
-15.625
9.125
9.25
-2.125
0.5
6.25
15.25
8.875
-7.375
-15.25
-17.125
-16.125
-10.375
-6.375
-21.375
-36.5
-38.625
-40.625
-32.125
-10.75
5.125
-2.875
-9.5
-10.875
-5.25
-3.125
-3.25
5.0
15.625
19.75
2.5
-0.5
1.5
-4.0
-5.375
-7.625
-3.875
-5.5
-7.25
0.375
5.125
1.5
-1.875
-6.5
-7.125
3.75
-6.875
-34.625
-24.375
-7.0
-25.75
-2.25
21.25
-5.5
-18.5
-12.25
0.875
-1.0
0.25
20.25
30.25
27.0
19.625
26.0
36.875
26.125
8.0
-9.75
-18.625
-16.75
-28.25
-39.5
-32.875
-28.5
-27.375
-19.5
1.0
12.0
7.125
19.75
32.25
21.25
-4.875
-12.25
-2.5
9.25
19.75
2.625
-15.75
-15.5
-17.25
-27.0
-36.5
-26.75
-12.0
-3.5
3.625
5.625
-2.25
5.25
19.5
17.625
25.5
37.0
31.5
9.25
-9.0
-7.5
5.375
7.625
5.875
10.5
6.0
0.875
0.625
-16.125
-34.75
-21.375
-16.25
-38.0
-52.0
-28.5
-10.75
-25.75
-10.125
-9.375
-34.625
-15.375
1.625
-19.75
-25.5
-15.625
-19.25
-20.125
-17.625
-27.875
-33.25
-24.5
-31.375
-29.125
-24.375
-28.875
-17.375
-15.375
4.5
15.375
1.375
-2.5
-16.0
-13.0
0.625
-9.75
-21.0
-12.5
-2.875
7.25
5.25
-10.75
-3.0
13.25
5.75
-9.25
-12.0
-9.5
-8.625
-6.125
-4.25
-5.25
1.125
4.5
-9.125
-18.125
-14.75
-19.625
-28.0
-20.5
-20.125
-40.625
-51.0
-38.125
-15.625
-12.125
-22.875
-24.0
-8.25
5.5
-11.625
-22.375
-18.375
-27.25
-23.5
-20.375
-25.5
-16.625
-17.0
-24.125
-21.25
-23.625
-25.75
-7.0
4.875
-5.0
-16.875
-24.625
-30.375
-35.125
-32.75
-17.5
-7.625
-19.875
-32.375
-25.75
-9.0
-11.5
-21.5
-31.0
-52.5
-52.0
-26.5
-1.625
-3.5
-15.625
-17.0
-23.5
-10.75
-7.5
-35.25
-29.25
-12.0
-17.125
-18.5
-21.875
-31.0
-32.25
-25.625
-21.0
-27.0
-27.25
-9.5
-8.25
-21.125
-23.75
-30.5
0.125
13.625
-22.5
-10.875
7.625
-13.375
-21.375
-13.125
-9.375
-17.25
-28.375
-22.75
-15.625
-14.75
-18.5
-28.875
-31.25
-26.125
-24.25
-19.5
-22.25
-20.0
-5.125
-11.375
-17.75
-7.875
-11.625
-31.875
-44.0
-29.5
-7.0
-19.75
-29.375
0.125
4.5
-30.625
-44.75
-18.0
-4.25
-13.875
-7.125
6.875
7.25
-4.375
-7.0
10.375
14.0
-1.375
-22.125
-36.875
-22.0
-10.125
-15.5
-14.75
-2.125
9.125
12.25
-4.125
-20.5
-8.25
-1.5
1.25
6.375
-9.375
-16.25
-2.625
-5.375
-8.5
-7.375
-9.75
-6.25
-5.375
-6.125
-17.5
-34.625
-51.875
-60.0
-48.25
-36.25
-23.0
6.875
28.5
14.0
4.0
9.875
2.5
-17.0
-14.5
3.0
-6.25
-9.25
-5.5
-5.5
-6.75
-18.875
-16.25
-5.875
-2.0
-7.875
-19.25
-20.125
-35.0
-34.375
-5.875
-9.0
-35.125
-39.875
-10.75
-0.125
-14.875
-17.875
-20.25
-8.75
13.375
10.625
2.25
-0.375
-5.25
-7.0
-7.125
-17.625
-42.75
-58.125
-52.25
-38.375
-33.875
-38.625
-40.75
-15.875
9.75
10.25
2.75
-15.125
-25.5
-12.25
-14.25
-25.5
-19.625
-18.125
-14.0
-10.125
-4.25
8.875
7.375
4.0
-1.0
-10.125
-11.625
-20.5
-26.875
-25.25
-31.5
-12.875
2.5
-11.5
-19.75
-21.5
-12.625
-1.875
11.0
10.25
-11.5
-24.625
-18.875
-8.375
-9.25
-16.5
-2.0
12.75
2.5
-2.375
1.875
-15.0
-44.625
-36.75
4.5
12.625
-15.75
-11.375
7.0
-2.5
0.125
13.875
7.125
12.625
20.75
-2.125
-14.625
-1.625
-5.375
-11.625
10.125
9.875
-3.375
-7.875
-25.125
-28.25
-21.875
-22.25
-10.25
10.25
7.0
-15.125
-7.25
11.5
6.125
5.0
5.0
5.75
18.25
17.75
7.625
6.625
7.875
3.75
-1.125
0.75
-9.125
-32.375
-33.875
-28.5
-43.5
-56.5
-47.0
-15.875
11.25
16.5
20.75
33.125
28.75
16.5
22.5
10.5
-6.5
-5.25
-25.0
-34.375
-13.75
-3.75
-4.375
1.75
-3.25
-11.5
3.0
7.875
-7.5
-19.875
-37.0
-56.25
-53.5
-21.75
-2.625
-4.75
7.25
10.25
-5.5
-12.625
-3.75
0.875
-3.625
-7.0
-7.625
-3.375
-2.375
-5.25
-8.75
-16.625
-25.0
-24.25
-32.5
-55.125
-45.5
-38.0
-4.0
63.5
47.125
18.125
8.875
-19.875
-13.5
-1.5
-13.75
-4.125
2.125
-13.0
-10.0
-8.0
-16.25
-6.25
1.75
-9.375
-19.0
-24.375
-32.75
-33.25
-24.0
-23.125
-28.0
-18.375
-4.875
1.25
-0.75
-10.625
-4.375
1.75
-2.125
-4.125
-13.625
-10.625
12.5
25.625
17.25
0.5
-5.625
-1.25
2.5
0.125
1.25
15.625
25.875
25.75
15.125
-1.0
-6.25
-12.0
-28.875
-39.0
-18.5
14.75
17.875
16.875
1.125
-32.0
-28.875
-17.75
-18.375
-18.125
-19.5
-13.25
0.375
7.0
9.125
12.5
6.375
6.0
6.5
0.625
-0.875
-5.125
-8.875
-3.125
-3.375
-16.75
-10.5
-2.875
-19.375
-27.125
-7.625
5.625
8.5
6.125
-3.75
7.625
10.875
-4.75
-6.25
-0.875
9.75
11.375
-1.25
-15.375
-13.625
-10.75
-21.5
-21.875
2.0
33.25
14.75
2.875
25.375
19.125
2.375
-14.25
-17.625
-9.125
-13.875
-23.875
-40.125
-36.0
0.375
19.0
-1.375
-22.0
-7.625
7.25
0.875
-8.75
-19.625
-26.125
-12.375
12.0
3.125
-0.625
21.875
23.125
-3.25
-11.5
7.0
12.875
-8.75
-36.25
-18.375
16.75
16.25
10.25
4.5
-6.375
-5.75
-14.0
-14.0
4.5
18.25
17.5
13.125
11.375
-0.375
-9.75
-18.125
-29.5
-30.75
-26.25
-20.75
-9.25
7.125
35.125
42.125
30.75
21.625
2.125
-1.5
2.0
-3.625
-0.75
7.125
7.25
-3.0
-14.625
-12.25
-10.0
-17.5
-16.0
-6.5
0.0
-7.75
-36.25
-50.25
-31.25
-20.875
-21.625
-1.5
4.5
-15.125
-4.5
9.375
-2.375
-4.0
1.5
0.0
-11.375
-22.5
-24.375
-21.875
-16.25
-19.25
-21.75
-15.125
-13.875
-26.375
-48.125
-47.5
-6.875
11.5
3.625
4.5
-13.875
-16.625
-3.125
-14.375
-23.5
-13.125
-8.875
-11.5
-6.25
0.875
0.75
6.375
14.375
4.125
-9.0
-11.375
-6.125
1.0
-8.5
-9.0
2.5
-1.375
-1.0
15.5
15.0
0.75
10.5
10.375
-5.75
-11.0
-22.0
-16.25
7.25
6.125
-1.875
-14.125
-24.375
-2.375
8.75
-6.125
-11.5
-0.625
10.625
1.0
-14.125
-5.25
1.125
-6.25
3.75
8.375
5.25
9.75
4.625
4.625
15.0
12.625
-2.75
0.0
9.0
11.125
19.5
15.375
-2.625
-8.5
7.625
6.375
-24.75
-34.25
-23.75
-11.75
-2.75
4.75
20.875
15.0
-4.125
-4.75
-6.625
-11.375
0.625
5.75
-1.0
0.875
3.375
9.125
11.625
5.75
8.0
13.375
0.875
-6.375
-0.75
0.25
1.75
2.125
12.75
16.875
-2.875
-9.0
-3.75
-11.875
-7.875
13.0
26.25
18.5
12.75
14.25
4.875
-0.5
-9.0
-8.25
2.25
-15.0
-27.5
-33.25
-41.375
-18.625
-5.625
-2.125
0.5
-5.25
7.0
6.25
-7.75
0.25
13.0
14.0
10.0
3.75
8.5
0.375
-9.0
4.875
11.25
13.875
12.125
5.875
9.375
6.0
-8.0
-22.75
-27.875
-14.375
-12.625
-24.875
-27.5
-18.0
-8.125
1.75
4.5
-2.375
9.875
21.25
9.0
-14.625
-26.5
-20.625
-12.625
-0.25
-0.25
-9.5
-2.5
-0.625
-13.25
-17.75
-27.375
-40.875
-29.75
-13.375
-20.5
-19.875
4.625
19.25
13.875
8.0
14.0
22.875
10.125
-15.875
-16.625
-3.125
-15.375
-37.25
-31.25
-13.625
-24.125
-40.25
-19.875
-1.75
-7.5
5.75
22.0
18.125
19.375
23.125
25.125
18.875
6.0
1.5
-3.25
-9.25
-13.5
-8.25
-3.5
-5.125
-17.375
-29.625
-22.0
-34.625
-43.0
-22.375
-8.375
3.875
12.625
3.875
-9.75
-4.625
-0.25
-12.625
-22.0
-17.75
-12.25
-8.5
-14.5
-27.875
-23.625
-10.0
-3.375
-1.0
-1.875
-1.75
1.125
-4.25
-6.625
-3.625
-10.5
-15.75
-5.375
3.0
2.625
-1.75
-5.5
-3.75
7.625
20.375
15.375
11.75
21.125
19.5
5.75
8.375
23.25
8.875
-15.5
-11.125
-5.5
-12.875
-19.5
-28.75
-30.0
-23.375
-28.75
-14.0
13.75
16.5
15.875
5.25
-2.5
3.5
-9.75
-8.625
12.0
3.5
0.0
10.625
2.625
-3.25
-0.625
1.5
-5.5
-13.25
-17.5
-11.875
1.625
-13.75
-7.25
15.875
6.625
14.625
34.375
30.0
24.875
8.625
-6.25
8.75
6.0
-3.25
-9.75
-21.125
-14.375
-10.375
-17.5
-25.75
-23.75
-1.75
16.75
15.5
7.375
2.125
1.625
9.25
0.5
-31.0
-38.125
-16.0
-10.0
-20.5
-2.125
24.125
5.375
-4.75
8.875
-0.25
-6.75
-6.75
-2.125
-0.375
0.5
9.25
8.625
1.375
-2.75
-6.0
-13.0
-22.625
-20.75
-13.375
-19.375
-26.0
-26.75
-22.125
3.5
23.25
22.0
15.25
2.75
-4.75
-7.75
-4.375
4.75
2.375
-9.75
-10.75
-1.375
8.375
9.5
1.625
3.75
0.875
-22.875
-30.0
-7.0
-6.375
-33.625
-38.125
-33.5
-23.875
-18.125
-26.0
-14.375
0.375
-1.625
-11.125
-12.5
3.75
3.25
-5.625
1.875
4.125
-11.875
-31.0
-34.5
-40.25
-58.625
-69.875
-60.0
-48.75
-45.75
-36.0
-24.625
-23.875
-17.375
-14.0
-31.875
-41.125
-34.125
-38.125
-48.625
-49.375
-39.125
-36.625
-39.5
-35.875
-31.75
-25.75
-24.5
-28.5
-26.875
-33.5
-32.5
-11.375
-12.0
-38.375
-60.375
-48.125
-25.25
-25.0
-29.875
-34.375
-26.625
-16.875
-34.125
-41.375
-14.125
9.75
9.5
15.0
16.5
9.375
17.125
16.375
3.25
-11.75
-20.125
-22.125
-32.75
-35.125
-12.0
-4.5
-16.875
-4.875
14.0
15.125
1.0
0.0
4.25
-9.25
-13.125
-3.5
10.75
23.5
13.75
-0.75
1.75
1.625
-4.375
0.375
-3.875
-7.625
7.125
6.0
5.25
22.875
27.625
19.5
21.5
30.75
18.75
-4.5
-7.25
-2.0
0.25
-1.375
-11.25
-17.25
-2.375
6.25
-8.875
-11.5
-9.5
-20.875
-11.0
-5.875
-18.875
-7.375
12.75
10.75
10.375
13.125
2.75
8.5
23.0
24.375
17.5
11.0
10.5
6.875
1.875
2.5
-13.875
-14.875
1.75
0.625
15.125
33.625
10.75
3.125
25.75
11.0
-0.125
13.625
17.375
3.875
-1.625
32.0
46.5
16.75
-6.5
-5.5
-1.875
-5.0
0.75
16.25
24.375
8.375
-13.75
-11.5
-9.25
-12.875
8.75
24.0
25.25
32.75
15.75
-5.75
17.75
29.875
6.25
-16.875
-6.25
17.5
19.5
26.125
13.0
-5.5
7.875
17.625
20.75
17.875
0.75
0.625
9.25
-14.0
-11.75
3.75
-4.625
2.5
13.0
14.375
-5.5
-13.25
-3.5
-9.875
-12.5
-2.375
13.75
19.25
5.0
-7.625
2.5
14.375
11.5
11.5
4.125
4.125
17.125
8.25
2.5
14.75
14.5
-0.5
3.125
23.25
20.0
8.875
16.625
26.5
18.25
-5.25
-4.375
26.25
21.625
6.0
15.25
13.875
8.0
3.25
10.5
26.75
33.625
33.5
33.25
26.75
-2.5
-22.75
-28.25
-33.375
-24.125
-11.25
-1.625
-0.125
9.625
24.375
21.875
15.5
-0.125
-4.0
4.125
6.25
-2.0
-7.375
8.75
16.0
14.0
-2.375
-15.0
8.75
12.625
0.875
11.5
16.5
12.75
1.5
-6.0
-12.25
-19.125
-14.25
-13.625
2.0
9.75
2.625
10.375
2.0
-1.25
-8.375
-16.625
5.125
5.875
-4.75
12.25
20.625
10.875
-5.25
-8.125
5.625
-0.5
-18.375
-19.625
-1.875
4.875
-14.625
-14.375
16.5
20.75
7.75
-2.5
-14.0
-12.0
4.0
2.375
-25.625
-31.75
-18.875
-1.125
29.0
21.625
-24.5
-6.125
27.75
7.875
10.625
16.0
-11.125
-12.5
0.75
-0.25
8.875
4.0
-9.375
-5.5
-21.5
-37.875
-45.0
-63.125
-58.625
-34.75
-21.625
-25.125
-19.875
-4.625
-13.0
-21.75
-6.875
-9.625
-31.125
-46.5
-47.5
-51.625
-56.5
-56.625
-52.75
-42.25
-54.375
-55.25
-22.0
0.375
-18.5
-25.375
-6.75
-7.5
-18.875
-35.875
-32.25
-2.5
5.125
-12.0
-19.5
-28.25
-33.0
-12.75
-1.875
-12.0
-13.375
-12.5
-10.75
-4.75
-1.875
-20.625
-39.5
-12.375
25.75
11.125
-5.125
16.625
28.25
22.625
21.375
18.875
13.375
14.25
0.625
-28.625
-40.5
-30.75
-5.375
5.875
3.25
4.625
-16.75
-12.875
10.75
3.375
13.375
33.5
27.625
2.875
-13.0
-1.125
3.0
-8.125
-4.625
5.625
6.75
5.0
-1.0
-11.625
-9.5
7.5
9.75
1.375
-7.875
-12.75
7.375
21.875
7.75
10.25
23.0
11.75
-7.25
-13.75
2.125
8.125
-5.375
1.125
19.375
4.625
-5.875
20.625
22.875
4.125
-0.75
-5.25
-8.25
-6.0
-1.375
-3.625
-3.375
16.25
24.875
6.75
-2.25
8.75
19.625
18.875
11.125
24.875
31.375
-2.625
-14.0
5.875
3.0
-6.0
-5.5
-14.25
-13.5
7.375
17.75
1.375
-6.875
0.0
-10.375
1.125
16.75
4.875
-1.5
-13.125
-14.0
0.125
2.875
-11.625
-14.0
17.25
19.5
-4.375
5.0
20.625
18.375
9.75
15.375
26.5
8.125
-8.25
-2.375
-5.5
-10.125
-10.625
-8.75
8.75
19.875
12.875
12.875
14.5
-3.5
-4.625
14.5
7.125
-13.75
-17.25
-8.5
-9.0
-11.0
-12.5
-20.5
-23.0
-16.375
-1.75
11.625
7.875
16.125
25.5
4.625
3.75
3.875
-35.75
-40.75
-22.625
-26.5
-10.125
1.875
-4.625
1.125
2.625
-7.625
-0.25
4.125
-1.375
1.75
-7.0
-31.875
-48.125
-31.5
-22.0
-17.125
10.875
22.25
10.5
0.5
-5.375
-7.5
-13.125
-19.125
-8.875
-12.625
-24.75
-15.5
4.0
5.0
-4.25
-2.875
-14.125
-20.0
-8.0
-2.375
2.625
-11.375
-28.25
-1.75
25.125
8.25
-0.125
7.75
-3.5
-19.625
-25.625
-25.625
-23.5
-20.75
-27.25
-19.625
13.875
16.75
4.125
18.625
18.125
9.125
-12.0
-36.0
-14.75
-1.875
-23.875
-17.125
2.25
5.0
2.875
-19.75
-38.125
-6.375
8.625
-18.0
-22.75
-13.75
-2.0
3.75
-6.125
-11.625
-15.875
-21.0
-31.25
-39.0
-36.25
-28.375
-18.25
-14.125
-10.125
-22.375
-20.5
-7.125
-21.75
-24.5
-11.25
-21.625
-22.0
-8.625
-16.5
-14.625
-18.0
-28.875
-22.375
-17.75
-16.875
-24.375
-33.375
-28.375
-38.125
-49.25
-43.0
-28.5
-13.0
-0.75
5.25
-12.125
-16.375
-20.875
-35.875
-30.5
-29.5
-47.875
-43.0
-13.5
-3.875
-11.5
-23.75
-8.0
23.75
21.25
10.5
11.5
-8.5
-15.5
-0.25
-12.375
-26.0
-18.625
-13.5
-26.125
-29.75
-18.125
-21.375
-25.25
-33.625
-40.375
-3.75
18.875
5.5
4.875
-0.25
-8.875
1.625
-7.875
-36.375
-19.375
9.625
5.0
8.25
18.75
-0.375
-25.375
-12.125
-1.25
-7.875
-3.125
7.25
7.125
-15.875
-26.375
-6.0
-7.25
-30.75
-17.25
11.0
-2.5
-18.5
-6.25
-1.5
-11.375
-27.75
-14.125
8.625
-10.0
-23.5
-7.625
-9.0
-37.375
-39.25
-19.375
-22.125
-29.875
-22.25
-11.5
-19.375
-25.125
-12.5
-8.875
-9.375
-20.5
-21.625
-17.25
-19.75
-11.5
-6.0
3.0
-5.75
-6.25
10.375
-3.125
-20.375
-21.5
-21.375
-27.875
-41.75
-38.125
-14.0
-8.375
-19.75
-17.75
0.625
13.0
7.0
-19.75
-34.25
-30.0
-27.125
-2.5
7.75
-4.125
-10.25
-11.75
-9.125
-14.625
-23.375
-14.625
-14.75
-20.125
-1.875
5.625
4.0
-4.25
-19.375
-0.125
13.75
-6.25
-10.875
14.375
23.25
9.5
9.625
10.25
4.75
-5.5
-5.5
-6.75
-22.625
-23.75
-20.125
-6.0
8.25
-4.5
-29.0
-16.125
2.375
-7.5
1.25
-0.125
-18.75
-25.25
-4.5
8.875
-3.375
10.375
26.875
11.5
-7.5
-12.25
-21.875
-30.375
-21.75
-21.0
-36.75
-27.25
-8.75
-7.0
5.5
5.375
-8.875
-8.375
-9.125
-24.375
-37.0
-49.5
-45.625
-38.0
-48.5
-42.75
-48.0
-64.75
-63.0
-58.625
-46.0
-53.375
-51.875
-37.75
-49.25
-48.625
-57.625
-71.125
-53.625
-48.625
-55.25
-58.875
-53.75
-38.5
-50.375
-67.625
-73.5
-80.25
-48.625
-25.125
-58.5
-58.75
-36.0
-37.0
-36.75
-33.75
-16.625
-6.25
-27.75
-33.375
-22.125
-16.125
-19.125
-30.625
-14.75
-2.125
-14.625
-25.375
-24.75
-2.5
1.875
-18.0
-17.75
-4.25
11.25
2.875
-17.875
-14.5
-9.625
-16.625
-23.875
-37.875
-47.875
-39.125
-23.875
-14.625
-17.5
-11.875
-13.5
-33.375
-18.5
-2.25
-21.125
-20.5
-18.625
-27.125
-23.25
-23.375
-23.75
-18.125
0.375
0.75
-26.0
-36.0
-43.375
-25.0
0.875
-17.5
-40.375
-26.125
-3.875
-7.75
-0.375
6.625
7.75
15.0
7.0
-9.25
-16.0
-17.875
-4.25
9.75
-5.125
-9.75
10.875
6.875
-16.75
-6.5
2.625
12.625
25.75
5.25
-2.25
13.25
23.5
16.75
-6.25
-7.5
12.875
20.125
5.375
5.25
21.75
9.625
-15.125
-13.75
3.375
-2.375
-22.5
-11.125
-1.625
4.125
15.0
7.5
6.75
26.125
24.75
11.875
14.875
11.75
11.125
13.0
10.0
17.125
23.625
8.125
-0.375
2.5
-4.0
0.25
17.75
31.75
18.625
4.875
19.625
10.375
1.875
17.75
15.875
13.375
8.25
-10.5
-12.875
9.375
22.25
10.75
5.375
11.75
-2.875
-3.125
14.375
2.375
0.75
11.125
5.375
-6.5
3.125
22.5
9.375
7.25
23.625
18.75
11.125
-2.875
-10.25
6.25
0.75
-8.375
12.625
25.75
30.875
27.75
14.375
-5.75
-7.75
21.375
21.5
19.875
27.25
18.625
-1.125
-10.875
14.875
38.0
27.625
-3.75
-17.25
-16.5
-19.625
-1.75
17.125
17.25
19.75
22.875
16.625
18.125
25.125
9.125
-11.0
-7.5
-2.75
10.875
20.25
-0.625
-6.0
-2.0
0.875
11.0
19.375
15.125
-2.0
-1.5
8.125
0.0
8.875
29.875
13.5
1.5
18.5
9.25
-16.5
-11.625
10.5
24.375
19.5
4.625
15.625
30.25
25.0
11.75
3.375
8.125
6.5
14.125
30.875
23.75
9.0
10.0
15.875
9.375
-9.125
-0.875
21.625
25.0
31.5
26.25
20.0
19.875
23.25
44.125
48.5
46.75
51.875
29.375
7.0
6.875
11.75
20.875
31.125
23.0
7.75
0.125
4.625
20.75
25.25
14.75
-1.375
-6.875
5.75
15.25
1.875
1.25
16.875
19.0
11.75
13.625
15.125
15.125
22.75
16.75
16.75
29.75
13.375
-9.375
-1.875
-2.0
-9.25
-7.875
-9.75
-4.75
7.625
0.375
-4.75
20.125
12.125
-15.25
-4.75
12.125
-2.375
-23.5
-18.375
2.125
2.125
-8.625
-4.625
3.5
3.125
-8.75
-0.375
9.625
1.25
7.5
14.625
11.625
14.75
13.0
9.125
26.125
6.625
-20.75
7.875
17.125
-2.75
-8.0
-7.625
9.625
12.625
-5.375
-0.75
13.25
23.5
14.75
15.625
24.0
7.75
8.25
9.875
-4.625
-7.75
0.75
10.75
-4.25
-22.5
-23.0
-14.125
-2.375
0.625
-3.625
-2.75
0.25
5.375
20.875
18.0
2.5
14.125
20.0
-0.5
-3.5
2.125
-11.625
-14.625
-20.875
-31.25
-7.5
15.25
17.375
16.25
10.625
-3.625
3.5
15.75
-3.875
-8.875
6.875
-2.375
-11.75
8.125
18.25
4.25
-8.0
-10.125
-17.125
-23.625
-18.125
-10.875
-25.875
-39.25
-26.875
-22.125
-9.625
11.5
-4.75
-19.5
-12.0
-7.0
3.125
13.375
17.875
11.25
9.0
19.5
31.375
31.125
23.125
15.875
8.125
6.625
5.0
10.25
9.625
-11.375
-36.375
-42.375
-47.375
-66.5
-37.625
11.75
19.25
9.375
-4.875
-23.875
-17.625
-4.25
-7.125
-1.375
9.375
22.0
32.125
25.0
8.875
10.25
13.5
-3.125
-4.375
4.25
0.25
-18.5
-35.625
-25.625
6.375
13.125
-11.625
-5.625
9.375
7.5
6.5
2.25
3.625
14.25
16.875
6.75
1.75
8.25
6.875
-9.5
-15.375
-7.375
-4.625
-5.875
2.0
-2.125
-10.0
-9.375
-33.5
-30.625
0.875
15.375
25.75
24.125
4.75
-11.375
-3.625
2.25
-9.75
-8.625
3.0
4.375
-9.875
-13.75
-2.0
10.5
16.75
24.0
17.125
-2.5
5.125
4.625
-11.375
-8.75
-4.625
5.0
20.75
14.625
3.125
-4.125
-11.25
-7.25
-11.625
-29.0
-25.125
-8.0
-12.625
-5.75
26.5
35.25
30.125
21.75
10.25
-2.875
-10.625
-0.5
2.875
6.875
14.75
9.25
16.5
35.625
32.625
21.125
18.875
17.25
18.25
14.75
10.25
3.375
-20.875
-31.875
-13.25
8.125
8.625
-13.375
-18.75
-7.375
-7.75
-4.0
13.5
22.875
10.25
26.375
42.375
31.875
32.75
23.25
9.25
0.0
-7.5
-12.0
-21.5
-25.75
-19.25
0.75
11.375
5.0
5.75
-10.0
-21.875
-7.375
-4.25
-19.5
-22.0
-6.625
7.25
14.625
20.0
20.375
13.25
14.125
13.75
7.75
2.125
-1.625
3.125
5.75
7.875
2.625
-7.875
-0.625
4.5
-8.125
-13.125
1.75
21.0
16.0
-3.625
-5.375
10.25
-2.125
-22.5
-3.375
8.625
-9.0
-17.25
-9.0
5.75
2.5
-5.75
0.25
5.5
11.625
13.375
9.25
-2.125
-6.75
-7.0
-14.25
-13.875
-9.625
-10.625
-8.625
-3.125
-2.0
-1.125
13.375
23.5
18.75
14.125
6.625
9.125
17.375
12.625
21.375
45.0
48.875
32.125
21.625
27.0
30.25
23.125
11.625
1.375
4.375
-6.5
-28.625
-24.0
-13.5
-13.5
-6.75
-2.875
-19.0
-10.375
0.875
-1.75
15.0
34.75
40.125
36.5
40.25
44.0
35.75
11.125
-7.875
-11.5
-5.875
7.875
6.125
-6.5
-15.625
-20.625
-9.25
-3.25
1.75
2.375
-3.375
0.375
-0.875
12.5
24.125
18.0
8.25
4.5
9.375
4.0
-1.5
-11.375
-20.625
-19.125
-18.625
-21.875
-25.875
-16.375
-13.75
-7.875
3.875
5.0
32.875
32.0
-8.75
-18.0
-9.0
7.25
15.5
-3.625
-14.375
3.75
5.25
-2.75
2.75
3.375
-2.75
-3.875
9.0
17.375
10.75
3.0
-5.875
-11.5
-8.125
-17.125
-35.375
-38.375
-12.5
5.625
-6.0
-6.125
4.875
1.25
-13.5
-21.125
-19.375
-17.25
-13.625
-22.75
-28.125
-13.375
-8.0
-16.25
-19.875
-18.75
-24.25
-31.125
-23.75
-19.375
-25.25
-22.375
-18.5
-27.125
-28.5
-15.875
-25.375
-10.875
14.75
2.875
0.375
-2.625
-9.375
-10.125
-28.25
-48.25
-28.875
-12.125
-14.75
-0.75
-3.375
-19.625
-19.5
-13.5
-14.25
-10.25
-6.125
-13.5
-11.25
-6.5
-5.75
-18.0
-29.125
-6.375
8.625
-12.125
-12.625
3.25
-4.375
-2.0
-4.875
-16.5
-19.75
-18.125
-2.75
14.0
13.5
6.0
-5.75
-22.375
-17.75
7.375
7.875
-11.75
-20.875
-25.5
-14.125
-3.0
-8.75
-2.25
-1.25
-9.875
17.375
22.25
-8.625
-1.75
6.25
-5.625
-13.625
-23.375
-19.625
-15.75
-6.875
-2.75
-18.375
-3.5
25.25
28.5
19.0
11.125
5.625
-4.125
-1.0
4.375
-12.375
-5.25
13.125
12.0
3.25
-10.625
-19.125
-10.125
1.0
-6.125
-11.25
-12.5
-10.875
-10.375
-13.875
-7.25
-0.5
2.25
3.0
-9.625
-17.125
2.75
8.625
4.25
3.75
-7.125
-7.5
-16.25
-24.75
-17.375
-10.0
-7.375
-7.25
8.25
7.5
-13.875
-15.5
-19.875
-25.125
-15.25
-18.375
-28.875
-20.25
-8.625
-10.125
-1.5
3.75
-0.625
21.875
19.875
-6.625
-5.625
-9.625
-7.5
-2.5
-15.125
-5.25
3.5
3.75
9.75
9.125
13.5
14.0
15.0
16.25
7.25
8.5
21.875
25.75
19.125
5.25
-1.25
9.0
8.125
-3.625
-4.75
-15.25
-22.375
-14.0
-11.625
-1.25
-2.25
6.125
15.125
-3.0
-12.75
-14.25
-13.375
-10.5
-4.625
-2.0
1.5
5.5
4.25
0.25
-4.75
-5.625
-5.625
-8.25
-19.5
-36.625
-45.625
-52.25
-59.625
-48.25
-32.75
-13.25
-13.125
-27.0
-13.125
-2.5
9.625
15.625
8.875
4.625
-9.25
-17.0
1.375
11.625
4.875
7.0
-1.5
-10.875
-3.875
-5.75
-20.625
-34.125
-2.875
12.625
-14.875
-18.375
-19.75
-18.125
-11.5
-15.5
-9.875
5.5
2.625
-23.75
-32.75
-24.25
-31.75
-27.875
-9.0
-4.25
-10.875
-12.375
-6.0
-7.625
-16.625
-17.75
-7.0
0.625
-4.75
-15.25
-9.375
2.75
-13.875
-26.875
-0.375
15.0
-4.875
-14.25
-7.625
-10.5
-9.75
-8.75
-14.25
0.625
5.75
0.5
12.25
13.625
6.375
6.625
2.375
-1.0
0.25
-5.0
-12.125
-8.375
2.0
5.125
-1.875
-4.5
4.125
-2.0
-23.375
-29.875
-20.125
-13.625
-8.125
-0.75
0.125
-5.875
-1.625
0.625
-16.375
-23.375
-9.375
-11.875
-26.75
-1.25
13.125
-14.625
-28.125
-20.25
-12.625
-11.5
-20.0
-22.0
-8.375
10.25
9.375
-7.875
-12.0
-7.875
-4.0
-5.25
5.875
11.875
-9.375
-28.0
-16.875
-0.75
-10.25
0.75
22.75
13.625
4.625
4.875
-8.125
-14.75
-16.25
-42.0
-45.75
-12.375
-1.25
0.125
15.375
18.25
13.875
19.375
18.0
9.625
7.875
8.75
3.375
-2.5
-17.125
-20.125
-2.75
-8.875
-13.875
9.0
17.625
4.375
0.875
-4.0
-7.0
-3.25
-4.0
6.375
14.0
7.25
-10.875
-23.125
-3.25
11.875
-5.75
-12.625
-3.375
-6.25
1.0
4.375
0.25
8.625
-8.75
-33.75
-34.75
-20.625
-6.875
-6.125
-6.0
-12.75
-23.625
-31.125
-33.875
-23.75
-5.75
5.25
3.125
-8.375
-9.25
14.375
19.0
-0.75
-16.75
-21.5
-10.5
-1.5
0.875
-0.25
-5.5
-1.5
5.0
0.75
-18.375
-3.625
30.25
16.5
-8.125
-2.75
0.0
-10.375
-14.375
-12.875
-2.75
0.875
8.75
13.5
-2.0
-1.0
4.625
-13.125
-24.875
-19.125
-13.375
-10.25
-9.125
-9.875
-2.875
-11.125
-27.625
-10.5
4.25
-3.625
-5.875
3.5
20.25
21.0
-7.625
-24.125
-17.875
-8.125
2.5
2.75
-8.25
-8.5
-0.875
-6.125
-1.75
-1.0
-29.875
-38.0
-14.125
-22.375
-52.125
-31.375
-0.875
-6.625
-8.25
-7.25
-4.25
-5.125
-22.375
-22.875
-19.375
-11.125
7.625
-8.0
-23.5
-8.125
-2.375
-9.25
-15.625
-14.25
-5.0
-1.5
-8.875
-14.125
-14.5
-22.0
-13.0
3.0
-1.875
-2.0
19.125
26.625
18.875
-1.25
-32.75
-33.25
-15.25
-27.5
-34.75
-24.25
-15.375
0.125
-4.125
-3.375
-9.5
-18.75
-6.125
3.0
-1.625
-11.25
-8.75
-11.25
-5.875
-2.625
-23.875
-13.0
-2.25
-32.0
-20.625
12.25
1.75
-11.0
-1.0
10.125
-0.625
-14.25
3.125
12.5
-4.125
-14.75
-19.0
-27.25
-41.0
-39.625
-18.5
-10.125
-0.625
5.75
4.5
12.125
10.125
15.375
12.0
-4.625
-11.5
-12.625
7.25
19.75
7.25
10.375
19.875
-1.375
-13.25
7.0
1.375
-7.0
11.375
1.5
-1.75
18.125
11.0
13.0
35.875
15.0
-21.125
-24.25
-28.5
-13.5
9.0
5.0
0.25
-0.625
-9.25
-6.25
7.875
15.0
17.375
14.125
16.75
28.875
25.875
34.0
59.5
62.375
37.375
11.625
18.375
24.375
18.5
15.375
21.5
39.375
38.875
15.875
12.0
27.0
24.75
29.125
33.625
15.875
13.0
25.0
11.5
8.625
37.5
42.75
40.5
50.625
51.125
39.125
25.375
40.125
55.75
46.875
51.125
43.0
30.25
45.375
50.75
24.25
8.0
34.25
47.25
47.875
50.75
41.875
46.5
47.875
51.75
68.0
69.5
65.5
65.875
51.0
30.375
38.625
49.125
55.875
57.5
53.5
52.25
26.0
-0.5
12.25
54.125
68.875
34.25
20.5
49.0
54.0
41.875
43.125
50.875
47.875
44.875
73.875
75.875
53.0
47.75
39.125
52.0
63.375
44.625
24.875
43.375
71.375
72.25
62.625
61.25
72.0
75.125
80.875
82.375
53.25
32.0
64.5
82.25
73.75
79.0
87.125
89.75
73.875
58.5
57.375
58.75
49.375
52.75
62.75
51.75
41.25
46.125
63.75
77.75
80.125
81.625
71.625
60.5
59.875
70.5
70.125
54.5
38.625
34.375
26.25
31.25
60.75
64.0
59.625
64.375
62.375
66.875
71.625
56.75
51.25
53.75
55.75
74.25
69.125
50.875
58.875
61.5
56.0
49.375
58.375
80.375
85.5
57.875
27.875
57.875
87.5
57.5
53.125
76.875
67.0
61.75
85.375
81.375
58.375
58.0
56.5
53.25
45.5
63.0
94.625
80.625
62.5
63.75
53.875
52.125
64.375
53.125
35.125
49.5
59.375
62.125
88.125
98.625
66.875
45.625
56.625
58.625
51.125
41.625
45.25
62.0
61.0
59.625
66.375
65.875
58.125
49.0
55.5
65.375
71.25
71.25
58.5
49.75
41.25
32.75
50.5
71.125
66.75
58.875
58.25
69.25
78.25
84.125
89.0
86.75
90.5
71.625
50.25
58.125
56.625
47.625
62.25
65.875
48.375
51.0
69.25
70.0
58.875
43.5
28.625
40.25
63.875
67.0
58.0
57.0
61.625
42.75
21.625
33.75
43.0
47.625
50.0
38.75
26.5
30.0
40.625
54.125
61.25
50.0
58.875
67.875
51.875
46.625
44.125
32.0
13.125
-5.5
5.625
25.125
42.25
52.375
26.75
20.625
49.125
60.375
29.75
6.0
36.625
39.625
16.375
32.375
29.75
19.25
45.875
59.375
54.0
46.125
31.0
22.75
24.875
36.75
48.25
28.375
23.0
47.125
42.75
23.375
15.875
17.375
23.125
27.5
31.5
25.875
19.75
32.125
25.125
21.125
31.625
22.375
27.875
38.0
26.625
18.0
17.875
22.625
11.75
1.0
22.25
36.5
31.25
28.5
20.25
7.375
0.75
8.75
9.75
-8.25
-21.0
-13.625
14.25
25.0
28.5
44.125
41.375
34.625
45.125
42.125
16.125
5.375
19.5
20.625
-0.25
-14.0
6.625
17.0
7.25
15.875
10.75
0.625
8.5
16.25
25.0
23.75
7.5
2.5
6.125
5.5
2.625
10.625
18.125
22.75
27.625
13.5
-8.125
-6.875
-3.25
-8.875
5.125
13.375
-15.75
-34.25
-30.0
-31.875
-24.0
-19.25
-11.0
-10.375
-17.75
-5.0
-5.375
-7.0
2.75
10.25
7.625
-6.625
-5.625
-4.5
-7.375
5.75
16.25
6.625
4.375
12.125
1.375
1.125
14.125
19.875
16.0
12.25
14.625
15.375
12.875
-5.75
-18.125
-8.875
1.625
4.125
7.625
14.625
13.875
11.75
7.5
6.25
6.25
-7.875
-24.875
-12.125
7.125
-6.25
-11.25
-17.25
-29.625
-16.125
-12.75
-2.75
12.25
4.0
-2.375
-4.125
-15.625
-23.0
-14.25
-15.25
-6.5
11.875
-6.25
-23.625
-7.125
-13.625
-45.875
-34.875
-3.25
-16.0
-24.375
-3.0
-9.75
-22.0
-13.5
-1.875
-10.5
-36.125
-20.5
8.625
2.125
-17.875
-26.125
-16.5
-20.5
-18.125
3.875
10.5
-8.75
-21.25
-9.75
-5.375
1.25
12.125
8.375
-7.25
-9.5
-0.25
-12.375
-23.25
-11.375
-4.75
-7.5
-1.75
-3.25
-17.75
-22.375
-7.0
-4.375
-19.875
-18.5
-9.25
-5.125
-14.0
-19.125
-9.375
-16.375
-22.375
-12.0
-11.875
-8.5
-1.0
-4.875
-7.25
-3.875
-12.25
-21.25
-22.5
-19.625
-11.5
-15.625
-15.75
-6.625
-12.0
-22.25
-21.375
-12.25
-11.125
-21.125
-27.125
-19.75
-3.875
-1.625
-15.625
-19.75
-5.75
-2.25
-3.375
1.125
-17.0
-24.375
-5.625
3.25
-4.125
-17.75
-21.375
-22.25
-17.625
-8.625
-6.625
-18.875
-22.125
9.5
16.125
-16.125
-30.375
-21.125
-15.625
-13.625
-8.375
5.875
9.625
-1.375
9.625
13.125
1.5
3.75
3.625
2.875
1.625
-4.875
-13.625
-16.75
2.25
-0.125
-14.625
-1.75
6.875
0.125
-0.75
1.5
9.375
13.75
5.375
-2.75
-1.375
12.75
8.0
0.75
11.375
11.5
10.5
2.625
-10.0
-6.0
12.75
16.875
13.625
14.125
6.375
1.125
-0.625
3.0
-3.125
-12.625
-4.5
6.625
-5.25
-11.625
1.125
1.375
-8.5
-15.0
1.375
10.5
-9.125
-11.375
-11.625
-16.0
-10.625
-7.625
-1.75
7.0
-0.5
-19.875
-13.75
10.25
20.75
9.5
-5.0
-6.25
-6.875
-15.625
-19.875
2.25
7.25
-21.5
-11.625
2.625
-12.25
-14.75
-10.25
-0.25
-10.375
-18.125
-3.125
-17.0
-9.375
15.75
-1.625
-10.0
4.25
-3.25
-24.625
-25.625
-16.5
-29.875
-26.875
-0.5
-9.875
-27.625
-26.75
-22.5
-21.125
-30.125
-43.25
-51.5
-40.875
-24.125
-18.0
-17.25
-25.125
-26.875
-17.75
-12.125
-15.0
-17.5
-20.125
-25.875
-27.375
-19.0
-21.875
-30.5
-10.75
1.25
-21.125
-30.375
-23.875
-26.625
-34.25
-34.375
-27.25
-30.625
-11.875
-22.0
-39.125
-3.875
-2.375
-8.875
3.125
3.75
8.125
11.625
7.375
7.25
-2.0
1.75
18.375
-12.5
-41.125
-31.5
-37.25
-34.5
-35.125
-35.5
-26.25
-27.375
-6.5
-5.0
-34.125
-27.75
9.75
18.125
13.75
12.375
-1.125
-13.125
-12.375
-4.75
-13.25
-24.875
-10.375
-10.25
-48.0
-62.875
-34.75
-33.25
-41.125
-11.5
5.5
2.625
-1.875
0.75
10.75
8.625
12.125
12.75
0.5
8.0
21.625
19.0
24.625
32.0
27.875
28.625
33.75
34.875
32.125
15.125
-9.5
-15.875
-3.375
1.5
-3.75
2.875
0.75
-21.0
-21.375
-5.125
-15.5
-33.5
-10.75
16.25
-0.875
-8.375
5.625
13.875
12.875
8.5
10.375
3.125
-5.75
-12.25
-3.0
12.5
-7.5
-9.75
5.0
-23.875
-42.75
-13.875
3.25
-12.375
-38.25
-33.625
-5.875
0.0
11.875
14.875
7.75
8.625
4.625
3.5
-3.5
-25.25
-24.25
1.625
2.0
-4.25
0.625
-3.0
-14.125
-17.75
-1.75
8.375
-5.5
-6.25
8.25
1.375
-5.875
-2.875
-17.875
-23.25
-14.5
-8.0
7.625
-0.375
-16.375
-0.125
10.0
2.375
-7.125
-12.0
-4.875
-2.25
-2.0
8.5
10.625
3.875
1.5
-5.125
-2.375
14.5
14.0
6.375
0.0
-0.125
10.125
9.125
-6.875
-17.0
2.125
14.0
0.5
-13.375
-14.25
-6.375
0.875
-19.25
-37.75
-26.75
-11.125
-1.875
1.625
1.625
2.0
0.5
-5.625
-8.5
0.5
13.125
6.0
5.875
11.0
-17.25
-31.25
12.75
18.875
-24.5
-9.75
23.5
13.875
-4.25
-8.375
-8.25
-6.625
-3.875
-2.875
6.25
10.5
6.375
1.5
0.375
-5.875
-15.0
-7.625
-3.375
-22.375
-30.25
-17.875
-21.625
-39.125
-23.25
-11.25
-25.125
-21.5
-29.875
-54.25
-59.375
-35.625
-23.125
-36.25
-47.5
-54.625
-58.75
-67.5
-81.25
-99.875
-84.25
-52.5
-59.125
-67.375
-62.5
-49.75
-42.25
-42.25
-30.375
-27.625
-44.75
-57.25
-44.75
-42.75
-58.125
-55.25
-43.75
-45.75
-54.125
-51.625
-63.375
-46.0
-7.875
-15.125
-27.625
-31.375
-44.375
-34.125
-5.75
-8.25
-24.125
-33.125
-37.25
-37.375
-26.125
-22.75
-22.375
-44.375
-62.625
-24.375
-26.5
-54.375
-26.875
2.75
2.875
-4.5
-15.125
-22.0
-23.5
-36.0
-38.125
-15.375
-6.875
-24.375
-31.125
-22.75
-27.375
-28.125
-21.5
-32.375
-23.625
-7.25
-11.5
-15.25
-11.5
-27.875
-50.0
-21.625
1.625
-21.75
-34.875
-24.625
-15.75
-19.875
-23.25
-9.75
-7.5
-19.875
-19.625
-18.0
-27.0
-42.0
-42.25
-25.875
-19.75
-24.375
-33.875
-32.125
-32.5
-34.625
-18.125
-8.625
-6.25
-2.5
0.125
-13.75
-21.875
2.625
0.375
-21.375
-17.625
1.0
10.5
4.0
-5.0
-12.5
-9.375
-8.75
-11.0
-12.75
-18.625
-14.375
-3.375
20.5
30.125
8.875
-9.875
-15.0
-21.125
-17.25
-9.25
-15.125
-11.875
-7.375
-10.0
-7.875
-2.125
1.5
-15.5
-34.375
-40.25
-25.625
0.875
1.25
-0.125
-2.875
-10.375
-8.625
-13.5
-11.875
-12.25
-10.125
-0.75
-9.75
-13.625
-7.0
1.0
1.125
-11.375
-17.625
-10.5
0.125
-17.75
-36.375
-34.25
-35.125
-27.75
-20.625
-18.625
-9.375
-8.125
-16.625
-17.125
-8.75
-4.625
-13.125
-21.0
-20.75
-21.0
-29.125
-22.0
-5.0
-10.375
-28.5
-32.625
-26.25
-21.875
-17.875
-23.75
-35.625
-21.625
0.125
-18.0
-40.0
-21.25
2.0
5.125
-2.75
-6.25
-3.0
-7.25
-8.75
-18.125
-17.25
-2.0
-1.875
-10.125
-17.25
-10.375
-17.5
-28.125
-17.125
-18.125
-23.25
-16.25
-6.25
2.5
-3.875
-16.375
-1.75
13.75
5.375
6.0
12.75
8.625
4.625
6.125
-2.25
-10.5
-3.75
-6.75
-4.25
3.5
-7.25
-10.25
-13.125
-19.875
-4.5
13.125
15.625
1.625
-4.75
5.375
8.625
11.0
8.375
5.875
17.375
26.5
23.25
18.375
13.75
-2.75
-13.125
0.625
19.125
21.0
9.875
8.875
7.875
-1.125
-3.5
-2.75
-0.875
-2.25
-9.625
-10.0
1.5
8.875
10.625
18.25
15.75
4.25
-11.875
-20.5
-5.375
-1.875
-11.25
-8.625
-3.0
7.5
23.125
13.375
-0.875
12.5
19.125
17.5
11.0
6.75
20.25
14.625
7.375
6.875
-15.0
-20.625
-1.625
8.375
11.125
-0.875
-2.875
20.375
17.25
9.75
9.5
-9.625
-2.5
18.0
8.375
1.5
2.25
3.0
9.875
8.625
-2.5
-5.0
11.625
18.625
7.125
0.75
2.875
4.125
5.0
14.375
17.875
15.625
12.125
9.5
9.0
7.25
10.25
8.625
0.125
-7.875
-14.0
-5.875
9.25
14.625
15.625
19.625
30.875
30.875
18.625
19.375
20.625
18.25
26.625
35.0
32.25
19.75
6.25
-1.25
1.5
2.625
-0.125
7.25
7.75
17.75
26.875
3.375
6.625
16.5
7.75
19.25
13.25
-6.375
3.0
14.75
11.5
3.875
1.875
14.5
8.125
-16.125
-7.875
12.0
12.375
22.125
25.25
10.875
8.0
10.75
21.5
39.375
43.25
26.25
10.0
19.25
31.625
28.25
29.375
41.875
34.0
19.75
15.375
3.0
-4.875
1.375
14.75
19.0
12.5
13.125
21.0
20.5
5.25
-2.25
-5.625
-11.125
-11.125
-9.625
-7.0
-5.875
-5.5
-2.125
-0.875
0.875
4.375
1.75
-1.75
5.125
16.125
15.875
7.0
1.75
16.375
26.25
18.125
10.0
15.75
17.875
-6.125
-11.625
16.5
31.625
31.5
32.125
32.25
34.375
32.5
32.25
35.5
29.25
26.5
28.75
21.625
24.25
29.5
24.75
21.5
26.125
37.875
37.125
30.75
20.375
10.25
18.625
22.75
15.5
4.25
5.125
19.75
20.125
14.25
12.875
15.5
27.75
33.375
27.375
30.5
36.875
35.125
20.25
20.0
29.5
16.125
9.375
20.75
30.75
33.125
31.75
24.625
17.5
24.0
25.0
19.75
21.0
21.0
20.25
20.0
27.375
35.375
36.125
32.25
19.5
15.125
24.125
31.25
29.875
17.875
13.875
23.875
30.125
24.25
16.625
15.125
20.875
22.625
15.875
13.0
21.0
30.75
23.875
12.625
15.875
33.625
29.25
-1.75
-4.875
12.75
19.0
30.75
46.25
40.0
32.0
35.25
25.25
15.625
25.625
36.0
39.75
36.875
31.875
34.25
40.25
46.125
44.0
33.125
30.625
28.875
13.875
17.125
36.875
36.875
41.25
63.125
62.625
48.25
43.375
33.0
21.875
30.5
46.125
47.75
45.125
50.25
53.5
45.0
30.625
25.875
26.125
33.0
48.875
53.75
46.25
46.875
53.625
44.625
40.125
53.375
57.5
49.375
43.625
44.25
41.5
40.5
40.5
35.375
37.125
35.5
24.875
27.25
38.875
34.75
26.0
24.625
23.75
28.125
35.5
33.5
35.125
37.5
31.375
31.75
36.625
35.875
19.875
20.0
37.25
33.875
31.75
43.125
43.75
33.625
29.75
30.75
28.75
29.375
35.625
44.375
53.375
39.875
22.875
29.625
34.5
34.375
35.375
40.375
42.0
38.375
40.0
44.625
46.25
42.875
35.625
25.875
22.625
34.375
50.375
51.0
48.875
57.0
50.0
41.5
52.375
50.375
46.375
55.375
53.75
49.0
51.25
47.0
45.0
52.875
57.0
60.0
49.625
47.25
60.0
45.375
14.75
11.875
18.625
24.875
47.75
56.125
46.125
37.875
47.5
61.25
53.625
47.875
47.875
34.375
24.25
20.5
25.5
29.75
24.5
25.625
16.75
51.25
50.125
-39.25
22.0
82.875
36.25
35.25
37.75
31.375
26.875
23.5
28.875
37.0
44.0
54.875
55.5
32.25
13.875
38.75
62.125
81.0
25.25
-24.875
59.125
83.25
56.875
61.625
62.125
64.375
72.25
65.75
49.125
45.25
50.75
55.375
55.125
50.625
43.875
38.75
39.75
49.625
51.125
41.5
36.25
33.5
28.0
47.625
2.875
-44.875
31.25
58.25
35.375
15.5
13.125
35.375
30.875
21.875
26.375
38.5
44.0
46.75
51.125
50.375
41.125
36.25
43.125
43.0
45.875
52.5
43.25
36.75
43.5
47.5
43.75
42.5
48.5
55.875
58.625
55.875
51.375
51.5
48.375
51.375
71.625
76.0
60.25
49.625
32.625
11.25
16.25
25.875
7.5
11.375
39.75
45.5
42.75
48.75
55.375
54.375
52.75
49.875
50.125
45.25
30.25
24.75
20.75
15.5
16.0
13.0
10.75
17.375
28.25
21.25
4.0
2.625
1.125
-4.375
-2.25
3.5
3.125
2.75
8.625
15.625
20.75
19.5
16.5
17.5
22.125
24.125
19.75
18.375
20.0
18.875
28.25
37.25
27.375
22.125
27.0
30.75
30.125
17.125
17.125
31.375
31.625
29.375
38.25
40.125
34.5
32.875
24.875
23.125
33.125
34.0
36.875
45.0
36.125
27.375
26.25
27.75
29.75
15.625
5.0
11.875
17.0
9.5
0.125
-2.75
-0.5
4.125
1.875
-2.125
-4.625
-13.375
-21.125
-24.875
-26.25
-19.375
-23.875
-39.75
-30.75
-26.5
-42.75
-36.375
-23.875
-29.5
-20.625
0.375
2.0
-6.25
-12.25
-15.0
-14.25
-15.375
-18.375
-17.25
-22.625
-24.875
-25.5
-31.875
-20.25
-8.25
-2.125
15.0
30.125
32.625
32.0
21.75
12.625
23.5
26.25
11.875
-10.0
-19.375
-9.375
-2.375
-0.5
-1.375
-2.0
1.75
1.625
-4.375
-4.625
1.25
2.875
8.125
21.25
31.375
30.875
22.125
21.25
22.625
16.625
18.75
26.0
17.5
14.75
25.5
33.5
43.125
55.0
61.0
46.375
26.375
16.75
15.5
13.25
11.625
23.875
15.5
-10.125
-15.5
-16.0
-8.25
6.25
-2.375
-18.625
-22.875
-20.625
-15.125
-18.625
-21.25
-17.375
-15.25
-11.125
-6.5
0.875
2.125
-15.25
-14.25
-2.25
-6.125
8.375
15.0
-7.375
-16.25
-13.0
-15.625
-15.75
-18.0
-24.875
-15.5
-7.75
-13.875
-12.375
-10.875
-8.25
-8.875
-17.375
-12.875
-7.0
-12.75
-5.75
3.5
-0.375
1.875
2.75
-3.25
2.375
11.75
8.0
1.75
-5.375
-16.0
-20.75
-21.75
-9.0
14.25
25.0
27.0
15.125
-5.125
3.5
22.0
21.0
18.75
15.0
3.0
-11.125
-15.375
-9.875
-9.75
-6.25
8.75
4.625
-19.375
-30.75
-19.875
3.375
7.375
-2.125
2.0
-4.0
-19.125
-20.625
-17.5
-11.75
5.0
17.125
15.875
12.875
17.875
21.5
18.0
15.375
7.875
8.125
16.125
16.0
11.5
5.25
-4.0
-10.0
-8.375
-1.875
-4.0
-7.75
1.625
8.625
8.25
1.375
-6.5
-5.75
-8.75
7.125
22.0
5.75
-3.875
-1.25
0.75
3.125
7.875
12.625
21.5
14.625
-3.875
2.0
11.25
10.125
21.875
32.875
26.25
20.875
7.375
-3.375
7.375
10.75
8.875
13.875
16.125
7.25
-11.0
-18.375
-7.625
4.125
7.5
11.625
17.25
19.125
18.75
17.25
19.0
23.5
23.625
15.25
9.875
13.875
16.5
14.625
18.5
24.25
15.0
0.125
3.75
12.0
11.75
20.125
25.625
19.625
20.25
23.0
9.125
-3.75
4.375
18.75
20.5
14.25
10.625
2.0
-2.375
2.125
7.125
8.375
-4.0
-16.5
-4.875
8.25
12.0
14.25
6.0
3.125
7.625
8.125
-3.25
-17.125
-13.75
-10.75
-9.625
-3.5
5.5
13.375
8.5
14.125
17.875
-1.375
-2.875
7.125
-1.625
-10.0
-10.875
-9.375
-22.625
-34.5
-18.75
-6.5
2.875
12.625
3.125
-8.25
-9.0
-3.0
6.25
6.75
11.5
17.875
11.375
9.75
12.875
16.125
9.375
-5.25
-16.5
-30.875
-26.625
-21.625
-30.0
-16.875
-6.375
-17.875
-27.625
-9.375
14.125
16.25
8.125
-9.125
-16.0
-7.5
1.0
-4.125
-18.0
-18.875
-13.375
-14.625
-13.875
-18.75
-28.625
-17.0
4.625
6.75
2.375
9.0
24.75
24.125
-6.375
-21.0
-11.25
0.5
-6.125
-23.75
-22.25
-8.875
-2.0
5.0
17.875
9.5
-2.375
2.25
-8.25
-14.25
-9.0
-19.0
-23.25
-14.25
-3.0
4.0
-6.625
-23.625
-17.5
-9.875
-9.625
-3.625
-9.375
-19.625
-20.125
-12.25
-8.125
-12.25
-7.375
3.25
5.375
4.5
-5.125
-5.5
-1.75
-17.375
-12.875
6.25
12.75
12.125
6.5
4.25
12.375
18.75
11.0
8.25
9.875
-3.625
-20.875
-21.75
-19.5
-10.75
14.0
23.75
11.875
2.0
11.25
21.25
8.375
-4.125
-4.25
-6.25
-12.625
-7.25
-10.625
-29.625
-20.5
-9.25
-1.75
12.0
13.25
13.25
11.625
-9.5
-28.625
-31.875
-31.75
-13.125
-0.375
0.5
9.5
-2.75
-11.75
5.0
-1.625
-15.25
-7.5
-14.75
-20.625
-7.25
-16.625
-24.625
-24.25
-34.625
-33.5
-19.75
-10.375
-10.875
-14.875
-23.75
-28.75
-21.625
-25.375
-33.875
-24.0
-16.125
-12.0
-16.25
-22.75
-5.375
9.0
1.625
0.5
1.75
-1.0
4.5
6.5
6.625
3.375
-10.375
-10.5
-8.0
-1.25
10.625
-0.375
-13.125
-17.25
-6.375
9.625
7.25
7.375
17.5
19.75
24.25
19.875
5.75
-1.875
-18.875
-24.25
-29.375
-44.625
-18.75
-3.375
-17.25
1.125
24.0
10.875
-21.75
-20.375
3.0
5.75
2.75
-0.5
-8.375
-1.75
4.75
-11.75
-23.375
-7.0
4.625
-12.0
-23.625
-22.375
-29.75
-32.125
-11.5
16.0
10.875
-5.625
-2.375
8.375
14.875
-11.375
-17.875
-6.875
-17.0
-5.75
2.125
0.5
-2.125
-17.125
-21.125
-13.375
-12.375
-23.875
-21.0
-7.75
-7.875
-0.875
5.75
-9.375
-19.75
-12.75
-15.0
-17.75
-13.625
-13.625
-11.25
-0.5
9.125
1.875
-12.625
-18.875
-11.875
0.375
-1.125
-12.0
-13.125
1.75
7.5
-1.5
-2.125
3.375
-0.125
-6.0
-5.625
0.625
-6.375
-27.375
-51.375
-64.375
-14.875
23.625
4.75
-5.0
-3.875
-11.375
-26.875
-32.75
-33.875
-38.0
-22.5
4.125
4.125
-1.0
1.625
-0.375
1.375
12.5
5.0
-21.25
-22.0
-21.75
-27.25
-19.5
-17.875
-19.125
-16.625
-14.75
-5.625
-2.125
-24.75
-30.5
-16.125
-22.0
-29.625
-29.0
-33.875
-24.375
-2.375
8.125
5.625
-12.0
-20.625
-20.0
-24.625
-22.875
-14.875
-17.625
-20.875
-12.5
-11.625
-11.0
1.875
28.25
25.875
-20.625
-53.125
-47.0
-26.625
-20.375
-28.25
-44.125
-53.625
-44.875
-24.625
6.25
2.625
-15.5
0.875
3.75
0.625
4.875
5.0
3.75
4.25
-1.125
-14.25
-15.75
-12.375
-14.125
-17.125
-16.375
-11.25
-5.5
-4.125
-7.5
-5.625
4.25
7.75
3.375
-2.5
-13.875
-38.0
-41.125
-23.0
-20.125
-18.0
-16.5
-21.125
-22.375
-18.375
-17.5
-21.375
-15.875
-7.875
-3.625
4.875
13.375
5.125
-8.875
-8.25
-7.5
-7.625
-10.125
-18.5
-20.5
-18.5
-5.375
0.625
-12.25
-13.0
-7.875
-3.125
13.875
3.875
-24.375
-21.375
4.375
10.25
-1.25
-2.5
-6.875
-13.25
-9.75
-4.625
-0.125
-6.625
-20.25
-16.75
-7.5
2.125
8.875
8.0
2.0
-6.25
-12.5
-21.125
-17.5
-7.25
-10.875
-16.375
-11.5
-18.5
-35.0
-26.25
-16.0
-11.75
2.375
-1.0
-22.25
-21.75
2.75
3.875
-11.375
-7.375
-2.875
4.875
15.625
4.0
-6.0
-14.125
-21.375
-12.125
-16.875
-21.75
-14.375
-16.75
-13.0
-3.5
-9.125
-8.5
-3.25
-17.875
-27.0
-20.0
-18.0
-19.75
-22.25
-18.125
-10.5
-19.125
-27.125
-15.125
-7.375
-13.375
-17.875
-25.25
-25.375
-15.0
-12.375
-13.5
-9.0
4.75
12.5
11.375
-0.125
-27.625
-37.875
-22.125
-9.25
-13.625
-18.5
-17.25
-17.25
-12.375
-7.25
-7.875
-8.875
-8.25
-10.375
-7.875
-21.625
-36.5
-10.75
-11.25
-53.125
-43.125
-8.0
-14.125
-16.25
-5.5
-13.5
-31.25
-32.875
-30.0
-38.0
-41.0
-42.25
-38.625
-24.625
-17.0
-20.0
-16.5
3.375
11.625
-0.75
-18.375
-35.875
-43.375
-41.125
-26.125
-21.125
-26.125
-9.5
1.25
-5.875
-10.875
-28.25
-36.0
-28.75
-31.375
-7.25
13.875
4.0
-2.875
-1.75
-3.125
-8.125
-8.375
-6.125
-15.0
-34.75
-42.25
-32.875
-33.0
-38.375
-24.5
-12.25
-11.375
-18.25
-24.625
-32.5
-39.875
-34.125
-32.0
-37.25
-35.375
-30.125
-37.0
-39.0
-31.375
-44.375
-60.375
-74.625
-88.375
-71.25
-54.5
-50.0
-57.125
-81.875
-87.75
-81.875
-70.875
-33.75
-27.25
-48.125
-34.625
-25.625
-39.0
-46.25
-49.75
-41.625
-26.125
-32.0
-24.625
-11.75
-21.875
-24.125
-21.375
-29.5
-46.625
-56.5
-56.0
-49.5
-47.0
-54.25
-47.375
-33.0
-31.875
-32.625
-27.375
-20.875
-17.25
-20.75
-31.0
-36.875
-25.75
-17.5
-18.75
-16.0
-17.875
-14.75
-3.0
-8.75
-25.25
-18.625
-8.625
-13.375
-10.0
-3.25
-8.25
-16.625
-26.125
-42.75
-53.5
-47.875
-27.25
-10.875
-13.25
-13.875
-11.5
-11.5
-17.5
-36.25
-53.75
-48.125
-31.0
-26.25
-21.5
-16.0
-19.0
-27.125
-30.125
-15.875
-13.125
-24.125
-9.625
0.125
-4.625
-5.25
-10.0
-6.125
-7.125
-19.75
-13.5
-2.875
-15.75
-28.25
-22.0
-18.75
-23.625
-24.75
-14.25
-0.375
-1.875
-18.875
-26.875
-25.75
-32.5
-30.625
-16.375
-3.0
8.375
8.875
-1.25
-9.375
-16.375
-14.0
-15.0
-17.5
-17.75
-10.375
6.125
3.5
-8.375
-10.25
-12.125
-18.625
-10.25
-0.625
-11.125
-19.625
-14.0
-7.625
-4.0
-14.5
-17.375
-4.0
-11.5
-24.0
-13.625
-2.375
1.75
5.625
9.75
14.375
-3.5
-20.5
-24.75
-28.875
-12.125
16.75
9.625
-19.125
-8.625
7.875
-9.625
-18.0
-10.5
-4.5
-14.5
-27.875
-15.25
-11.375
-12.25
3.625
6.5
5.75
6.375
4.625
16.0
14.0
-4.875
-12.375
-14.75
-8.5
-0.875
-6.375
2.25
9.125
-0.125
0.625
-3.75
-11.875
-3.25
-6.75
-19.75
-16.125
-6.25
1.125
-10.5
-27.625
-32.625
-27.375
-9.625
-1.0
4.0
11.0
12.5
24.25
21.375
9.625
-8.625
-31.0
-8.5
16.25
18.0
17.875
23.375
17.875
2.0
-1.375
8.25
17.125
9.875
-0.125
-18.75
-17.25
4.5
8.0
8.0
5.0
17.625
24.0
8.625
8.625
6.0
1.25
8.875
15.0
17.625
15.625
4.5
1.0
3.125
6.5
17.875
1.25
-22.5
-11.5
2.75
-1.25
0.125
-3.125
-28.625
-29.25
6.0
24.125
20.375
12.625
-0.75
-3.5
0.5
2.25
7.875
10.875
12.75
6.0
-1.75
4.375
3.125
-19.25
-35.125
-33.25
-19.625
-7.625
4.0
10.0
0.5
-1.25
6.375
-5.0
-5.5
17.0
17.0
13.625
11.5
-2.0
-5.75
10.5
13.625
-3.75
-9.75
-0.375
6.75
13.25
27.375
26.625
8.0
3.625
11.375
0.5
-12.875
0.25
18.25
23.75
26.875
20.25
7.25
11.375
11.875
-13.875
-26.125
-5.625
-4.625
-18.25
1.5
-7.5
-27.25
-10.875
15.5
21.5
6.5
4.25
3.625
-3.5
-9.375
5.625
27.5
26.5
1.875
-15.375
1.0
15.5
16.0
24.125
22.0
17.75
18.25
10.875
13.0
18.125
11.75
12.625
19.75
21.25
25.125
19.375
-8.75
-13.375
20.625
28.125
8.75
11.875
29.875
37.5
34.625
32.875
35.375
32.75
40.5
45.5
25.375
24.625
29.25
20.375
18.625
26.125
39.75
38.75
30.625
40.25
48.125
33.0
14.0
18.625
35.75
41.0
42.875
47.875
53.5
47.5
44.25
59.0
43.125
10.125
5.125
18.25
31.375
20.75
32.375
50.5
27.625
16.125
13.125
2.875
4.375
15.25
12.875
-1.125
16.75
40.0
30.625
22.125
34.875
34.5
15.375
9.75
20.625
31.25
34.25
33.0
20.25
14.375
23.5
34.75
36.125
23.375
24.375
29.375
27.125
38.25
44.625
42.125
42.125
29.25
13.625
7.5
7.75
13.5
17.75
33.0
39.0
27.625
29.25
34.25
30.625
12.75
6.625
25.875
38.625
45.5
35.125
2.0
5.5
15.0
-2.875
12.5
21.125
6.125
11.875
20.25
20.0
16.75
11.75
16.5
12.125
4.5
27.625
31.375
10.0
24.875
48.625
53.375
22.75
-8.375
0.625
10.625
17.875
18.25
2.75
2.625
29.0
40.5
35.375
29.125
25.625
34.625
33.5
28.75
33.875
27.0
15.75
25.375
27.0
13.5
21.75
29.25
26.5
30.875
22.875
16.125
38.75
47.5
22.5
1.375
3.25
36.25
56.75
44.0
33.125
27.875
18.875
15.25
8.875
-11.0
-3.25
12.875
11.5
18.75
10.5
-5.0
10.875
28.0
30.125
43.625
35.625
13.0
14.0
26.75
42.0
39.75
24.125
25.625
39.625
35.5
22.75
23.0
29.75
32.125
27.375
17.875
15.375
24.25
31.0
23.125
19.875
27.25
34.5
19.625
-3.875
3.375
14.75
4.625
-18.5
-15.875
-3.125
3.875
10.125
23.875
49.875
45.0
24.0
23.75
30.625
35.25
44.0
42.25
33.0
29.75
25.5
27.75
33.5
24.375
2.125
3.0
21.5
17.75
15.75
16.0
13.125
0.875
-4.25
18.375
16.5
5.5
-0.25
4.875
21.5
25.25
27.75
23.375
22.625
18.5
3.125
0.375
8.75
9.75
14.0
20.25
17.125
7.375
-5.125
-2.125
27.5
26.75
-0.25
12.5
15.125
-10.75
-3.625
17.5
24.25
27.25
20.5
12.5
4.75
-2.375
-13.625
-10.125
7.375
8.875
1.125
-8.25
2.25
23.75
16.0
-12.0
-18.375
-11.75
-18.125
-16.125
0.375
12.25
14.0
13.0
12.625
2.625
-4.0
-14.375
-21.5
-20.0
-22.875
-5.0
5.125
-8.875
-15.0
-15.5
-14.5
-9.75
-13.125
-18.0
-10.5
-5.5
-21.375
-23.875
0.125
2.0
-1.75
5.5
-2.125
-11.25
-5.25
-11.375
-22.625
-10.25
-16.875
-11.0
19.125
12.5
-5.625
-13.0
-22.0
-22.875
-13.5
-14.75
-17.125
-21.75
-21.625
-2.375
9.875
26.25
21.25
-4.125
-3.625
-1.75
-2.75
7.0
16.0
12.625
3.375
-10.0
-22.25
-12.75
2.625
-4.0
-7.25
-13.0
-22.75
-20.75
-37.0
-26.875
4.625
6.75
-8.0
-14.875
-4.75
-1.375
2.875
6.125
-6.375
-6.5
8.5
8.0
-4.625
-8.875
1.75
20.25
15.75
-3.25
-10.375
-1.5
12.5
-0.75
-1.25
10.125
4.5
-5.125
-3.125
6.875
-4.375
-6.125
6.75
15.25
20.625
12.375
7.25
17.375
21.0
19.5
13.25
3.375
-0.75
-1.875
-16.25
-20.125
1.25
-1.125
-2.5
0.375
-0.125
3.0
-24.25
-27.625
-0.125
6.875
8.125
-1.625
-13.875
10.375
35.125
24.25
12.5
15.125
9.75
-6.5
-10.0
-10.875
-5.375
21.75
23.75
8.5
20.5
29.0
20.0
9.0
1.5
3.375
-1.625
14.875
38.625
29.5
23.375
-4.0
-44.375
-55.375
-48.125
-14.0
7.125
-2.375
10.625
7.625
-1.75
17.0
9.0
-8.0
1.875
-0.375
-16.25
-15.625
-2.375
0.0
-7.0
-4.875
1.125
-3.125
-14.5
-12.625
-2.375
-9.75
-30.5
-42.875
-38.375
-24.25
-9.5
-7.5
5.125
17.625
5.75
4.125
5.125
-8.375
-20.625
-13.0
-7.5
-13.375
-4.125
6.25
-2.625
-4.875
2.375
-0.25
6.875
18.625
19.25
12.875
8.25
-4.0
-14.125
-2.375
-10.75
-24.875
-27.625
-56.0
-58.25
-8.25
14.125
4.375
-11.125
-13.125
2.5
-4.375
-20.875
-10.25
2.5
5.375
27.5
32.0
20.125
18.625
3.75
3.125
10.75
0.5
-17.625
-17.25
-16.875
-22.875
-12.25
-12.5
1.125
19.25
17.5
11.25
8.25
16.375
16.125
6.75
25.375
33.125
12.875
14.25
28.5
23.25
9.375
5.625
0.0
-8.5
-7.0
-5.625
-22.5
-23.875
-16.5
-26.125
0.375
36.0
36.75
49.875
47.125
28.5
23.5
8.375
7.125
9.625
5.75
13.125
9.25
-4.0
-7.625
-4.875
0.25
-7.75
-37.75
-61.0
-39.5
5.0
8.375
-14.375
-16.0
7.75
16.0
0.875
-0.875
12.0
14.0
2.25
-8.125
-7.125
-6.125
-11.0
-11.0
-13.75
-17.75
-38.375
-44.625
-14.25
-2.375
-0.625
-4.5
-5.875
16.375
30.5
12.0
-4.875
8.625
10.375
-1.375
4.0
11.5
-12.25
-32.375
-32.75
-40.25
-36.0
-23.0
-20.0
-29.0
-34.25
-25.25
-8.25
10.625
13.375
6.625
19.75
33.25
32.25
33.5
22.25
10.125
13.625
15.875
19.625
13.25
-4.25
-34.875
-50.875
-27.0
-16.0
-18.0
-19.25
-7.5
18.125
10.625
-2.625
5.375
15.625
14.25
10.25
17.375
15.375
6.625
2.75
-2.75
-12.625
-17.25
-15.5
-20.375
-21.875
-3.125
2.125
-24.75
-23.0
-3.0
-25.625
-27.125
17.5
46.875
37.125
8.125
-0.375
2.875
0.25
-0.875
-1.0
-1.5
-4.5
-7.25
-5.125
-4.625
-0.75
6.0
2.0
-1.0
-21.125
-39.75
-5.625
7.75
0.0
11.0
0.375
-7.875
-4.625
-7.625
7.25
24.625
13.0
-2.375
9.0
14.125
-3.0
-6.0
-2.5
-4.875
-1.0
6.375
11.25
8.125
-7.0
-21.375
-6.875
23.25
29.0
17.625
12.875
10.125
3.625
-6.5
-16.25
-16.75
-17.75
-10.25
12.875
18.375
4.0
-6.625
-0.75
9.125
14.75
18.875
9.5
-1.0
2.25
9.5
1.875
-4.375
5.875
19.875
23.625
6.875
-19.75
-35.375
-16.125
-6.5
-32.25
-33.0
-20.0
-22.0
-23.25
-18.625
7.0
13.25
-11.125
-17.375
-14.75
-11.875
-4.25
-12.25
-19.75
-6.625
-5.25
-5.25
-3.75
-4.0
2.75
-4.5
-21.0
-18.375
-5.25
-16.0
-14.75
1.375
-2.25
-4.875
-5.5
-3.0
21.625
38.375
11.125
-6.875
6.0
12.375
7.875
2.875
1.125
-2.25
-9.75
-10.0
-3.125
-0.625
6.375
18.625
16.375
4.25
3.5
-2.0
-8.75
-6.375
-1.0
5.75
-9.75
-20.875
-2.375
3.625
-8.125
-0.5
3.0
-2.0
7.75
11.125
10.5
-1.5
-17.375
-2.875
13.375
14.875
16.125
6.5
-5.75
4.875
15.875
-6.625
-10.375
14.375
12.75
-5.875
-20.0
-14.25
-0.625
-0.625
-20.125
-38.125
-25.625
-12.125
-15.25
-19.625
0.75
22.25
12.375
0.0
5.625
20.0
25.375
-0.25
-19.875
-6.375
-7.25
-3.375
4.75
-10.25
-10.625
1.875
-5.75
-12.375
9.0
28.25
10.125
-19.125
-17.5
-4.0
-18.0
-32.375
-24.25
-15.25
-8.5
-10.625
-22.0
-37.125
-51.75
-48.125
-20.625
-0.125
9.625
10.375
0.375
-6.625
-3.125
-0.75
-13.0
-16.75
-4.75
3.5
4.25
12.375
11.75
-14.5
-37.875
-45.75
-36.375
-22.875
-12.375
-14.0
-33.125
-27.0
-19.5
-27.25
-20.5
-39.5
-57.625
-28.625
-0.5
1.125
-17.875
-27.625
-8.625
-16.125
-34.0
-20.0
-9.625
9.625
26.0
4.125
-11.75
-2.625
-5.0
-10.75
-0.25
7.0
-2.0
-17.0
-17.0
-15.25
-28.0
-33.375
-30.875
-32.0
-18.875
-1.125
5.375
-17.5
-53.0
-26.375
7.0
-5.375
-12.375
-16.375
-21.125
-19.125
-22.0
-8.25
0.25
-20.875
-28.25
-19.625
-17.625
-19.25
-19.75
-27.25
-34.0
-30.25
-23.25
-20.5
-26.375
-29.75
-19.125
-1.5
2.0
-3.25
6.0
4.875
5.875
10.5
-7.0
-5.75
3.5
-6.0
-5.5
-2.875
-7.875
-10.25
-18.375
-11.75
0.125
-11.875
-19.5
-15.75
-12.0
-2.875
6.375
9.25
5.5
15.5
4.25
-23.25
-14.25
-15.375
-3.375
31.5
13.375
-8.375
6.5
12.875
8.0
1.875
-0.75
0.875
-6.375
-10.125
-5.625
-6.375
-2.25
8.75
6.875
-7.75
-14.625
-3.875
5.125
-12.0
-32.875
-25.0
-4.0
4.5
4.625
8.5
4.625
2.875
16.125
19.75
14.375
14.25
0.5
-12.0
-2.125
-0.25
-10.625
-19.5
-21.125
-12.5
-2.75
-5.5
3.75
20.875
11.375
5.0
14.0
22.5
17.375
0.875
-7.0
-2.75
9.625
9.25
-12.375
-18.375
-17.75
-26.625
-20.75
-14.125
-21.75
-27.375
-20.5
-17.75
-27.125
-28.375
-11.0
10.625
2.625
-16.375
-21.375
-11.375
14.25
17.0
-5.75
-20.25
-16.5
-12.75
-15.5
-8.0
0.0
-1.25
-0.875
-0.125
-4.25
-6.5
-7.25
-10.5
-5.875
7.5
14.5
9.0
-15.625
-28.125
-9.625
-7.625
-9.25
2.75
-0.25
-18.125
-28.125
-18.125
0.625
15.625
7.625
-9.125
-18.375
-18.875
-7.75
2.875
5.0
5.875
2.25
-17.25
-31.75
-28.375
-26.125
-22.875
-15.0
-15.625
-17.125
-16.375
-14.75
-7.0
5.125
13.25
17.25
20.625
11.75
-4.0
-3.0
-4.875
-14.25
-8.5
-11.25
-19.75
-18.75
-18.875
-10.75
-10.375
-27.75
-29.125
-8.0
-6.5
-12.75
-10.875
-27.75
-16.125
19.75
21.125
0.0
-15.0
-19.375
-25.625
-24.375
-18.0
-19.625
-18.5
2.375
12.125
3.375
12.375
7.25
-10.75
-27.25
-36.125
-16.875
-7.25
-20.125
-31.25
-33.375
-28.625
-18.5
-15.625
-13.375
-3.0
-9.25
-8.375
6.125
-2.25
-17.0
-20.75
-26.75
-21.875
-18.0
-23.25
-10.75
-1.75
-11.125
-14.25
-3.125
4.625
-10.0
-4.875
24.25
23.0
8.0
9.875
13.5
9.0
-3.0
-9.375
0.75
1.75
-5.125
-5.875
0.375
2.5
-14.75
-33.25
-51.875
-48.625
-21.0
-23.625
-11.875
3.125
0.5
5.125
-11.75
-19.375
-4.875
-2.0
-3.0
3.125
6.5
6.875
-0.875
-11.125
-17.5
-15.5
-8.5
-13.375
-19.25
-36.875
-53.375
-47.125
-44.0
-51.0
-44.375
-13.125
7.125
-6.875
-24.0
-21.875
-12.0
-10.5
-9.25
-2.75
-5.75
-14.5
-16.5
-12.375
-11.125
-8.125
-3.625
-9.75
-19.75
-37.75
-42.625
-23.875
-19.625
-5.5
7.75
-18.0
-20.125
-3.75
-7.125
0.125
-6.5
-18.75
-20.375
-15.375
2.75
10.25
-0.625
-16.25
-18.875
-21.0
-35.625
-36.625
-27.25
-24.375
-27.125
-26.25
-19.5
-37.875
-59.0
-44.875
-34.75
-17.0
-1.625
-19.0
-25.625
-21.25
-18.125
-22.375
-27.75
-27.875
-26.375
-15.875
-6.0
-4.125
-2.5
2.75
-5.125
-30.625
-39.375
-23.0
-11.75
-26.125
-33.875
-15.875
-43.875
-72.875
-40.5
-27.75
-34.875
-20.875
-26.125
-42.5
-18.75
-10.5
-21.375
-11.0
-12.125
-22.375
-30.0
-34.25
-37.5
-38.125
-23.25
-12.0
-13.375
-34.375
-55.625
-54.25
-42.125
-36.0
-40.625
-52.75
-61.25
-32.375
-9.625
-28.625
-43.25
-15.875
-0.5
-31.875
-25.0
-3.625
-19.125
-27.25
-24.375
-31.5
-36.5
-21.25
-15.0
-19.625
-19.125
-16.0
-3.625
4.375
0.125
-4.25
-4.0
-1.0
-2.375
-15.125
-33.25
-36.5
-12.375
-10.25
-33.375
-24.25
-4.625
-9.75
-9.75
0.75
-9.75
-15.125
-13.375
-19.125
-17.125
-15.0
-13.375
-16.875
-17.125
-4.375
-2.75
-2.25
9.875
11.25
-2.625
-4.5
-12.75
-35.5
-28.0
-20.75
-31.125
-19.5
3.375
11.5
-2.0
-11.625
4.0
6.0
-14.125
-10.0
-0.875
-3.125
-5.875
-14.0
-17.875
-6.375
2.625
-4.25
-2.25
-12.375
-19.375
-3.125
8.25
0.625
-4.5
8.375
12.625
2.75
-9.25
-16.625
-14.625
-14.125
-15.0
-13.375
-13.375
-11.625
-8.0
-15.0
-38.375
-50.5
-40.875
-40.75
-67.0
-62.75
-23.0
-36.375
-55.25
-13.625
3.875
-0.875
8.5
6.875
-1.125
-8.125
-10.625
-24.25
-36.125
-31.625
-27.5
-21.625
-18.625
-18.625
-19.75
-24.5
-19.125
-14.75
-12.375
-1.5
1.75
-4.375
-10.75
-9.625
-6.625
-6.625
-12.125
-25.125
-21.0
-15.125
-28.0
-38.375
-44.875
-39.625
-27.625
-26.5
-33.875
-35.0
-13.25
4.375
9.625
4.125
-2.625
12.5
23.0
18.75
19.375
13.875
-10.5
-20.25
3.5
1.5
-25.5
-16.25
-4.125
-11.875
-11.125
-2.25
6.375
-1.125
-10.5
-5.375
-12.875
-13.125
7.0
10.375
-4.875
-13.75
-13.75
-11.875
-11.125
-18.25
-35.0
-30.0
2.625
9.875
-6.25
-9.375
-1.25
-2.25
-11.0
-10.5
-7.5
-5.5
0.125
9.5
5.875
-12.375
-16.625
-17.0
-18.625
-18.375
-23.75
-19.5
-8.0
-2.625
-5.875
-11.5
-17.875
-18.125
-15.25
-14.625
-27.125
-50.625
-36.625
-8.0
-4.75
-6.125
11.0
19.375
5.0
-2.375
-5.25
-0.75
10.0
5.625
-15.75
-27.375
-19.0
-7.875
-5.375
-2.875
0.0
-10.5
-12.25
-23.5
-60.5
-58.75
-35.0
-54.0
-57.875
-27.125
-17.875
-21.5
-21.625
-11.125
-7.5
-18.0
-12.125
-6.625
-14.75
-6.625
1.375
-20.75
-39.125
-27.625
-9.75
-2.0
-15.75
-36.875
-38.625
-40.0
-55.625
-47.625
-20.75
-22.125
-43.5
-37.375
-21.875
-26.875
-32.75
-24.0
-11.0
-12.375
-21.375
-29.25
-35.75
-38.75
-40.625
-47.875
-50.125
-45.75
-46.125
-57.875
-65.875
-48.5
-45.5
-41.375
-17.5
-10.25
-15.5
-20.125
-24.125
-27.5
-22.375
-14.75
-13.5
-16.0
-12.25
-19.5
-38.5
-32.5
-29.75
-41.125
-37.75
-44.625
-42.75
-27.625
-43.875
-48.875
-36.625
-39.875
-40.25
-34.0
-15.75
-1.75
-5.625
-3.75
-3.875
-11.125
-8.5
-15.375
-28.0
-24.0
-31.75
-44.375
-25.5
-6.375
-11.25
-14.0
-10.625
-17.875
-22.5
-24.25
-34.125
-30.875
-5.0
9.375
2.375
3.0
-3.875
-22.0
-25.5
-19.625
-15.625
-14.875
-14.5
-10.375
-9.0
-30.125
-39.0
-15.25
-6.375
-28.5
-37.25
-15.75
4.0
-8.5
-24.875
-6.75
4.625
-4.5
-3.625
5.125
6.625
2.0
-1.0
-6.25
-9.625
-7.875
-7.75
-11.75
-7.125
-0.5
-17.875
-25.125
-18.5
-27.75
-22.0
-3.25
-5.75
-17.625
-13.25
-1.125
-7.25
-16.0
-8.5
-7.375
-16.25
-7.375
1.875
12.625
31.25
17.25
-10.125
-10.875
-4.5
-8.75
-15.25
-21.875
-33.75
-22.0
6.25
4.5
5.0
5.375
-8.0
0.75
4.875
-11.875
-9.25
-4.75
-3.125
-5.375
-7.5
0.25
-5.75
-7.125
-8.875
-4.875
5.0
-5.875
-6.875
-4.25
-15.125
-16.0
-13.5
-6.125
1.75
-1.875
-18.0
-33.125
-21.5
9.75
12.375
-22.875
-41.25
-36.375
-31.25
-29.875
-29.0
-24.875
-27.0
-32.0
-29.875
-11.625
6.375
-0.25
-9.875
-1.75
5.0
-2.5
-7.125
-2.625
-1.75
-5.375
-13.375
-25.0
-22.0
-12.25
-7.0
-1.375
-3.625
-24.125
-43.375
-29.875
-12.5
-25.125
-27.125
12.625
29.375
-0.25
-12.0
-8.5
-10.75
-12.25
-14.25
-11.125
-12.25
-8.0
10.375
10.5
-2.5
-5.75
-0.75
2.875
-9.625
-34.5
-40.375
-52.0
-47.5
-20.875
-11.5
13.75
15.75
-12.25
-15.25
2.375
4.5
-6.75
-6.75
-3.875
2.0
12.75
-1.5
-14.125
-12.25
-7.375
4.875
-18.125
-40.75
-37.875
-32.875
-6.5
5.125
2.75
8.5
-2.125
-7.875
0.5
5.75
9.125
6.75
1.75
-8.75
-23.375
-22.75
-5.75
7.875
10.125
22.0
14.25
-13.625
-10.5
-7.0
-13.25
-3.75
1.25
2.625
1.625
-4.0
3.625
9.875
13.5
19.625
17.125
11.0
18.125
24.75
4.875
-13.25
-9.125
-3.25
-7.5
-25.5
-41.0
-51.5
-50.5
-28.75
-20.75
-18.375
1.75
14.875
6.25
14.0
19.875
-2.625
-5.0
-8.5
-25.5
-23.5
-20.0
-14.5
-10.25
-21.875
-30.5
-29.0
-37.625
-40.125
-7.125
7.75
5.25
5.75
7.25
16.25
8.375
-4.875
-4.25
-13.25
-22.375
-1.25
19.375
15.0
5.0
5.875
2.625
-0.5
7.5
7.375
-1.625
-9.875
-21.25
-19.75
-17.5
-15.875
-7.0
-9.875
-16.5
-7.375
-1.5
-10.375
-13.5
-10.375
-0.625
5.5
5.0
10.625
15.75
15.5
12.625
3.125
1.375
1.125
-9.875
-12.25
-13.375
-21.25
-24.0
-28.375
-27.375
-23.375
-4.875
13.125
-5.625
-4.75
6.875
-6.25
-6.375
5.375
3.75
-1.75
-1.25
6.125
13.25
4.625
5.125
5.5
-14.5
-2.0
21.875
5.625
-16.125
-22.25
-21.75
-24.75
-29.375
-27.75
-7.75
-3.25
-14.25
-2.5
-9.0
-23.875
-18.125
-15.25
-2.0
5.25
-4.375
13.25
21.75
-9.875
-12.25
14.625
19.125
-3.875
-27.125
-13.375
-2.25
-12.75
-16.875
-21.125
-20.125
-8.875
-2.375
-11.0
-17.75
-17.125
-15.5
-13.25
-4.75
-9.75
-36.75
-27.875
1.0
2.75
6.875
9.75
4.125
-4.0
-20.5
-20.75
2.875
11.875
2.5
3.5
7.0
-6.75
-12.75
-11.75
-30.875
-44.125
-40.625
-40.75
-39.5
-36.25
-33.0
-26.5
-29.875
-36.0
-33.75
-2.125
13.25
8.375
33.875
33.875
13.0
17.25
14.25
-4.875
-21.25
-31.125
-27.25
-31.875
-45.375
-47.875
-39.5
-22.875
-24.375
-30.625
-19.5
-14.5
-13.0
-9.375
-23.875
-33.625
-14.125
-1.75
3.125
12.0
8.375
1.5
-8.75
-9.875
-0.75
-13.5
-32.625
-23.375
-12.25
-23.375
-35.875
-36.125
-35.5
-40.75
-47.5
-50.25
-34.875
-17.0
-12.75
9.625
27.25
16.875
13.0
8.375
9.5
9.125
-3.375
-10.0
-13.0
-12.25
-10.0
-11.75
-18.25
-28.375
-41.0
-45.75
-41.625
-35.875
-39.5
-45.125
-37.625
-55.125
-61.75
-19.0
-5.875
-23.5
-23.375
-6.5
7.125
3.0
-8.0
-15.375
-13.625
-19.75
-33.875
-33.875
-37.0
-43.375
-31.125
-26.625
-31.875
-24.25
-20.75
-20.75
-22.25
-25.25
-44.125
-37.625
1.75
-18.25
-38.0
-2.0
25.25
19.5
0.875
-3.0
3.875
-7.125
-23.5
-19.0
-30.875
-43.5
-35.625
-39.25
-42.125
-46.5
-31.875
-3.375
-9.25
-21.875
-7.75
5.5
-5.875
-17.75
-9.125
-6.25
-15.75
-14.75
-15.5
-17.625
-16.75
-17.0
-3.875
6.875
-9.5
-23.375
-10.75
-11.125
-35.625
-41.125
-27.375
-18.75
-7.75
-7.0
-10.75
-9.5
-12.625
-4.875
6.0
7.125
-0.75
-4.125
4.75
10.5
10.375
8.875
3.25
-0.125
-13.875
-23.75
-18.25
-36.5
-50.25
-29.875
-26.875
-37.375
-7.875
24.75
22.125
17.5
15.125
1.375
-9.25
-15.5
-9.25
-0.75
-13.0
-19.375
-10.375
-10.5
-17.125
-17.0
-11.75
-14.0
-33.625
-50.5
-43.625
-42.125
-57.125
-52.375
-21.0
-2.75
-20.5
-25.875
-25.0
-35.5
-33.25
-33.75
-28.875
-19.125
-16.5
-16.25
-18.5
-16.375
-13.0
-14.125
-15.5
-17.125
-35.625
-60.75
-51.125
-35.25
-26.875
7.25
19.375
-7.875
-37.0
-35.625
-20.125
-30.375
-32.375
-15.625
-8.0
-8.0
-12.75
-25.0
-26.0
-10.875
-5.375
-4.875
-1.5
-15.25
-25.25
-16.5
-16.75
-31.25
-33.875
-34.5
-41.25
-36.0
-27.0
-19.375
-15.125
-9.375
-4.5
-8.375
-14.25
-16.25
-10.0
-0.625
-1.625
-8.875
-9.25
-15.125
-32.5
-36.125
-27.125
-27.75
-32.625
-31.875
-29.75
-28.25
-31.125
-36.875
-15.0
10.0
3.5
-4.75
-6.125
-15.375
-28.0
-40.875
-41.625
-33.875
-46.25
-63.0
-61.625
-38.75
-13.0
-15.0
-21.25
-11.5
-6.5
-16.0
-27.125
-17.0
-13.125
-13.5
-9.125
-11.75
-9.625
-9.25
-15.125
-20.375
-34.25
-38.25
-26.0
-40.5
-55.875
-48.375
-33.0
-14.125
0.75
-0.25
-5.75
-10.125
-18.25
-16.625
-9.125
-11.5
-19.125
-23.875
-19.25
-8.25
-14.75
-27.75
-26.125
-29.0
-33.25
-37.125
-39.0
-26.75
-35.25
-58.125
-39.125
-3.25
-2.5
-8.75
-13.0
-22.75
-18.125
-13.75
-24.875
-19.75
-2.0
-10.0
-27.75
-34.625
-30.125
-26.5
-28.875
-30.0
-35.25
-39.25
-33.75
-28.5
-29.875
-31.75
-24.5
-14.375
-15.125
-18.25
-24.0
-36.25
-19.25
4.875
1.25
-11.5
-15.375
-6.75
-1.875
6.625
10.875
1.625
-3.875
-11.875
-17.375
-16.25
-19.75
-21.625
-14.375
-15.625
-26.875
-19.25
-6.5
-11.375
-18.375
-17.25
-22.125
-33.25
-29.5
-25.75
-19.375
-14.75
-13.125
-11.125
-4.625
8.125
-3.5
-13.125
1.75
5.5
-1.75
-0.75
-5.375
-8.25
-10.25
-29.875
-42.25
-29.375
-20.875
-24.75
-19.25
-4.0
-2.75
-13.5
-12.125
-13.625
-25.25
-48.125
-46.625
-15.25
-7.25
-10.875
-8.5
-5.375
-4.125
1.375
-5.5
-18.625
-24.25
-24.5
-21.875
-13.0
-7.125
-27.75
-45.25
-37.125
-30.25
-42.375
-43.375
-21.0
-14.0
-10.25
-4.375
-6.375
11.125
14.625
3.875
3.5
-8.875
-17.5
-16.375
-11.0
-3.0
-11.875
-28.0
-35.5
-39.625
-41.5
-51.0
-78.375
-83.25
-32.375
6.0
-15.375
-17.875
1.375
-7.625
-15.875
-20.875
-22.125
-17.375
-19.875
-20.625
-27.0
-29.625
-24.25
-16.5
-20.625
-41.25
-46.875
-61.25
-67.0
-58.125
-56.625
-40.625
-44.375
-62.0
-33.125
-12.125
-30.75
-16.75
-5.0
-12.625
3.375
18.0
11.125
-3.375
-17.875
-25.0
-18.625
-13.625
-5.875
6.875
10.5
3.875
-15.75
-30.25
-28.125
-24.125
-24.5
-24.0
-29.125
-36.75
-5.875
33.375
24.75
-6.25
-6.125
0.75
-11.25
-1.125
14.75
15.875
21.25
19.0
4.625
-2.625
-0.5
1.5
8.375
10.25
-1.125
-1.875
0.0
2.5
11.0
4.375
-6.5
-16.875
-17.375
10.25
21.625
3.875
-2.125
11.75
14.75
6.5
4.875
-1.875
-15.625
-30.375
-30.625
-21.25
-35.0
-36.125
-23.125
-19.875
-8.75
-3.25
-12.875
-18.75
-20.875
-24.625
-16.0
-2.875
-4.125
-15.5
-23.75
-29.875
-29.25
-18.0
-14.375
-25.25
-30.875
-19.125
-18.5
-16.0
1.0
0.25
-20.875
-38.5
-28.875
-14.625
-16.125
-16.125
-17.375
-15.5
0.75
4.375
-7.375
-19.125
-21.0
-13.75
-12.75
-29.5
-42.875
-31.0
-11.125
-10.625
-26.625
-28.5
-14.875
-14.375
-25.125
-32.75
-30.0
-15.5
-13.625
-20.25
-26.875
-36.75
-51.0
-44.5
-19.375
-14.0
-18.625
-22.875
-27.75
-23.0
-13.375
-9.5
-1.625
-2.125
-7.625
-4.875
-4.5
-9.125
-18.625
-30.5
