-7.875
-64.75
-52.125
-18.5
-26.0
-22.875
26.875
42.375
-13.25
-41.125
-22.375
-18.75
-32.75
-9.75
18.625
7.125
-3.25
0.625
10.375
6.875
1.875
-0.125
-3.875
10.375
10.625
14.625
5.125
-24.75
6.0
23.25
-17.375
-21.75
0.125
-1.875
-5.75
0.0
-2.875
5.125
20.125
2.125
-13.0
-5.125
-13.0
-23.5
-13.25
0.5
9.75
16.125
5.25
-11.5
-30.125
-28.875
-18.625
-17.625
-13.5
-10.0
1.5
16.5
14.5
4.75
-6.25
-11.75
-2.25
-8.0
-11.75
-4.25
-2.5
-7.75
-15.25
-16.875
-20.0
-19.0
-11.875
-2.0
-4.5
-13.0
4.625
18.5
-4.125
-34.25
-31.625
-9.625
-7.0
2.75
23.75
17.875
-1.5
-17.0
-10.375
3.5
1.375
-9.625
-5.0
5.0
-6.5
-17.875
-2.25
15.75
4.375
8.75
24.375
9.25
-13.625
-7.25
12.75
15.5
25.125
29.875
11.0
4.625
18.125
30.5
22.125
-0.5
7.0
23.25
21.0
12.0
-0.5
0.875
5.875
15.75
21.125
7.375
8.75
10.0
5.75
14.125
15.75
14.25
31.25
27.875
-15.5
-22.0
2.0
3.375
-5.375
-2.875
8.125
1.875
-4.375
4.25
-4.25
-16.5
-2.875
10.625
-6.75
-27.25
-25.125
-8.625
-1.75
6.125
23.625
10.25
-10.25
-4.5
-4.0
-14.25
-7.5
3.875
1.25
-9.0
-19.125
-12.25
0.0
-16.75
-30.75
-27.375
-20.625
-24.625
-22.125
11.625
10.5
-9.625
-1.375
13.125
12.875
-9.0
-22.75
-21.5
-22.0
-22.0
-19.875
-31.375
-31.125
-15.125
-13.5
-10.75
-9.875
-17.25
-21.375
-18.25
-20.75
-26.375
-6.0
-12.375
-41.875
-28.875
-7.0
-4.125
-2.75
-12.125
-14.25
9.625
17.625
-12.125
-25.5
4.375
9.0
-11.25
-9.0
9.375
5.5
-13.625
-18.375
-5.875
-1.5
-3.75
11.25
2.625
-1.625
16.125
9.0
-5.0
-0.75
6.625
-1.625
-3.25
0.125
-7.125
-2.0
7.75
0.0
-1.375
7.875
21.875
29.375
15.625
16.25
27.5
23.75
14.875
10.0
14.375
19.625
10.25
-13.125
3.75
41.125
30.5
14.625
16.75
16.5
7.375
2.875
9.0
-3.75
-14.75
-10.125
-1.625
4.375
5.5
-1.125
-6.375
6.0
9.25
14.125
14.375
11.25
24.125
33.125
37.875
32.875
28.25
42.25
49.0
36.5
44.125
56.0
48.5
40.875
29.625
16.25
8.0
0.0
-12.625
-15.25
-1.75
11.625
10.375
1.375
-2.5
6.0
12.25
19.25
25.0
13.625
-8.5
-8.375
17.125
16.5
-4.875
7.0
28.75
21.5
0.5
-16.5
-12.125
4.625
8.0
-9.5
-11.375
10.25
11.75
4.75
3.75
7.5
16.0
12.5
-2.5
2.375
29.875
34.125
2.125
-17.5
-0.375
10.875
-6.875
-21.625
-18.75
-9.625
-7.5
-16.125
-13.625
-16.25
-19.25
1.5
11.0
-2.625
-15.0
-12.75
-10.125
-6.0
7.25
6.25
0.25
2.375
11.375
11.5
6.25
17.625
9.25
0.125
11.25
-4.125
-21.0
3.375
6.75
-22.0
-25.5
-3.625
9.625
-0.5
-7.75
-15.0
-23.5
-23.75
-15.75
-8.5
-7.125
-3.875
-4.375
3.375
1.25
-27.125
-36.75
-13.75
-1.875
-3.75
1.875
-2.875
-15.125
-10.75
-14.75
-27.625
-30.625
-25.5
-8.75
5.125
-1.375
-5.75
-2.375
-12.25
4.875
16.125
-1.875
-10.375
-11.0
-7.625
1.375
13.25
11.0
3.0
-0.75
0.875
2.5
-7.375
-15.5
-21.75
-3.0
28.5
7.875
-22.125
-37.875
-30.375
9.125
20.875
7.25
0.875
7.0
3.5
-1.5
2.75
-4.75
-7.25
0.0
-7.375
-13.125
4.375
9.5
3.375
9.0
7.625
-0.375
-7.0
-2.625
15.375
9.625
-14.25
-12.0
-0.875
-12.0
-13.125
16.375
33.125
8.125
-21.0
-7.75
4.375
-11.25
-6.625
-2.625
-5.25
-4.75
4.0
11.5
-14.625
-28.625
-21.5
-11.5
6.5
14.0
-7.875
-32.625
-22.625
-11.5
-6.5
2.375
-4.75
4.5
16.75
-15.375
-21.75
8.5
13.0
-0.25
-9.375
-11.0
-2.5
10.375
7.5
1.75
-2.75
-5.5
3.0
11.875
2.375
-1.25
12.125
16.125
7.375
-9.5
-13.375
0.0
9.375
3.0
-7.625
-9.5
0.75
-0.625
-19.0
-21.625
-10.375
-1.0
-9.5
-3.125
11.875
-2.25
1.0
-5.75
-24.625
-13.125
7.25
14.25
7.75
11.125
1.625
-24.25
-20.25
0.875
1.375
-10.375
-16.0
-10.0
-12.375
-15.625
-3.0
3.875
-4.875
-3.25
19.0
28.0
25.875
14.125
-12.625
-17.625
-3.5
5.5
-1.5
-0.375
33.375
28.25
-22.5
-31.625
-12.375
-7.25
2.25
15.875
13.5
3.0
-3.125
0.625
9.125
5.875
11.125
28.0
7.25
-16.875
-6.5
6.375
4.0
-2.0
3.875
7.625
-7.625
-14.75
-0.75
3.625
6.625
13.5
15.0
11.375
3.375
2.625
3.75
-1.375
-6.0
-6.75
-5.75
-3.375
-0.375
0.75
1.5
6.0
-7.5
-20.125
-2.0
-7.25
-12.5
-2.75
-7.625
3.375
11.125
-2.375
1.0
17.0
14.75
1.125
-2.5
8.25
7.375
-8.5
-14.25
-1.875
4.5
-4.875
-10.125
-21.375
-24.0
6.625
23.5
17.75
10.0
16.0
14.25
-9.875
-9.125
6.875
6.75
-5.875
-10.625
-7.25
-1.875
4.25
10.375
8.875
4.25
7.75
7.375
-1.875
-13.5
5.25
20.5
-3.375
-2.25
1.75
-11.25
-14.5
-10.875
2.625
6.625
-1.25
-10.625
-10.0
0.875
9.125
19.375
23.25
9.75
-0.375
-9.25
-17.25
-10.5
10.0
15.75
-5.125
1.625
16.125
-6.625
-19.125
-11.875
-6.875
-10.625
6.875
29.875
12.25
9.625
17.5
-6.5
0.0
13.875
-4.25
-6.75
-3.25
-2.25
12.625
4.125
-21.875
-9.875
5.375
5.875
7.5
-1.5
-12.0
-11.375
10.25
31.375
31.125
45.125
82.0
86.125
56.125
27.25
19.0
27.625
31.5
30.75
11.5
6.375
16.375
17.125
11.0
17.375
33.125
22.875
-8.75
-13.125
11.125
-2.875
-16.75
20.625
27.25
0.125
-6.125
-4.125
-11.25
-20.875
-17.0
-6.0
-1.875
-0.125
-9.375
-7.125
24.75
36.75
18.5
-15.375
-25.125
-20.75
-22.5
-20.5
-28.0
-4.0
17.0
-7.5
-20.0
-18.125
-15.625
-7.25
-1.125
3.5
2.875
-16.875
-25.875
-5.125
4.875
-13.5
-19.125
4.375
-0.75
-27.375
-6.125
14.25
8.125
8.5
-2.375
-4.625
-2.625
-13.875
-15.125
-17.5
-32.5
-38.75
-37.25
-45.375
-61.625
-59.375
-44.0
-41.75
-40.25
-35.625
-44.75
-44.375
-30.5
-37.625
-38.0
-52.5
-71.875
-26.25
-1.5
-28.75
-29.875
-22.0
-39.25
-55.0
-53.375
-51.25
-38.5
-30.5
-57.5
-66.5
-53.0
-62.125
-64.75
-51.5
-43.625
-44.5
-56.75
-67.0
-60.125
-47.125
-44.375
-41.875
-34.125
-38.375
-41.375
-25.25
-6.25
-15.25
-21.625
-5.625
-11.375
-32.25
-50.75
-72.625
-76.0
-60.375
-51.25
-41.375
-34.0
-33.875
-29.625
-38.375
-55.125
-52.25
-53.625
-77.875
-77.5
-57.875
-63.375
-59.125
-41.75
-53.5
-68.5
-47.875
-31.0
-44.125
-54.75
-48.5
-34.375
-36.625
-49.625
-42.125
-32.875
-34.875
-30.75
-30.75
-39.5
-46.375
-46.0
-37.25
-44.125
-47.375
-38.875
-42.125
-37.5
-36.125
-43.625
-38.125
-45.875
-68.375
-60.0
-63.375
-70.375
-54.125
-59.875
-60.25
-57.5
-59.375
-38.375
-32.375
-59.5
-62.5
-48.25
-44.375
-40.0
-44.0
-57.625
-67.75
-60.5
-44.75
-57.625
-76.0
-57.375
-46.625
-55.75
-56.875
-52.25
-54.625
-61.5
-55.375
-48.125
-49.375
-56.375
-43.125
-34.375
-57.875
-58.625
-36.5
-28.625
-36.5
-31.625
-18.75
-36.0
-56.375
-47.0
-44.125
-63.875
-74.625
-80.75
-87.25
-80.0
-82.0
-84.625
-82.625
-85.375
-79.25
-76.0
-61.0
-46.375
-59.0
-64.625
-43.875
-19.5
-36.75
-69.75
-58.375
-48.0
-66.125
-73.375
-46.625
-22.75
-35.125
-43.125
-37.0
-44.5
-56.75
-58.5
-58.0
-72.625
-81.125
-65.375
-59.375
-60.75
-53.75
-58.875
-62.5
-54.25
-60.375
-66.375
-71.0
-82.625
-55.125
-30.625
-54.625
-77.625
-83.75
-77.0
-69.25
-67.0
-55.5
-44.5
-42.375
-21.0
-17.625
-40.25
-41.625
-51.0
-62.5
-54.75
-48.875
-43.375
-46.375
-64.25
-60.25
-46.625
-54.5
-44.625
-32.625
-42.5
-39.75
-19.25
-24.25
-36.875
-24.75
-36.125
-51.75
-61.5
-74.125
-69.625
-71.625
-79.75
-77.375
-70.875
-62.75
-50.375
-37.75
-46.25
-59.5
-60.25
-72.625
-70.625
-57.875
-57.375
-66.875
-69.5
-59.25
-51.375
-46.25
-47.125
-40.625
-46.0
-64.5
-66.75
-65.0
-60.25
-62.875
-70.25
-72.625
-71.0
-55.625
-53.75
-66.875
-58.0
-60.125
-65.75
-47.875
-54.125
-53.875
-38.625
-44.125
-48.0
-50.625
-48.0
-37.0
-56.375
-59.0
-31.375
-50.5
-63.25
-33.75
-19.75
-35.5
-55.75
-57.125
-54.875
-40.875
-18.625
-29.25
-46.0
-51.5
-38.875
-25.875
-60.625
-87.875
-69.0
-75.0
-95.0
-73.75
-59.375
-74.25
-77.375
-66.625
-61.25
-46.75
-25.5
-21.0
-29.75
-54.75
-69.25
-69.75
-79.75
-77.75
-64.875
-75.25
-75.625
-44.375
-40.75
-33.5
-19.625
-30.875
-34.375
-35.75
-41.75
-32.75
-28.5
-31.625
-29.625
-35.5
-30.0
-35.875
-59.0
-68.75
-94.0
-90.125
-49.0
-48.375
-57.25
-51.125
-47.875
-43.0
-36.0
-21.375
-20.875
-22.625
-10.25
-14.125
-24.375
-19.875
-27.75
-36.375
-25.875
-31.875
-49.375
-38.75
-15.5
-13.0
-16.75
-10.0
-5.0
-10.625
-5.125
10.375
-6.0
-31.125
-21.25
-11.125
-18.75
-17.625
-3.375
4.0
-6.375
-7.0
12.0
3.625
-20.625
-22.375
-19.5
-21.25
-31.875
-22.0
6.375
0.75
-32.625
-59.625
-78.125
-57.5
-31.5
-33.625
-23.5
-16.875
-22.375
-17.375
-3.0
-5.125
-18.625
10.875
19.75
-3.5
17.625
39.5
35.125
29.25
32.375
30.0
16.375
6.125
-2.875
-11.625
1.5
17.75
12.75
14.25
44.375
55.5
29.5
20.125
18.75
21.875
30.875
34.5
35.625
27.375
12.25
-1.25
-11.625
-9.125
10.0
4.125
-14.375
-17.25
-20.125
-26.75
-30.5
-26.875
-21.375
-10.5
14.25
34.5
43.375
54.125
58.5
53.0
62.25
58.75
40.125
47.5
47.875
30.5
39.25
52.0
46.625
51.125
44.625
40.375
60.875
64.75
54.25
49.625
37.625
6.75
8.0
45.75
48.375
31.5
24.375
31.375
47.375
47.375
59.0
63.125
33.375
22.75
25.5
13.875
13.75
18.5
5.75
1.0
10.25
20.5
31.125
31.5
16.75
22.875
55.125
53.25
37.625
46.375
37.25
21.75
24.75
25.875
30.0
42.0
50.5
55.25
60.75
67.625
61.375
45.625
46.375
53.875
42.25
24.5
32.375
29.125
12.5
29.875
35.75
20.25
34.5
58.5
53.625
47.5
55.5
43.75
30.625
26.375
22.75
25.25
25.125
33.875
42.375
31.125
17.5
13.0
13.5
6.125
-0.625
7.25
10.75
34.875
45.25
24.875
44.75
60.875
52.25
59.0
58.5
36.625
5.875
-5.625
8.75
14.5
17.875
33.75
35.5
40.0
36.75
13.875
11.875
11.0
-1.75
-2.25
5.875
14.25
20.125
23.25
23.875
28.375
30.0
17.125
11.625
16.625
17.25
17.5
12.125
15.875
33.75
30.25
13.25
17.75
23.125
7.125
-1.25
5.875
12.875
20.875
28.75
24.25
1.5
-6.625
17.75
19.875
-2.125
-2.125
24.75
32.375
20.5
24.125
29.625
23.875
23.875
32.0
22.875
0.75
-10.25
-15.5
-19.75
-16.625
-13.375
-12.375
-15.5
2.25
18.125
6.625
14.5
18.125
5.0
0.25
-0.375
1.625
9.625
11.375
2.0
-8.875
-9.25
-2.875
7.25
8.0
-5.875
-19.5
-23.125
-5.0
22.0
42.125
36.0
20.875
15.125
4.0
-1.875
-1.25
-16.5
-27.125
-18.75
-12.75
-2.625
13.375
9.875
-4.375
-11.625
-22.75
-26.5
-34.25
-41.375
-33.5
-34.375
-25.375
7.375
25.5
18.25
5.25
2.5
9.125
4.625
-2.625
-2.375
-4.375
-12.125
-18.375
-13.25
-11.125
-10.75
-0.625
3.0
0.75
8.0
9.5
8.0
15.375
11.0
19.75
25.25
-1.875
3.0
21.375
3.75
0.0
19.0
13.25
-3.375
2.875
-1.625
-24.875
-29.625
-12.0
2.75
1.0
-3.5
6.0
12.375
8.25
16.625
16.5
4.375
11.75
15.875
10.125
15.0
11.875
-12.5
-26.625
-28.625
-18.625
1.25
4.75
-4.75
-13.125
-8.25
-7.0
-9.75
2.125
13.25
14.0
19.5
22.875
10.125
-3.25
1.125
12.0
20.25
18.0
1.625
-7.375
-8.875
0.875
3.5
-8.375
-2.0
12.5
24.625
36.0
9.25
-23.25
-14.375
-18.25
-22.75
-6.0
-12.25
-20.625
-9.5
-10.25
-8.75
19.0
41.0
44.875
42.125
35.75
36.375
32.375
18.25
9.125
3.5
7.125
18.25
12.75
2.5
13.0
19.0
17.375
21.875
20.875
15.375
3.0
-8.0
3.75
12.5
3.625
11.375
31.625
33.25
25.25
17.625
9.625
15.0
28.0
38.625
42.0
17.75
-5.75
-8.0
-23.25
-25.75
3.25
6.875
-9.625
0.75
36.375
49.625
22.125
-3.0
-4.5
4.5
11.0
6.75
2.75
10.625
-2.875
-14.125
5.75
20.0
15.5
4.375
3.75
10.25
13.375
12.375
7.25
2.625
-7.5
-7.5
-0.125
-8.5
-19.0
-23.5
-14.375
-1.5
-5.5
-4.625
1.5
4.0
5.5
2.5
2.25
-4.875
-4.125
14.25
13.125
-3.125
-12.125
2.625
11.75
-8.875
-15.5
-8.75
0.5
1.5
-24.0
-29.0
-11.625
-6.125
-9.75
-14.125
-20.75
-31.625
-28.875
-24.5
-27.0
-29.375
-42.5
-48.625
-45.375
-43.875
-40.75
-41.125
-31.0
-14.625
-13.25
-33.75
-46.25
-44.5
-44.875
-29.875
-15.5
-22.375
-23.375
-13.375
-21.25
-33.5
-26.875
-25.875
-27.125
-17.0
-19.25
-31.875
-37.5
-19.25
1.5
-4.5
-1.625
14.75
14.5
2.5
1.75
21.875
24.125
10.0
9.75
9.875
14.75
22.75
-0.625
-19.875
-13.5
-18.375
-18.0
-12.5
-11.125
1.375
38.125
49.125
12.75
-4.625
1.0
-1.75
-12.625
-16.0
-14.875
-13.5
-15.625
-12.375
-17.625
-7.0
14.0
3.875
-9.375
-20.875
-18.125
7.75
13.5
3.0
9.25
11.625
3.75
1.0
14.5
17.625
1.0
3.625
17.875
20.0
13.125
15.25
10.125
-14.875
-16.375
-9.375
-15.75
-17.0
-8.0
1.25
2.625
4.0
12.75
14.5
0.5
4.125
20.25
29.5
22.75
7.875
1.5
0.75
-7.875
-18.25
0.75
13.5
6.125
8.0
11.25
14.875
15.75
19.625
33.75
39.25
29.5
20.375
18.375
15.25
17.625
23.625
21.0
-1.75
-21.125
3.0
13.0
-10.0
-8.375
12.25
21.25
14.25
25.375
30.75
1.75
-10.375
-7.25
-19.375
-33.75
-30.25
-16.625
-17.0
-23.5
-17.25
-14.375
-15.375
-6.0
-1.0
-11.5
-15.25
-11.25
-10.375
0.0
15.5
12.375
-0.25
-11.75
-14.5
-2.625
1.0
7.5
19.75
-2.25
-9.25
21.5
31.5
7.75
-18.125
-30.375
-26.625
-2.25
1.125
-15.0
-10.5
6.625
7.125
-5.625
-7.875
1.5
1.375
-12.375
-9.25
-2.375
-6.5
-5.375
-1.5
0.75
10.375
18.5
16.25
10.75
9.875
10.375
14.375
21.125
2.25
-8.0
22.375
32.0
7.625
-5.375
-12.875
3.375
16.125
1.75
-1.875
2.875
12.25
24.375
33.375
31.25
30.875
28.375
9.25
-6.5
-22.625
-26.875
-12.125
-12.125
-14.625
-8.75
-13.875
-22.375
-17.875
-4.625
2.75
16.75
23.875
-3.0
-24.25
-12.625
0.25
2.75
5.875
7.625
3.25
0.0
6.0
6.75
5.125
8.875
12.875
19.375
25.25
27.875
23.375
9.125
-2.625
-8.125
-18.25
-23.625
-14.875
-4.75
4.625
10.875
11.875
16.125
23.5
24.75
24.75
40.25
48.0
39.875
12.125
-12.375
-14.375
-15.375
-19.875
-29.625
-16.5
22.375
34.625
12.375
2.25
2.75
-4.25
-17.25
-18.5
-3.875
9.5
11.875
3.5
-0.75
2.875
-5.0
-22.125
-24.0
-13.5
2.25
16.75
16.875
2.125
3.75
30.75
30.375
20.125
37.625
41.0
41.125
57.375
49.125
35.375
33.75
30.875
24.0
20.625
31.25
34.0
23.25
7.625
-10.625
-15.25
-8.25
0.75
16.625
23.0
29.125
36.375
30.375
28.125
31.5
34.25
24.25
5.5
4.25
7.875
-22.125
-36.875
-21.5
-19.25
-21.5
-21.0
-19.125
-21.875
-26.375
-12.25
-14.25
-16.625
11.375
10.375
3.125
20.75
30.0
31.0
24.75
12.875
1.125
-7.25
-16.5
-39.625
-31.25
-8.75
-10.375
-8.875
6.75
19.375
-3.625
-24.125
-10.0
0.125
2.5
-1.75
-4.0
2.0
2.75
3.5
-7.5
-8.125
12.125
13.0
3.625
9.875
12.875
20.0
13.625
-25.875
-20.875
15.25
9.375
-6.5
-11.625
-3.25
9.875
-0.625
-15.375
-6.375
13.875
20.875
20.125
21.125
19.75
6.875
-5.5
2.5
21.875
34.0
18.5
-7.875
-14.0
-5.375
-7.625
-11.875
-5.375
-2.75
2.875
11.875
24.125
29.125
26.5
20.375
-2.875
-23.625
-32.25
-15.5
13.375
-9.125
-36.375
-18.25
-1.25
1.625
-7.5
-1.25
18.0
16.125
16.625
15.125
-7.375
-13.375
-7.5
-6.25
-8.375
-6.125
7.0
7.5
10.0
6.125
-1.25
17.25
20.25
11.125
5.75
4.25
5.375
-1.625
0.875
-5.125
-11.625
-2.625
-7.875
-16.875
-8.5
-6.875
-13.375
0.625
13.0
9.125
-0.25
-19.875
-27.875
-17.125
-5.625
-5.625
-13.375
-6.875
-0.125
-7.625
-10.75
0.375
14.25
16.625
8.5
15.375
35.25
29.125
-4.75
-28.875
-41.75
-42.75
-22.25
-8.5
0.5
11.375
15.875
7.125
4.5
8.125
1.0
3.5
6.875
9.125
17.375
11.375
-9.875
-23.0
-7.75
3.25
-11.0
-19.5
-20.875
-14.625
-1.625
3.375
2.375
0.875
1.125
9.75
12.25
4.75
6.125
5.75
-8.5
-12.625
-1.5
4.875
-0.375
1.75
24.875
36.375
34.25
17.125
-0.125
9.75
3.125
-6.875
-8.5
-34.0
-33.625
11.125
20.0
1.5
2.875
5.0
6.375
13.375
20.75
5.5
-17.0
-18.5
-16.75
-8.125
-0.875
-13.5
-7.75
5.375
-7.75
-0.375
8.5
-4.625
-0.375
11.5
17.375
18.625
20.5
25.0
27.625
23.375
31.25
37.125
19.125
20.0
21.75
-6.5
-20.375
-13.875
-20.75
-24.625
-19.75
-18.375
14.125
29.625
12.5
9.125
5.125
11.125
14.25
0.625
-8.25
-26.0
-35.75
-16.5
-14.125
-13.0
-5.0
-4.125
0.75
-2.75
-2.875
-1.0
-12.625
-20.25
-18.625
-16.75
-12.875
-15.375
-25.875
-25.75
-6.0
-1.25
-9.625
26.625
58.375
20.625
-9.25
-1.5
-2.625
-6.25
2.75
1.875
-25.375
-40.625
-28.5
-19.0
-14.0
-11.375
-24.375
-25.0
-3.0
-5.25
-23.375
-14.125
-9.5
-18.625
-11.375
-2.75
2.375
6.5
17.75
25.25
16.0
-5.375
-18.875
-2.25
7.625
7.5
21.5
21.375
8.75
3.75
0.125
4.0
2.625
-12.5
15.0
54.125
28.875
1.125
4.0
1.5
-8.75
-22.625
-27.875
-22.625
-25.0
-29.875
-22.75
-13.5
-17.625
-18.0
-19.5
-10.0
17.625
6.5
2.5
15.125
-3.875
-10.375
-3.625
-9.875
-10.75
-3.375
-5.875
-12.25
-7.875
4.25
5.75
2.0
4.75
-3.375
-14.125
-13.375
-15.875
-31.75
-45.25
-48.75
-38.25
-7.0
4.75
-18.75
-23.125
-0.625
3.625
10.5
24.375
19.625
14.125
15.75
16.875
15.0
27.375
47.75
41.375
17.125
23.0
30.75
19.875
21.625
26.625
13.875
-8.125
2.5
19.25
10.125
15.75
25.5
1.25
-22.375
-22.625
-26.125
-21.0
-16.125
-32.375
-45.125
-41.25
-31.625
-28.75
-16.0
-5.875
-8.125
-5.5
-5.75
-7.375
2.125
5.5
-5.625
-6.0
3.375
-12.75
-24.875
-0.5
1.875
-20.875
-26.625
-23.5
-13.0
-0.625
-8.25
-13.75
-4.125
1.375
-11.0
-16.5
0.625
1.25
-12.5
-14.875
-7.0
8.625
20.0
26.5
21.875
-4.875
-25.75
-22.125
-17.125
-3.125
3.75
-9.625
-11.625
-22.125
-30.25
-23.0
-32.25
-40.125
-31.125
-9.0
-6.625
-17.25
0.625
13.25
-3.25
-9.0
11.75
11.125
-4.5
1.375
-0.875
-12.0
-7.0
-16.25
-34.5
-24.25
-9.375
-11.0
1.25
16.25
5.0
-14.5
-19.5
-10.25
-5.5
-23.75
-32.5
-14.125
-12.25
-18.75
-4.5
1.25
-8.625
-5.5
0.0
9.5
18.125
1.125
-12.5
-12.0
-12.375
-15.125
-18.875
-4.5
9.25
-0.875
3.0
2.75
-13.5
-18.625
-24.25
-18.5
-2.375
7.75
9.375
-5.375
-20.125
-9.625
-3.125
-14.25
-17.625
-15.625
-10.25
-2.75
-6.25
-24.0
-36.875
-26.0
1.0
8.25
-0.375
3.625
2.25
-7.375
-8.875
-5.125
-1.25
-4.125
-11.625
-16.0
-13.875
0.125
-2.375
-14.625
-2.875
-3.125
-16.625
-13.375
-16.625
-15.25
6.25
3.0
-16.375
-27.875
-22.25
5.0
17.25
21.5
32.125
-4.875
-43.875
-25.75
-21.625
-36.5
-37.75
-29.0
-12.25
-3.875
-16.875
-18.25
-25.0
-57.0
-44.625
-7.25
7.5
13.0
12.75
14.5
14.375
3.875
-3.375
-2.5
-4.125
11.125
10.125
-7.875
9.0
5.0
-12.625
-6.125
-1.25
4.0
-0.875
-15.625
-14.5
3.75
19.5
23.0
11.75
-6.875
-11.75
-8.875
-5.625
-0.875
-0.875
0.625
1.25
0.375
1.5
-3.0
2.375
12.25
18.75
23.375
19.375
13.5
-1.625
-18.0
-10.0
7.625
3.5
-3.5
-11.125
-12.125
7.625
6.125
-4.375
-17.25
-27.75
-20.5
-19.75
-23.125
-31.75
-34.25
-19.625
-5.875
-2.5
-18.75
-31.5
-16.875
-18.0
-37.75
-37.875
-31.25
-37.375
-40.75
-30.375
-16.625
-0.75
3.0
-6.125
-6.125
-4.625
-4.25
11.75
18.75
2.875
-3.25
-4.5
-5.375
-2.0
4.375
1.875
-7.5
-8.375
-27.5
-47.5
-40.0
-19.0
-18.5
-26.125
-18.875
-6.125
-9.5
-15.75
-8.75
-9.375
-2.625
-6.5
-18.875
-20.875
-14.5
-7.75
-16.5
-14.75
-17.625
-21.5
2.125
5.25
-8.625
-7.375
-9.25
-11.625
-21.5
-32.75
-23.5
-17.25
-16.5
-10.875
-5.75
-4.625
-3.875
-1.25
0.375
-4.75
-8.875
-0.875
0.75
-0.75
4.75
0.25
-6.375
3.25
16.75
11.75
3.0
8.75
-1.0
-13.375
-10.5
-15.375
-11.875
-15.0
-25.875
2.625
43.125
45.625
10.375
-23.375
-29.25
-41.0
-57.125
-53.875
-40.375
-28.25
-26.75
-31.125
-14.75
3.625
-8.0
-13.875
-13.75
-28.625
-33.75
-21.5
-15.875
-12.25
-0.875
-1.125
-7.25
-8.25
-7.875
-8.875
-7.5
-8.375
-17.75
-14.125
-2.625
-3.625
-4.625
-7.625
-6.125
-4.75
-22.25
-26.75
-5.375
0.125
-7.0
1.75
17.25
36.375
43.5
27.75
18.75
24.0
21.75
18.5
33.5
37.25
25.0
37.875
50.625
40.625
25.625
-9.375
-27.5
-27.0
-37.125
-35.625
-26.0
-16.5
-7.0
-7.875
-19.125
-7.875
2.875
4.75
13.625
0.5
-13.125
-10.625
-8.5
-21.25
-23.5
-3.375
0.875
-6.625
-13.625
-18.875
-23.5
-22.625
-16.375
-15.25
-15.5
-21.625
-16.125
-3.875
-16.5
-20.375
-22.75
-30.25
-16.25
-13.375
-17.25
-9.625
-10.5
-9.625
-11.5
-16.125
-9.875
-14.375
-21.25
-24.625
-31.875
-4.75
27.25
25.0
12.625
-3.375
-15.25
-12.625
-7.5
-18.625
-38.25
-40.375
-29.375
-21.75
-19.5
-13.25
-7.625
-11.625
-6.75
-2.75
-3.875
2.5
-1.75
-4.75
-3.625
-12.375
-17.75
-23.875
-26.0
-25.125
-23.25
4.375
11.0
-15.875
-8.125
-4.25
-13.375
-1.875
-5.875
-6.25
-0.75
-15.875
-13.375
6.75
4.75
-13.625
-18.375
-4.375
5.125
-4.375
-7.75
11.5
27.125
21.125
7.875
-14.5
-31.125
-19.125
-12.375
-8.625
-1.375
-9.125
-12.5
-1.375
-3.125
-9.375
1.75
11.0
6.875
-1.375
9.75
16.75
7.125
9.125
0.25
-17.5
-13.25
-10.375
-13.75
-6.625
-11.625
-20.125
-9.75
-11.875
-21.0
-14.0
1.25
23.0
13.875
-20.375
-30.5
-36.875
-41.625
-36.625
-31.75
-24.375
-36.5
-41.25
-19.625
-8.0
-18.0
-28.25
-27.625
-30.625
-29.0
-27.625
-27.875
-18.25
-12.75
-22.0
-34.375
-31.5
-17.75
-20.375
-39.875
-43.375
-27.875
-16.625
-19.875
-27.375
-13.75
-1.875
-11.75
-13.625
-10.5
-12.75
-17.25
-28.125
-25.25
-13.25
-17.375
-30.5
-26.0
-14.0
-17.5
-17.5
-6.25
-4.375
-4.375
-9.5
-15.5
-16.125
-24.875
-20.125
-12.375
-7.75
-11.75
-19.125
-26.0
-30.75
-6.125
7.0
0.0
18.5
35.625
41.375
65.0
60.875
25.625
-6.25
-32.75
-37.875
-29.375
-20.125
-9.75
3.625
7.0
1.625
5.0
2.5
-17.5
-17.125
-4.75
-18.25
-26.5
-23.875
-15.25
6.125
8.625
-1.125
17.875
41.25
35.75
18.625
16.625
19.5
-1.0
-13.5
-9.625
-7.25
-7.0
-4.5
-1.375
-0.25
8.5
19.125
23.875
20.875
32.625
30.375
7.25
19.5
35.375
30.75
25.375
30.625
40.375
23.75
0.375
7.75
22.625
6.625
4.125
19.5
19.125
13.75
4.75
13.125
16.25
-1.625
11.25
20.0
2.5
13.75
28.25
27.25
25.625
15.625
12.0
13.375
12.5
18.25
22.5
18.5
17.625
25.25
26.375
13.5
7.375
14.625
13.75
19.875
25.5
22.25
27.25
23.375
13.75
15.75
34.875
55.75
52.125
45.75
45.25
37.625
28.125
16.75
8.5
14.25
35.25
21.875
-16.0
-4.125
10.25
7.625
11.0
14.125
33.125
38.5
23.75
3.5
1.125
12.0
7.5
-3.25
-7.875
5.875
17.0
12.375
8.75
1.25
11.375
33.375
44.125
40.625
35.25
34.5
35.5
41.375
36.0
34.5
29.625
18.375
17.125
24.875
30.25
33.75
40.0
39.0
32.5
29.375
43.625
43.875
10.125
-1.0
18.875
28.875
45.0
54.375
39.625
34.125
35.125
23.75
16.375
15.625
12.875
20.125
23.0
25.75
30.0
12.125
-3.875
6.875
29.75
29.625
30.875
57.0
79.0
77.25
58.625
48.75
56.0
64.0
57.875
54.125
58.875
59.75
60.0
63.75
70.75
71.25
65.5
65.5
62.25
47.125
33.0
30.375
26.25
8.0
22.25
42.5
21.875
23.875
32.125
10.875
7.625
24.875
38.125
44.0
30.5
7.625
1.75
8.375
14.75
12.125
7.25
17.0
40.375
39.875
-0.75
-18.875
-12.125
-8.5
4.625
-0.25
-11.75
1.875
8.375
-1.125
-2.75
-2.375
2.125
16.5
21.375
18.125
20.5
18.875
9.5
-0.375
-2.625
8.125
13.5
1.25
-1.125
-0.375
-16.0
-3.875
13.75
6.75
17.25
22.25
16.625
22.75
26.375
18.5
4.875
11.625
20.375
16.75
14.25
7.375
9.5
6.625
9.75
24.5
14.875
3.625
5.625
-1.75
4.375
33.0
32.375
18.75
10.375
-4.0
-9.0
-3.75
3.625
3.25
-24.75
-43.125
-26.875
-19.125
-8.75
8.875
16.875
21.75
21.75
-5.625
-40.625
-19.375
-4.5
-28.125
-29.75
-26.5
-26.375
-28.375
-36.875
-34.5
-29.625
-25.0
-27.5
-38.625
-39.75
-32.75
-26.75
-29.875
-30.125
-26.5
-26.625
-27.875
-20.875
-24.5
-49.375
-51.875
-30.25
-26.125
-30.375
-20.0
-23.375
-41.875
-34.0
-10.625
5.5
20.125
20.875
-0.875
-20.5
-17.5
-0.25
4.375
2.375
-7.625
-26.5
-34.625
-37.25
-34.5
-34.125
-34.0
-30.0
-30.75
-34.25
-27.0
-24.75
-34.0
-24.75
-15.5
-24.375
-29.625
-28.5
-29.75
-22.125
-10.0
-12.25
-30.375
-34.5
-31.375
-34.75
-24.25
-31.0
-34.875
-13.75
-17.75
-27.375
-16.75
-25.125
-39.375
-31.625
-17.25
-11.625
-24.0
-24.625
-5.75
-12.75
-27.625
-15.75
-13.75
-20.5
-7.75
6.5
8.75
-0.875
-15.875
-14.5
8.25
20.375
-5.375
-28.0
-24.625
-25.375
-27.125
-13.375
-14.125
-30.5
-31.875
-27.25
-21.875
-7.625
4.5
-6.25
-20.75
-20.0
-20.375
-18.0
-10.375
-4.25
-1.75
-11.125
-20.375
-7.75
-1.375
-12.125
-8.5
-5.375
-17.25
-28.375
-21.375
-7.375
-7.75
-11.125
-10.375
7.75
20.5
-2.625
-23.25
-27.75
-30.875
-27.625
-30.625
-35.875
-19.5
0.875
1.5
-9.875
-13.25
-19.875
-43.25
-53.0
-44.5
-37.875
-35.625
-50.5
-64.25
-32.75
13.625
15.875
4.0
8.125
-9.375
-42.875
-47.75
-38.625
-43.0
-40.75
-27.25
-24.125
-28.75
-24.75
-15.5
-11.125
-1.75
-0.875
-8.375
-17.25
-39.0
-52.5
-54.5
-51.375
-38.375
-29.125
-30.625
-33.75
-22.625
-6.25
-15.75
-38.625
-33.875
-26.5
-34.125
-26.25
-9.25
1.875
5.0
-8.125
-31.0
-28.25
-10.0
-8.75
-15.0
-24.875
-54.375
-52.375
-18.5
-24.125
-30.625
-16.75
-32.125
-56.25
-48.0
-37.0
-30.875
-17.875
-6.125
-0.25
-4.75
-11.0
-14.25
-24.625
-33.875
-36.75
-44.0
-38.25
-27.125
-30.125
-33.625
-31.0
-31.625
-35.5
-23.75
-22.0
-44.375
-34.625
-18.625
-32.5
-36.875
-29.625
-29.5
-27.5
-17.25
-18.125
-18.25
-10.25
-3.625
-6.875
-20.625
-17.875
-9.75
-15.75
-23.125
-16.375
-8.375
-17.875
-1.625
11.5
-4.125
-5.75
-30.0
-48.75
-38.5
-38.0
-21.0
-7.375
-8.5
-7.25
-22.875
-27.0
-27.5
-35.75
-27.375
-21.0
-30.5
-40.875
-32.625
-23.25
-13.125
-13.625
-27.25
-8.875
18.625
22.25
20.75
25.5
24.875
17.375
24.875
27.125
17.625
15.875
9.25
-1.875
-1.75
3.125
-4.0
-10.0
4.25
7.375
-6.25
-9.875
-12.75
-16.75
-20.75
-16.5
-5.375
-2.125
-11.375
-22.0
-35.125
-44.125
-26.25
-14.125
-11.75
-6.125
-12.5
-17.625
-21.625
-20.375
-12.375
-12.125
-10.875
-13.375
-23.75
-20.375
-15.875
-21.75
-19.625
-17.125
-23.625
-31.75
-33.75
-21.625
-14.875
-28.125
-32.625
-17.625
1.0
12.5
11.375
-8.625
-28.125
-31.0
-30.75
-24.25
-19.5
-24.25
-22.375
-17.375
-13.75
-2.875
-5.5
-30.0
-41.0
-32.875
-26.625
-30.5
-37.5
-30.375
-23.0
-14.625
-4.75
-10.5
-15.375
-19.0
-19.0
-6.375
-4.5
-8.0
-5.75
-4.75
-1.5
-1.875
-11.625
-26.0
-30.375
-24.25
-19.125
-13.5
-4.25
-7.5
-18.25
-11.125
-5.0
-11.75
-13.625
-19.125
-25.0
-2.625
18.0
13.75
7.375
-6.875
-20.25
-13.125
-15.375
-16.875
3.5
5.5
-19.5
-24.875
-8.625
-13.125
-23.125
-9.375
-8.0
-23.375
-28.125
-29.125
-21.5
-8.5
-2.625
9.375
24.125
12.75
-12.625
-30.0
-23.875
-17.0
-25.875
-26.5
-19.25
-7.75
-6.5
-13.375
-3.75
6.25
-13.75
-30.25
-36.625
-50.25
-44.125
-32.875
-29.75
-31.375
-34.375
-44.75
-40.75
-21.625
-27.125
-34.0
-22.75
-9.75
-5.25
-15.375
-12.375
3.375
-19.25
-46.625
-17.5
5.0
-4.25
-16.125
-39.5
-44.0
-24.25
-24.0
-32.0
-29.25
-24.0
-15.875
-32.0
-23.5
15.375
-23.625
-52.5
-22.0
-9.875
8.75
17.0
-0.125
-31.375
-57.5
-55.625
-40.5
-23.75
-2.875
0.375
-44.25
-79.875
-71.625
-68.25
-68.0
-50.375
-38.875
-37.625
-34.125
-32.5
-45.125
-43.875
-7.75
12.75
13.625
12.125
1.625
-16.375
-31.875
-32.75
-22.125
-7.375
0.5
-7.625
-19.375
-17.875
-17.125
-7.625
7.625
6.0
-10.75
-32.375
-23.25
-11.125
-9.375
4.0
18.0
35.0
43.5
8.125
-40.125
-41.375
-41.125
-52.375
-32.5
-4.625
25.5
37.875
-6.125
-39.25
-36.0
-41.5
-42.125
-32.125
-23.625
-27.375
-16.625
20.125
21.875
0.25
3.375
-2.375
-33.375
-48.25
-33.125
-13.125
-19.5
-43.25
-34.125
-0.75
0.0
-17.25
-12.0
10.75
26.125
3.0
-39.625
-44.875
-17.5
-12.0
-27.875
-24.875
-23.375
-48.0
-52.0
-35.875
-26.0
-2.75
7.125
-7.375
-11.75
-30.0
-41.625
-36.375
-48.25
-41.5
-35.875
-49.75
-54.5
-35.875
-17.25
-16.625
-18.625
-29.125
-38.25
-28.375
-32.875
-45.0
-29.5
-17.125
-9.125
-3.5
-1.0
19.625
20.25
-3.75
-10.75
-28.625
-55.125
-61.0
-52.875
-39.375
-35.375
-28.0
-18.125
-26.75
-26.375
-15.875
-26.125
-13.375
31.625
55.875
68.0
48.5
-30.0
-69.5
-60.125
-53.625
-15.75
21.875
21.25
6.25
6.25
13.375
2.75
-15.375
-22.125
1.5
38.375
63.875
62.5
41.5
13.75
-41.0
-59.25
-23.25
18.75
45.125
32.875
29.25
-1.125
-53.125
-38.25
-27.875
-42.875
-20.0
2.875
-11.0
-27.625
-15.375
6.0
16.25
34.125
53.125
38.5
32.875
26.75
-15.125
-15.125
-3.75
-13.375
-12.0
-16.0
-38.125
-38.0
-15.0
-3.875
8.125
22.125
41.375
53.125
37.875
35.875
62.25
77.625
79.5
71.375
50.25
45.875
80.5
99.625
77.5
68.75
53.5
45.125
38.75
11.75
7.875
-6.5
-7.375
27.375
26.625
9.25
45.75
64.125
44.5
41.25
24.5
23.0
45.625
38.75
21.375
30.0
20.75
-21.875
-31.625
9.375
27.0
4.875
-1.5
7.5
6.0
-4.0
-7.125
4.25
29.75
43.125
24.5
10.375
25.5
40.125
8.25
-4.0
35.0
42.875
38.75
49.625
52.75
24.0
-16.375
-1.625
17.125
11.5
34.75
41.5
11.125
4.25
12.75
-7.75
-13.625
3.625
12.75
14.0
20.75
18.875
-6.25
4.25
44.25
47.125
28.0
20.375
12.75
0.375
-0.5
13.625
23.625
13.75
8.5
36.625
49.375
13.875
-14.625
-21.75
-27.875
-31.0
3.25
46.5
47.375
42.125
32.75
14.75
14.75
24.75
34.5
33.875
14.5
-6.125
-23.5
-10.25
17.75
46.0
92.125
95.375
47.5
21.625
37.625
53.125
33.375
-17.625
-33.75
-9.0
-7.5
-0.875
31.25
46.25
42.125
14.125
8.125
43.5
47.75
37.375
30.375
23.75
30.75
43.875
46.0
56.375
76.375
49.25
9.25
7.625
19.75
40.5
69.875
63.75
26.0
10.875
-2.5
-12.625
3.25
5.5
0.25
2.0
1.375
7.0
10.125
8.375
20.25
34.875
27.75
37.75
48.625
15.25
-3.25
6.125
13.125
37.375
41.75
14.5
18.75
15.25
0.5
-6.5
-25.625
-22.25
-8.5
-1.375
8.125
14.25
20.125
26.125
35.875
45.875
31.75
19.5
16.625
14.375
14.5
19.0
23.875
24.125
33.0
14.25
-4.0
7.75
8.625
3.75
25.0
32.375
2.25
0.875
15.625
11.5
13.0
7.375
-7.875
-16.25
-21.25
-7.625
10.0
16.625
18.75
10.5
2.875
0.375
15.875
37.0
28.125
13.5
31.125
55.875
54.875
19.625
-17.25
-4.875
24.75
5.5
-18.0
-18.0
-25.25
-20.375
-8.875
-15.875
-18.5
3.625
7.0
-6.25
-9.125
-14.125
-3.5
14.625
12.125
12.25
18.5
17.75
18.125
26.75
34.0
23.5
1.875
-4.125
3.125
4.375
-7.125
-20.75
-7.875
7.625
2.25
-2.75
6.25
21.875
18.875
12.0
20.625
19.25
8.5
13.5
53.125
70.125
40.875
-11.375
-69.5
-74.375
-18.125
47.375
45.875
16.125
12.125
4.75
0.25
-1.625
-5.5
-5.0
1.0
12.875
8.375
-11.0
-16.375
-5.0
2.75
0.625
4.125
9.25
10.125
13.25
18.0
19.375
17.875
18.375
14.625
7.5
-2.875
-17.125
-27.25
-18.625
1.75
5.875
8.25
17.375
21.75
16.75
8.875
10.875
24.375
36.75
53.375
49.375
9.0
-8.375
-15.875
-23.625
-24.375
-25.0
-5.125
23.5
46.875
54.625
32.75
-0.5
-11.125
0.875
-1.625
-15.25
3.0
10.375
-3.5
-1.25
16.0
12.25
-11.75
-10.75
-0.875
8.375
20.75
39.25
31.25
-4.875
-13.25
0.5
-1.25
-6.25
-13.0
-27.875
-29.25
-17.875
-7.25
-1.75
3.875
1.0
7.0
22.625
13.125
-7.5
-7.25
-0.875
-8.125
-5.5
22.375
44.875
26.75
-9.875
-22.125
-6.5
15.75
30.125
34.75
52.0
68.0
64.75
58.625
30.875
-0.25
16.375
49.75
36.25
24.875
36.75
29.5
24.375
35.75
45.5
52.0
47.0
13.125
-25.5
-37.25
-19.875
-8.5
-29.5
-32.375
-3.25
14.375
1.75
-5.875
7.25
-5.25
-26.0
-24.875
-12.0
1.25
2.625
-5.375
-4.125
-1.625
3.625
13.0
25.5
25.25
3.125
-9.875
-9.0
-4.25
-4.375
-12.875
-7.5
6.0
-2.125
2.75
17.125
9.0
-5.75
-11.625
-7.625
-0.75
21.75
41.875
28.875
28.0
65.625
93.125
64.75
0.125
-45.75
-47.375
-42.875
-40.75
-13.5
-5.625
-11.5
-6.125
-4.375
-2.625
-3.5
-8.125
-10.375
-30.125
-49.75
-48.0
-46.125
-36.5
-18.5
-14.375
-24.0
-30.375
-24.875
-27.125
-36.25
-18.625
1.25
6.25
13.875
23.25
19.0
-0.375
15.375
53.0
49.5
8.625
-40.875
-67.0
-67.375
-50.125
-32.75
-18.125
17.125
55.0
57.625
19.875
-11.75
-12.125
8.5
17.25
-5.125
-6.75
16.875
12.875
-4.5
-20.0
-34.0
-35.5
-25.5
-12.375
-12.875
-5.875
28.375
52.125
43.375
20.25
10.75
15.625
22.125
29.25
17.125
13.875
1.25
-17.25
-7.75
-11.125
-15.375
-15.125
-22.625
-23.125
-12.125
1.625
13.125
25.125
1.5
-32.125
-4.0
8.625
-31.625
-34.75
-3.125
8.125
24.0
40.375
44.5
30.0
7.375
-3.875
-12.25
7.625
16.125
-1.875
0.125
2.25
4.75
2.125
-7.125
14.75
29.75
9.25
-11.5
-15.25
-12.25
-12.125
-7.125
-2.75
-4.0
-4.25
-10.75
-6.25
5.5
10.25
9.25
12.0
16.25
19.0
23.125
13.0
-1.125
-12.25
-15.125
-13.375
-20.125
-17.75
-6.875
0.75
-3.0
1.125
13.875
5.375
-3.375
7.625
4.0
-23.75
-28.375
-17.625
-15.375
4.125
19.5
25.125
41.875
52.875
37.125
4.125
-11.0
-6.25
0.125
8.625
29.375
44.375
25.875
-9.75
-45.875
-61.875
-44.125
-33.625
-11.875
17.0
3.375
-14.875
-11.125
-7.125
-17.125
-12.75
13.875
12.625
-14.25
-29.5
-16.375
-2.625
-13.75
-37.5
-43.375
-22.75
-6.375
-10.75
-6.75
9.5
17.75
1.0
-20.875
-23.875
-21.25
-18.5
-12.875
-2.625
2.25
0.125
8.625
23.5
11.0
-1.25
3.5
10.375
19.375
6.125
-18.25
-9.875
12.125
0.25
-16.375
-9.375
1.5
-2.0
-11.625
-2.875
-0.25
-11.25
-1.875
17.75
19.125
11.375
6.625
13.5
25.375
10.625
-4.125
-0.875
-21.375
-26.125
8.75
19.75
3.0
13.625
43.625
40.125
26.25
17.75
16.625
21.75
19.25
21.5
15.125
10.875
25.125
42.5
44.5
33.625
28.125
16.25
12.0
20.5
6.125
-3.125
15.0
18.125
0.0
-3.75
9.625
14.0
-12.125
-19.0
-1.25
-14.25
-23.125
-21.875
-22.5
1.625
34.75
35.0
5.375
-9.375
5.0
35.5
38.625
5.5
-9.375
-4.125
9.5
13.625
-4.625
-22.5
-32.0
-15.5
-2.875
-19.125
-11.875
2.625
-5.5
4.25
10.75
-15.625
-41.125
-32.0
-9.25
-2.5
2.25
-6.25
-13.0
5.125
8.75
-6.625
-24.25
-25.25
-2.625
5.875
6.75
13.875
0.75
-11.875
-12.5
-15.0
-5.5
2.375
-7.25
-19.25
-11.375
2.25
-3.25
-13.25
-11.625
-20.875
-30.5
-24.375
-16.75
-13.75
-4.875
5.875
-4.375
-14.5
-14.625
-5.625
9.75
4.125
-13.125
2.75
20.25
9.375
4.875
11.875
-3.75
-34.875
-35.125
-24.0
-16.75
4.75
16.0
12.25
6.5
-4.25
-1.625
14.75
10.375
-9.375
-23.0
-21.75
-2.5
13.5
23.375
33.625
22.75
12.5
22.375
7.0
-19.875
-29.0
-28.0
-13.625
-11.875
-21.375
-5.625
6.375
0.375
2.625
5.75
16.0
11.875
4.75
11.125
4.875
1.0
4.25
8.75
4.625
5.625
23.0
36.875
28.375
10.25
15.125
5.25
-20.125
-0.75
23.375
2.0
-19.875
-5.125
9.875
9.25
25.75
34.125
2.625
-26.875
-25.875
-8.375
-1.625
-3.375
1.875
13.75
18.5
6.125
13.75
17.125
6.0
3.875
-5.5
-16.875
-42.125
-63.0
-41.875
-18.5
-20.625
-26.5
-27.125
-12.625
5.875
4.125
11.125
22.0
11.5
3.125
-7.125
-12.125
-9.875
10.75
30.125
-5.125
-30.875
-19.375
-8.125
-3.25
-11.875
-19.25
-16.625
-11.5
-1.125
11.125
-1.5
-9.375
10.0
17.625
16.625
11.25
7.5
16.25
15.875
1.625
-9.625
-8.875
-6.875
-14.5
-3.25
24.0
26.625
-5.375
-31.25
-23.0
-8.625
4.25
6.75
-8.375
-16.125
-6.25
-5.5
-2.625
24.5
36.125
50.75
73.5
41.625
-10.875
-17.5
-12.625
-10.75
7.5
5.5
-13.125
-20.875
-12.875
4.625
13.375
15.0
17.125
6.5
-7.0
-4.5
-1.875
-10.75
-13.125
-6.875
-1.0
11.125
12.125
1.625
8.125
16.125
1.125
-3.25
0.625
3.125
7.125
-0.375
-9.0
-20.625
-23.875
-20.5
-37.75
-45.875
-26.375
-11.375
-6.75
1.25
2.5
-4.625
12.375
21.125
-7.375
-26.0
-25.5
-16.5
-7.375
7.5
18.0
-2.625
-28.125
-13.25
8.125
-10.375
-13.25
9.125
8.125
-15.625
-37.625
-34.75
-22.125
-17.125
-20.75
-14.25
1.25
-2.0
-26.875
-34.375
-24.0
-44.625
-69.75
-46.25
-21.0
-28.0
-7.75
-0.5
3.875
20.75
8.125
5.75
-6.125
-27.875
-16.875
-10.125
-14.0
0.875
19.375
22.5
6.5
-15.625
-25.625
-25.5
-31.25
-27.125
-27.125
-34.125
-22.625
-5.5
3.875
7.25
-9.75
-30.375
-28.5
-31.375
-15.125
2.0
-3.375
-4.25
-7.25
1.25
8.875
-5.25
-14.5
-15.375
-11.5
-2.625
-12.0
-22.625
-18.25
0.25
12.75
-10.0
-14.25
1.0
-7.75
-17.875
-31.125
-32.5
-20.75
-7.75
8.0
1.0
-4.375
19.5
34.375
22.25
16.625
0.25
-18.25
-9.375
8.75
12.125
-4.25
-13.375
-4.0
19.125
39.375
35.5
31.25
48.25
52.0
29.875
25.375
38.625
42.75
39.625
31.5
17.0
-3.875
-9.125
-0.375
-10.625
-19.125
-11.75
-18.125
-36.375
-44.5
-35.875
-26.75
-13.875
-7.875
-15.125
-7.0
0.25
-2.75
-8.75
-7.125
6.875
4.625
-6.5
-8.875
-9.25
5.625
7.375
-18.625
-27.5
-33.625
-35.0
-19.75
-7.625
3.375
12.25
0.625
-10.75
3.375
6.5
-4.5
-7.0
-3.625
0.375
-9.625
-17.875
-6.875
8.375
7.375
-13.0
-8.0
-0.625
-25.625
-19.375
-16.125
-51.25
-58.375
-36.875
-21.0
-24.875
-43.0
-33.0
0.0
1.75
7.875
19.875
2.25
-7.875
5.25
14.25
4.875
-4.0
-2.25
-12.0
-35.625
-49.375
-34.25
8.75
21.625
-5.875
-14.5
-3.0
-2.375
-13.625
-20.375
-15.25
-4.75
5.625
-15.75
-34.125
-14.5
9.625
13.75
3.875
-0.25
-0.125
9.75
18.875
-3.875
-30.25
-21.0
-21.5
-27.875
-14.625
-17.75
-24.375
3.0
25.875
9.875
-5.75
16.5
26.625
8.875
15.875
25.375
24.375
22.125
17.25
4.0
-12.625
11.5
26.875
1.125
-25.875
-38.125
-36.25
-28.0
-16.75
-12.125
-1.375
12.875
6.0
-11.5
2.75
17.25
-1.75
-4.5
0.625
-2.125
-2.125
-8.875
-11.125
-4.875
0.5
-5.625
-13.75
-6.875
7.625
13.0
5.0
1.25
-0.375
-10.25
-18.25
-10.5
-7.125
-20.625
-26.0
-24.875
-42.75
-28.25
-5.375
-20.625
-22.25
-13.0
-0.25
18.125
20.75
8.875
6.375
8.375
11.5
11.625
3.875
4.75
12.75
-4.875
-26.75
-22.25
-23.5
-26.25
-22.5
-25.375
-7.5
1.5
-18.25
-25.5
-19.0
-4.625
4.875
6.625
-0.375
-6.0
-8.375
-2.75
3.5
-10.25
-20.75
-27.125
-37.125
-41.0
-29.125
-16.375
0.375
30.125
24.625
-2.25
-8.375
2.75
17.625
21.375
16.5
16.875
23.375
15.5
-0.125
-4.75
-9.875
-10.875
-2.125
3.625
4.625
8.25
9.0
-5.875
-17.5
-3.125
3.5
-11.625
-11.25
5.875
-11.75
-22.625
-2.875
-18.375
-30.375
-15.625
-9.375
-19.75
-16.875
-0.5
-16.625
-29.625
-23.25
-38.5
-44.625
-31.75
-37.5
-37.25
-23.25
-10.75
6.75
10.5
11.25
2.875
-4.0
7.0
0.625
-5.25
-6.375
-14.375
-16.0
-9.5
-3.125
-1.25
-3.625
-19.75
-26.125
-6.875
-8.625
-28.375
-25.75
-11.875
-4.25
4.125
7.875
0.25
3.875
15.875
11.0
3.0
10.875
7.25
-9.375
-13.125
-18.625
-27.875
-36.875
-31.25
0.125
8.125
-2.5
-7.0
-0.375
15.25
-2.0
-13.875
-10.75
-28.875
-28.25
-25.125
-25.375
-5.125
6.125
-1.25
-12.375
-19.0
-18.125
2.375
18.375
7.75
3.25
4.25
-10.75
-15.0
-9.0
-7.5
-12.625
-28.125
-33.625
-27.25
-13.375
-7.75
-3.125
-2.5
-22.125
-22.25
-9.5
1.375
-2.25
-11.125
-11.25
-24.75
-26.625
-9.25
-13.25
-33.875
-32.375
-10.625
1.75
8.75
9.125
-7.0
-8.375
0.375
-16.625
-30.75
-0.25
19.125
-11.875
-24.625
-3.125
33.75
34.125
-4.5
2.625
18.125
1.5
-12.75
-11.875
-3.125
-1.375
-0.75
-4.5
-11.375
-9.75
-8.625
-24.125
-42.375
-37.375
-17.5
4.5
2.625
-1.75
19.5
23.0
16.625
18.25
23.0
22.25
19.75
35.75
47.125
49.375
43.875
27.875
13.375
-15.125
-29.125
-15.25
-18.625
-19.625
5.75
35.25
42.0
34.25
18.0
5.875
11.25
14.625
4.25
-35.75
-56.25
-32.375
-14.75
-9.875
0.75
12.5
18.0
1.75
-12.75
-9.625
7.5
30.625
13.375
-9.625
-6.25
-10.75
-17.75
0.125
6.25
-4.875
13.25
18.5
5.25
16.375
12.0
-21.875
-42.375
-44.0
-53.875
-59.25
-32.625
2.375
8.375
-2.75
-9.375
-9.375
-20.875
-22.0
-8.5
-9.75
2.25
2.375
-8.625
1.125
5.375
-5.25
-8.5
0.75
-8.25
-18.375
-8.0
-15.5
-35.25
-11.75
24.125
10.375
-15.125
-6.25
9.375
12.0
8.125
-12.125
-12.5
13.75
22.25
25.375
27.125
6.75
-13.0
-15.5
-20.5
-35.375
-42.0
-29.875
-8.125
0.875
-3.625
16.375
41.75
25.5
3.125
-6.5
-13.25
8.125
29.75
3.625
-13.5
-1.875
-2.875
-0.375
2.875
8.625
19.0
18.375
17.25
17.5
11.75
-1.0
-6.5
-3.375
-7.875
-24.625
-26.125
-9.25
-7.0
1.375
8.0
3.125
5.375
8.0
10.625
6.375
2.25
8.75
7.625
-4.5
-7.125
4.875
7.375
0.125
-8.625
-7.375
-3.625
-22.5
-32.875
-21.0
2.125
3.625
-16.75
-19.375
-5.375
17.25
21.0
9.125
23.25
27.25
-9.625
-26.625
-13.375
-21.25
-41.125
-19.75
11.125
2.625
-16.0
-29.75
-39.375
-34.75
-28.75
-18.875
7.5
32.5
14.375
-25.5
-19.875
-15.875
-23.625
-11.0
-5.375
-2.75
7.75
14.75
23.25
27.5
15.125
2.125
-12.125
-22.125
-22.875
-28.875
-21.25
-27.25
-77.25
-79.0
-32.125
-9.5
5.125
9.25
5.25
13.875
17.625
14.375
-0.5
-1.75
8.5
-9.875
-20.0
-15.625
-20.125
-26.75
-19.125
1.75
-3.875
-26.25
-22.625
-4.875
6.625
-11.5
-34.875
-25.0
-3.625
-5.125
-27.5
-30.75
-20.875
-29.375
-30.125
-11.75
-1.375
7.125
7.125
-3.25
-9.5
-18.625
-28.0
-29.875
-33.25
-42.25
-49.125
-39.875
-14.25
14.0
13.875
14.5
47.125
42.375
0.875
-11.125
-9.125
-32.625
-42.125
-24.375
-20.25
-16.5
1.5
-11.875
-28.5
-14.125
-18.5
-27.375
-28.75
-24.25
-20.625
-29.5
-32.0
-26.25
-25.75
-43.375
-42.0
-21.25
-9.125
-4.625
-11.5
-5.0
6.375
10.5
9.625
1.375
1.5
8.125
16.0
8.375
-2.75
1.5
0.375
2.5
15.375
13.0
6.75
17.0
20.0
0.625
-20.375
-26.75
-15.125
-7.75
-15.625
-6.5
9.625
6.0
-1.375
-5.75
-28.125
-35.75
-18.5
-26.75
-37.5
-35.25
-32.625
-17.75
-10.25
-4.0
11.75
12.375
16.0
17.875
4.75
-2.75
-18.625
-37.625
-36.25
-27.875
-29.375
-36.25
-34.25
-15.75
-11.375
-23.5
-13.25
13.125
8.75
-22.25
-28.625
-20.625
-25.5
-17.75
-2.25
5.0
6.625
3.5
-9.5
-19.25
-22.75
-28.625
-32.375
-28.5
-2.375
10.875
10.875
7.875
-16.625
-30.25
-23.625
-23.125
-30.125
-34.75
-23.0
-16.5
-8.75
26.625
52.625
51.5
44.0
49.625
50.875
42.75
37.0
22.875
9.625
1.125
-3.25
-2.375
-0.875
4.375
18.375
25.25
29.75
33.625
19.75
-1.125
-19.875
-22.875
-8.625
-9.125
-17.5
-13.625
-8.875
-11.125
-24.75
-29.75
-14.375
-5.625
-5.5
-3.0
-4.75
-15.875
-34.625
-50.25
-53.625
-43.75
-40.0
-35.25
-16.0
11.625
36.5
32.25
22.375
6.375
-13.125
-1.875
1.125
-8.375
-1.625
-2.375
-13.125
-24.5
-36.375
-33.75
-26.375
-26.125
-27.875
-25.625
-19.25
-9.25
-13.75
-35.625
-36.875
-26.875
-26.375
-21.875
-14.375
-13.625
-16.375
-14.875
-19.875
-30.25
-30.75
-35.5
-49.375
-56.625
-55.75
-42.25
-14.25
4.625
5.625
13.375
19.875
8.25
-12.5
-29.625
-33.125
-22.75
-5.75
-12.375
-37.25
-35.625
-24.0
-35.75
-47.75
-29.25
-15.625
-28.375
-28.5
-10.625
-4.75
-5.75
-7.25
-7.875
-16.375
-27.0
-26.0
-23.125
-17.375
-8.375
-0.375
-18.125
-26.0
4.375
22.125
27.0
29.875
18.625
-10.375
-31.5
-24.5
-16.625
-13.0
-4.25
-5.375
-13.0
-15.875
-8.75
3.25
2.875
8.125
6.5
-18.125
-23.5
-8.75
-3.125
-6.125
-11.5
-10.625
-16.375
-16.75
-3.375
-9.25
-11.875
1.625
5.625
1.75
-3.875
-11.25
-11.5
11.0
20.5
-2.75
-24.75
-22.0
-10.375
-23.375
-38.75
-29.75
-12.0
-6.875
-5.75
7.625
8.0
-7.25
-7.875
-11.0
-12.375
4.875
6.75
-16.75
-31.25
-27.875
-5.875
11.125
-2.75
-11.25
-6.625
-14.5
-23.125
-8.875
7.625
3.75
1.875
-7.5
-15.125
-16.0
-28.125
-28.0
-16.625
-12.25
-8.375
-0.5
-1.0
3.125
-0.75
-14.75
-17.5
-9.625
7.5
10.5
-11.625
-23.375
-35.375
-50.75
-33.125
-10.75
-1.375
-0.125
-7.0
-4.375
-5.5
-24.125
-20.0
-4.25
-5.5
-9.875
-11.25
0.125
-1.0
-9.375
-5.125
-9.0
-15.0
-8.125
-3.0
-4.0
-5.75
-5.75
-5.625
-21.375
-25.125
-11.75
-16.25
-27.75
-30.5
-22.875
-12.375
-10.75
-5.375
4.625
-0.125
-15.5
-23.375
-26.875
-34.875
-36.75
-26.125
-19.375
-17.75
-10.625
7.5
13.875
15.125
19.625
6.875
1.0
-20.75
-49.375
-32.625
-15.875
-6.375
3.875
-6.875
-8.125
5.625
5.875
2.5
-0.625
-12.125
-28.0
-47.75
-44.0
-42.125
-63.125
-58.125
-28.375
-8.125
-1.875
13.0
14.0
3.5
1.125
-17.625
-21.0
-13.75
-18.25
-9.25
6.875
12.75
6.875
9.5
12.625
-6.25
-33.125
-35.625
-17.0
-27.25
-38.125
-22.625
-9.375
6.75
15.0
-1.0
-19.375
-14.0
-10.375
-17.625
-24.75
-21.75
-10.75
-4.25
6.625
14.125
5.0
-6.625
-4.5
-4.5
-10.875
-10.75
-7.0
-10.375
-10.25
3.625
6.125
-5.0
6.625
20.75
12.625
1.875
-17.125
-25.0
-10.875
-6.75
-7.625
2.375
16.5
12.125
-9.125
-10.125
1.25
1.375
-0.875
-9.75
-8.125
-7.0
-31.875
-50.125
-46.375
-44.625
-32.75
-2.75
-3.0
0.875
29.875
11.375
-12.375
-1.125
-12.25
-17.0
-4.0
-2.25
8.875
18.75
14.5
14.0
17.375
20.25
18.375
18.25
25.5
35.5
42.5
44.875
54.0
46.875
23.125
15.5
22.375
27.75
26.375
10.875
-2.875
-3.75
-7.375
-11.0
-12.875
-14.0
-16.75
-26.25
-37.125
-46.125
-38.125
-8.25
16.125
16.25
14.0
25.875
16.75
20.625
24.25
-12.875
-28.75
-41.125
-48.0
-24.375
-6.5
6.375
-6.375
-25.125
-19.75
-21.375
-28.75
-23.75
-18.25
-27.875
-30.5
-22.75
-12.5
1.5
5.0
-5.0
-17.25
-21.375
-21.125
-26.25
-29.5
-38.75
-38.75
-31.125
-34.25
-24.125
8.75
24.625
22.25
24.0
-1.125
-9.625
9.375
6.5
-12.875
-29.625
-24.5
-16.25
-14.25
-8.125
-7.375
-18.25
-34.5
-39.75
-22.375
-18.0
-21.5
13.875
14.0
-25.875
-35.0
-34.625
-25.75
-13.625
-17.0
-25.0
-20.375
-5.875
-11.125
-18.375
-11.25
-6.0
-10.25
-16.25
-20.375
-25.875
-33.75
-42.5
-43.75
-48.625
-49.5
-35.375
-31.0
-37.0
-36.25
-32.375
-35.5
-30.25
-13.625
-13.875
-24.875
-32.5
-25.0
-19.0
-21.875
-20.5
-17.375
-9.625
-15.875
-29.0
-28.375
-22.625
-22.75
-22.75
-19.125
-30.25
-37.0
-35.25
-35.375
-24.375
-22.5
-40.375
-39.25
-22.5
-32.75
-27.5
3.5
9.75
-10.25
-10.625
-7.625
-5.625
7.75
3.875
15.25
9.875
-28.75
-43.875
-50.75
-42.5
-17.375
-8.375
-3.5
0.75
3.375
-2.375
-16.5
-23.625
-31.875
-33.0
-20.75
-7.0
4.625
19.125
22.875
3.375
-15.25
-15.625
-1.25
1.875
-27.25
-30.75
1.5
3.875
-14.75
-1.5
13.25
9.375
7.5
6.625
3.375
-10.5
-15.125
-12.75
-5.375
-7.0
-27.625
-26.25
-9.875
4.875
5.25
2.875
14.5
16.0
10.625
-2.625
-21.0
-16.5
6.25
7.75
-3.125
-2.5
1.875
13.0
22.75
21.875
10.375
2.0
3.75
-1.25
-6.75
-7.25
-16.375
-14.125
0.875
4.5
19.25
24.625
1.75
-1.0
12.875
-3.875
-16.875
-4.125
7.625
10.25
13.25
32.75
27.375
-2.625
-19.375
-20.125
-10.875
-8.875
-1.25
18.5
39.5
35.25
-21.5
-55.125
-34.5
-24.875
-21.625
-15.25
-8.375
11.375
23.625
14.75
19.375
18.5
4.5
1.375
1.125
1.25
3.0
10.375
7.875
-1.5
-0.125
14.875
20.625
14.875
10.125
10.0
12.875
-12.625
-29.5
-14.875
-13.75
-12.75
0.75
-2.625
-9.875
8.25
22.125
3.375
-12.5
-6.5
-1.25
3.0
9.5
4.75
21.5
44.375
23.625
11.875
1.75
-11.0
-5.375
-9.625
-15.875
-15.5
-18.0
-22.375
-13.5
9.375
10.625
-9.125
-4.625
12.125
10.0
0.125
5.25
10.0
-4.5
-1.125
10.875
0.125
-9.625
-11.0
-6.5
-7.0
-11.625
4.375
24.0
20.875
17.25
23.0
17.125
-5.25
-19.375
-22.75
-26.625
-10.625
7.125
9.25
6.0
1.75
-1.25
-0.875
-14.375
-16.0
-1.875
-10.375
-7.5
7.125
9.875
8.125
4.125
9.875
18.25
9.0
-0.125
-0.5
7.875
2.625
-13.875
-24.375
-25.625
-24.25
-18.5
7.75
-5.875
-19.25
-1.125
-20.0
-22.375
-14.375
-13.875
-7.625
-13.25
-16.75
-7.75
17.75
28.375
5.875
-8.125
-10.375
-23.625
-30.0
-38.875
-28.0
-13.125
-22.875
-4.5
10.375
-1.0
19.5
43.75
31.25
22.25
38.25
47.125
45.875
53.5
52.75
48.125
53.0
46.875
12.75
9.0
33.5
22.75
8.375
3.5
-3.375
-4.125
-6.625
-5.375
-7.25
-20.5
-21.625
-10.75
-21.5
-33.125
-36.25
-52.625
-56.0
-42.5
-38.5
-48.375
-52.5
-28.5
1.625
-6.125
-27.0
-40.125
-51.625
-59.625
-66.125
-68.625
-66.125
-56.375
-43.0
-31.125
-25.5
-14.125
4.625
13.75
-5.25
-21.875
-13.5
-21.5
-39.5
-52.875
-51.25
-15.0
7.875
-3.25
-11.0
-18.75
-24.625
-15.0
-12.125
-14.625
-10.375
-11.875
1.0
2.125
-25.75
-28.625
-19.625
-7.0
17.875
7.625
-16.75
-10.625
-2.0
2.375
7.375
-3.25
-5.375
-3.625
-14.375
-19.625
-30.625
-23.375
7.625
4.125
-8.0
3.875
-0.375
-21.125
-29.625
-17.5
4.5
23.125
34.5
27.5
21.125
22.375
15.375
0.75
-2.375
2.75
-4.875
-7.0
-3.125
0.875
14.375
24.625
15.0
7.5
3.875
-9.25
-1.875
8.25
-2.625
1.5
18.25
10.75
-4.5
-2.0
-1.75
-9.25
-7.5
1.375
7.0
1.125
-9.125
-6.0
-2.75
9.25
21.75
5.375
-2.875
6.625
15.625
21.625
11.5
6.625
14.375
14.625
13.0
2.75
-11.875
-18.25
-20.375
-6.125
11.125
8.875
14.375
22.25
7.0
-4.0
-3.0
-13.125
-24.5
-11.125
3.25
-12.25
-22.25
-3.5
-2.75
-4.0
10.625
2.625
-13.375
-22.25
-24.375
-25.0
-33.25
-37.375
-27.75
-5.375
-2.125
-9.875
8.0
31.875
18.125
-2.75
16.375
29.0
13.375
5.25
9.0
-3.25
-15.25
-12.75
-8.375
7.625
13.375
3.75
1.125
-1.5
-14.625
-19.875
-7.25
0.25
-7.875
-17.625
-11.875
-13.125
-27.5
-20.0
-19.25
-28.375
-30.0
-34.75
-23.375
-13.875
-10.0
-2.5
-1.625
1.125
-11.625
-23.625
-17.75
-18.0
-21.875
-18.5
-14.625
-9.125
-3.0
-2.625
2.125
15.25
5.625
-20.625
-27.25
-28.25
-42.125
-45.5
-20.25
-12.625
-16.5
6.875
7.75
-13.875
-3.0
9.375
-12.5
-38.0
-45.25
-45.0
-47.875
-42.375
-24.125
-2.375
9.25
7.75
6.875
2.875
-0.5
-16.25
-45.375
-45.375
-44.125
-48.75
-19.625
-0.875
-5.375
4.25
13.5
16.5
17.75
2.75
-23.875
-26.0
-19.125
-31.5
-31.125
-11.375
-11.875
-24.75
-10.75
1.0
-10.125
-26.75
-26.375
-12.625
-10.375
-25.5
-28.125
-17.5
-11.375
-8.25
-16.0
-22.375
-11.75
-6.5
-13.375
-10.25
-3.875
-7.125
-13.25
-16.125
-15.0
-22.875
-27.75
-33.0
-54.25
-54.75
-29.125
-11.125
-11.25
-12.5
-13.875
-17.0
-32.0
-49.0
-38.25
-28.875
-33.375
-35.125
-41.75
-38.375
-20.125
-16.125
-20.625
-23.75
-33.25
-31.625
-30.0
-44.625
-55.25
-60.5
-57.375
-47.25
-28.875
-9.625
1.125
10.25
3.375
-11.5
-26.875
-25.5
-12.5
-22.375
-52.375
-62.625
-36.5
-20.125
-22.5
-18.0
-0.625
18.375
28.625
27.25
15.375
5.0
-2.5
-12.625
-21.625
-13.5
-9.625
-14.75
-16.25
-25.25
-27.0
-29.625
-36.0
-34.5
-34.25
-17.125
6.5
12.0
26.125
25.75
-1.375
-9.5
-17.5
-30.375
-27.125
-21.5
-19.375
-8.0
2.5
2.5
-5.0
-3.625
15.5
0.375
-39.5
-31.875
-15.75
-29.125
-29.75
-14.625
-15.375
-20.625
-4.375
22.875
26.25
15.25
-0.75
-23.0
-28.875
-42.0
-32.125
-9.125
-20.625
-18.5
-6.75
-7.875
-14.875
-15.875
-5.75
-11.875
-13.875
9.0
30.5
34.75
33.625
28.875
34.375
49.125
33.0
24.75
25.375
16.5
19.875
22.125
22.25
-0.375
-16.5
-1.5
-5.25
-20.25
-18.5
-7.0
-5.625
-28.5
-30.625
2.375
10.125
-1.625
-16.625
-10.5
17.625
8.125
-14.5
-21.875
-32.875
-41.5
-39.75
-39.875
-35.125
-25.5
-22.625
-20.625
-19.875
-18.125
-4.75
1.25
-7.5
-3.5
-1.625
-0.375
-3.75
-20.875
-16.875
-3.0
6.0
10.125
7.625
4.125
0.5
-0.875
0.0
5.125
-0.125
-3.125
-1.5
-8.375
-9.625
-6.25
-9.5
-18.5
-21.5
-33.5
-25.375
-4.875
-20.0
-23.125
-15.375
-22.0
-25.0
-19.125
-9.625
-4.25
5.125
20.375
18.0
17.375
28.875
24.375
12.5
2.5
-14.75
-53.5
-60.5
-29.75
-32.375
-35.875
-20.25
-15.375
-17.5
-17.5
-24.5
-41.0
-54.625
-51.25
-53.0
-69.25
-57.125
-39.125
-46.875
-49.875
-46.375
-50.125
-59.375
-43.875
-32.375
-42.25
-35.0
-34.375
-42.125
-39.125
-39.25
-47.0
-57.75
-57.125
-40.375
-48.25
-71.125
-64.25
-49.25
-42.125
-25.25
-28.75
-39.625
-30.75
-26.5
-29.25
-31.875
-29.625
-14.625
-9.0
-23.625
-26.25
-17.375
-23.5
-32.875
-11.875
-12.875
-21.75
-20.875
-41.875
-25.625
-15.75
-26.375
-25.0
-37.625
-27.125
-2.0
2.125
4.125
11.875
-1.125
-37.5
-53.875
-60.5
-58.0
-26.25
-19.125
-34.5
-24.125
-20.75
-37.0
-37.875
-33.875
-33.5
-23.5
-19.25
-26.625
-24.25
-14.25
-18.75
-20.625
-13.875
-28.25
-36.0
-27.5
-38.25
-31.875
-10.75
-30.875
-50.375
-38.375
-25.875
-24.5
-14.75
3.75
13.0
16.75
10.75
5.0
3.5
5.375
20.5
15.125
5.625
11.75
18.0
31.625
18.125
2.375
6.5
7.875
5.375
-17.125
-32.25
-18.125
-5.125
-9.125
-12.125
0.875
23.125
38.375
21.125
3.625
14.625
14.625
-5.75
-10.5
-3.25
-15.875
-35.5
-25.0
-7.125
6.75
15.125
0.0
-2.125
17.5
14.625
2.5
10.0
11.0
3.25
-7.0
-15.0
-2.625
6.75
-9.375
-14.375
9.75
19.75
10.375
10.625
9.625
-5.375
-14.75
1.5
-7.0
-13.25
9.5
3.75
2.375
0.0
-24.375
-22.625
-0.25
0.375
-7.375
-6.5
0.25
0.0
-5.875
4.125
11.5
10.875
7.5
-4.875
-0.125
15.0
17.75
-2.375
-12.125
8.25
11.625
-1.625
-22.25
-33.875
-28.875
-33.75
-33.0
-5.75
8.25
15.0
25.25
18.75
8.5
3.875
14.625
15.5
12.5
15.5
9.0
-13.125
-16.0
5.0
-0.875
-10.75
-8.0
-8.25
-15.75
-23.625
-18.25
-15.5
-13.125
-10.375
-16.375
-20.75
-12.25
1.125
8.0
14.0
16.0
15.25
12.5
12.0
-3.875
-22.125
-21.125
-10.0
-6.375
-3.0
-3.0
-17.25
-6.875
8.5
-13.375
-24.0
5.25
19.375
5.5
-2.0
5.875
8.875
6.125
9.375
18.0
5.75
-21.875
-16.875
-6.0
-4.5
-4.25
-9.125
-5.0
-2.375
11.5
18.5
10.75
23.75
28.375
12.75
2.875
-9.125
-9.875
0.875
13.0
22.125
18.75
22.25
7.125
1.625
26.875
23.5
21.25
31.375
24.375
22.625
24.125
24.0
23.875
31.875
34.125
5.75
-26.875
-26.0
-6.875
-2.375
-4.125
-3.875
-4.25
12.5
30.125
10.625
-8.875
-7.75
0.375
5.375
1.25
-5.875
-3.875
11.0
6.375
12.5
49.75
55.375
6.625
-46.5
-56.625
-41.25
-33.0
-37.75
-40.5
-40.875
-48.5
-43.625
-9.5
4.0
-7.0
-9.0
-20.625
-32.5
-34.625
-25.75
1.875
13.0
19.25
43.375
54.25
47.875
32.125
34.75
55.0
44.25
29.5
37.125
32.75
27.25
23.75
7.25
10.25
-13.875
-49.5
-25.125
-6.125
-13.625
-25.0
-33.5
-14.75
5.0
7.375
5.375
3.625
8.875
9.375
9.625
10.5
1.125
-8.875
-23.75
-26.0
-4.125
3.75
8.375
10.375
-1.0
-8.375
-15.75
-17.875
-6.625
-13.25
-26.0
-15.75
-2.5
2.0
8.875
-1.75
-21.875
-4.125
8.125
-6.5
-16.5
-25.25
-14.75
-12.125
-13.5
3.125
0.25
-3.125
-15.0
-31.25
-26.875
-8.0
3.875
-1.5
2.0
8.5
-2.0
-6.625
1.5
3.125
5.25
-1.125
-12.75
-14.5
-19.625
-17.0
-11.125
-25.375
-28.75
-11.375
-19.875
-38.625
-36.125
-34.625
-21.875
2.375
19.5
29.75
21.625
8.125
-2.375
-3.0
9.25
27.375
37.5
31.375
19.5
11.375
0.0
-17.5
-7.125
7.0
-17.75
-43.75
-44.0
-35.875
-44.125
-36.5
-5.25
5.375
1.5
-8.5
-15.75
-6.25
4.0
3.375
-13.0
-6.75
22.75
32.25
26.75
11.25
9.0
14.0
-1.875
-3.875
0.125
-7.5
-17.875
-17.5
-7.75
-8.0
-5.875
-5.125
0.375
7.625
6.75
5.5
-0.125
-1.5
8.875
5.0
-2.625
0.75
-2.0
-0.5
-6.625
-19.0
-17.0
-9.875
-3.875
0.125
-11.0
-23.375
-24.125
-40.375
-41.375
-15.125
3.75
20.25
26.75
24.125
19.875
6.0
-4.875
-16.875
-27.0
-19.25
-11.75
-21.0
-26.0
-23.0
-20.0
-11.375
6.0
11.75
-6.0
-15.0
-11.5
-14.125
-7.0
1.375
3.125
14.375
13.125
1.25
-12.5
-20.875
-12.5
-8.875
-9.625
-4.0
-14.125
-26.375
-9.0
17.875
19.875
11.0
2.625
-9.0
-5.25
-6.75
-12.125
-2.75
16.0
33.75
21.375
11.875
11.5
3.125
-2.5
-4.875
7.5
11.25
-5.125
-4.25
2.75
-6.25
-5.75
1.75
-2.125
-3.375
1.125
-8.375
-19.875
-17.0
-8.375
3.875
10.125
-1.125
-4.875
1.0
5.0
9.5
-0.125
-2.375
5.125
10.75
16.25
-8.5
-23.0
-9.75
-4.25
0.875
-1.75
2.375
0.625
-14.0
-10.25
-10.0
-18.25
-16.25
-10.875
-0.25
14.625
12.625
7.5
12.375
15.5
13.0
8.125
9.625
21.625
24.875
14.125
8.125
-3.5
-14.5
-12.125
-8.375
-9.625
-5.5
-0.25
10.0
23.0
18.75
3.0
-2.875
-7.0
-7.125
2.5
-0.5
-9.875
-8.0
9.75
25.75
21.375
6.25
-5.5
-6.625
-5.25
-7.25
-9.5
-13.375
-3.25
13.25
4.5
-17.625
-23.125
-20.625
-11.125
9.25
5.875
-3.375
17.25
23.5
9.0
-3.125
-17.25
-15.875
5.0
21.625
32.5
38.375
33.25
26.75
29.875
25.375
8.75
7.625
4.25
-9.25
-8.5
-10.0
-20.625
-25.25
-16.375
-2.375
0.5
-2.875
-19.0
-30.125
-14.25
2.375
3.5
1.625
6.0
15.875
23.125
21.875
21.0
18.375
9.125
-2.125
-4.25
-4.375
-10.25
-20.0
-31.75
-30.125
-22.75
-13.75
-6.5
-8.125
-1.375
0.875
3.625
23.375
27.0
7.125
-4.625
1.5
4.375
-0.625
5.25
8.375
-1.75
-15.5
-33.125
-40.25
-31.75
-22.375
-16.0
-7.25
0.5
20.875
68.75
73.625
34.125
16.375
-7.0
-22.875
-16.375
-22.25
-23.5
-1.0
19.375
13.125
-10.0
-7.75
4.25
-0.875
0.625
4.375
0.0
-8.375
-14.875
-11.25
-7.5
-15.625
-13.875
-15.125
-10.875
9.5
-3.0
-25.0
-20.25
-18.5
-26.125
-15.625
0.75
-4.875
-0.125
8.5
-9.0
-9.0
-0.75
-8.25
-8.75
-16.75
-32.625
-40.125
-27.75
-13.75
-20.875
-23.375
-13.625
-4.25
-10.25
-34.0
-43.875
-20.25
-5.875
-8.375
-2.125
1.5
9.875
28.875
18.25
-11.5
0.75
18.125
17.875
24.625
26.5
38.125
49.0
42.75
48.0
36.5
21.75
34.375
31.5
4.625
-10.625
-13.75
-19.625
-18.625
-5.625
16.375
25.125
27.25
3.125
-24.75
-35.5
-51.5
-47.375
-28.0
-7.75
7.25
9.125
1.875
-1.875
2.0
-0.875
-2.0
6.0
9.875
0.75
-10.875
-19.5
-13.5
-2.125
-1.875
-10.25
-18.375
-3.0
-6.625
-27.0
-22.25
-22.875
-22.125
-5.5
8.875
4.375
-17.5
-13.0
-3.625
-22.25
-20.625
4.75
18.875
12.125
-3.375
-4.25
-0.375
2.25
10.75
12.125
19.0
28.875
22.125
15.75
13.625
4.5
5.5
18.375
18.25
7.875
-5.875
-17.625
-22.625
-20.5
-6.25
-0.5
3.75
22.75
21.25
9.75
18.625
24.875
35.375
40.875
-4.0
-36.875
-32.875
-32.625
-32.5
-31.125
-19.625
-4.5
14.875
26.0
13.375
10.125
7.5
-2.875
-6.125
-23.375
-36.625
-21.125
-1.375
13.625
41.875
41.0
16.75
21.0
14.375
6.5
16.0
8.625
-2.375
2.375
7.125
12.0
9.0
8.875
20.5
27.125
30.5
23.125
10.625
6.0
11.375
19.5
29.5
34.0
24.125
15.125
21.5
18.0
-1.625
-3.75
-0.125
-5.375
-16.125
-20.5
0.875
31.875
20.75
13.0
20.5
-0.5
-16.25
-24.75
-23.0
-15.375
-3.625
17.0
28.0
36.125
31.875
12.0
-0.875
-3.125
1.75
-4.125
-11.125
-13.5
-27.75
-32.875
-29.5
-37.375
-49.125
-24.625
-12.5
-23.5
-3.75
5.875
2.25
9.25
21.625
20.0
11.75
14.375
26.125
38.875
29.875
-6.0
-38.375
-32.75
-6.875
-1.5
-19.875
-26.125
11.875
33.875
19.875
5.375
-10.125
-24.0
-31.375
-28.625
-19.0
-13.5
-18.125
-13.375
-1.25
-4.0
-9.75
-4.25
5.5
7.125
8.125
18.0
17.25
5.375
-3.125
-17.375
-17.125
-6.625
-8.25
-9.5
-0.25
7.75
2.375
-5.5
-8.0
-11.25
-18.625
-28.25
-33.875
-24.625
-14.5
-15.125
-7.5
10.75
12.5
10.875
25.25
29.5
17.875
9.375
-1.125
-3.625
6.375
14.0
14.375
9.5
5.875
11.25
21.875
7.25
-8.5
-7.375
-17.0
-22.5
-23.5
-26.375
-15.875
-7.625
-2.375
0.0
-21.625
-28.625
-9.25
-11.375
-18.0
-4.0
6.5
4.25
-1.625
-15.5
-23.125
-9.375
6.75
11.25
-8.0
-24.375
-8.5
14.375
10.875
-13.125
-15.125
-1.375
15.25
9.75
0.75
2.5
-24.375
-30.625
-6.875
-0.375
-19.125
-16.0
9.375
-2.5
-15.75
-7.5
-13.25
-16.75
-13.375
-14.875
-3.875
27.25
33.875
16.25
17.75
16.5
9.0
5.125
9.125
14.25
3.125
-2.875
-0.125
-3.5
-12.625
-6.5
11.625
-3.25
-26.625
-12.25
-3.0
-6.125
4.375
-3.625
-14.5
-5.5
-2.0
12.75
27.875
13.625
-7.25
-12.5
-6.25
-3.625
-14.25
-23.5
-20.0
-12.5
-0.625
1.5
6.25
28.375
33.75
19.0
-4.375
-24.0
-31.5
-27.375
-12.125
-12.875
-26.5
-24.375
-12.5
-11.75
-9.125
3.75
-1.25
-24.5
-29.25
-10.0
-3.375
-17.25
-19.625
-11.5
-8.5
-15.0
-19.5
-9.375
4.875
8.875
-0.625
-7.625
-14.5
-6.125
12.25
18.0
15.25
9.25
1.75
7.375
11.75
-3.75
-7.125
-14.0
-11.0
2.75
-12.125
-12.125
2.875
-6.625
-19.875
-9.0
-1.875
-11.5
-8.625
6.0
11.625
-11.625
-22.75
-11.75
-12.875
1.25
10.625
6.25
11.875
10.5
-3.0
-14.125
-15.375
-8.25
3.5
-4.125
-26.625
-20.75
-4.125
-3.875
-7.5
-4.875
-19.625
-36.75
-28.125
-27.75
-42.875
-27.125
4.25
-0.75
-11.375
-5.375
3.25
6.125
-11.75
-17.625
-4.625
-13.75
-14.75
-0.875
-2.125
-15.375
-12.125
-1.125
-13.75
-23.25
-24.0
-26.25
-29.0
-24.375
-20.375
-18.375
-10.5
-11.625
-15.25
-13.5
-11.625
-26.0
-38.5
-33.375
-29.125
-36.0
-40.75
-37.875
-34.125
-16.5
15.75
36.125
27.375
24.5
24.875
18.125
18.5
30.875
47.0
47.875
50.625
39.75
19.125
18.75
4.5
0.5
6.0
-14.375
-16.875
-7.125
-1.125
-5.5
-23.625
-32.25
-21.5
-9.125
-2.875
1.625
-3.375
-2.625
5.25
6.125
-5.875
-16.125
-7.0
-15.375
-26.5
-1.0
19.375
14.625
2.25
-7.75
-7.0
0.0
-15.75
-19.625
-15.625
-34.125
-35.875
-26.5
-31.875
-27.25
-1.875
-11.5
-25.25
-18.25
-6.875
6.75
-11.375
-33.25
-20.75
12.25
20.875
-6.75
-21.75
-25.75
-40.875
-36.375
-26.625
-19.25
-19.0
-43.5
-46.75
-35.5
-34.625
-19.0
-0.875
-8.875
-22.875
12.125
24.375
-30.0
-50.875
-37.125
-31.0
-12.25
15.25
15.375
6.25
-6.75
-18.875
-13.5
-18.5
-24.875
-16.25
-21.25
-30.375
-4.25
12.125
2.875
10.25
25.0
4.125
-15.0
1.25
-3.125
-9.625
3.25
-0.125
-12.75
-14.625
-2.75
-4.75
-13.75
-5.125
-10.875
-13.875
-15.75
-24.0
-2.625
10.875
4.875
9.625
23.5
53.0
57.5
12.625
-13.0
-6.375
10.125
27.625
27.375
35.75
38.25
14.875
-1.25
-12.0
2.375
22.25
20.625
31.625
18.375
-19.0
-10.0
25.625
35.125
3.0
-23.25
5.25
29.375
36.375
41.875
40.75
29.5
11.5
14.5
11.875
6.0
16.375
35.375
55.0
62.375
53.625
33.125
40.625
50.25
25.125
5.875
5.75
13.0
25.125
41.25
38.875
28.625
28.75
32.375
20.875
15.625
29.0
34.125
33.625
39.375
27.375
-0.25
16.625
45.625
49.125
38.0
16.875
19.0
25.625
26.875
29.75
23.0
23.875
19.875
14.875
31.625
32.25
20.125
26.125
32.25
46.0
61.0
56.5
40.125
26.875
28.25
28.5
28.0
34.0
39.75
38.5
27.25
17.0
24.75
36.5
30.625
26.625
41.5
66.0
46.5
6.375
5.125
6.875
6.625
15.625
19.0
25.875
42.75
50.375
42.625
39.5
39.625
30.5
32.75
42.5
46.375
60.625
47.625
8.0
-8.125
19.875
50.0
37.5
32.75
32.25
36.625
48.75
32.75
6.625
15.25
43.125
23.0
-6.75
7.5
29.125
34.75
34.375
39.25
22.125
-2.75
21.75
59.75
54.625
30.0
27.125
28.0
16.375
10.0
19.375
41.75
51.375
50.0
56.25
57.75
39.25
10.25
16.125
38.5
27.625
24.0
29.375
17.375
27.375
41.375
41.5
54.5
53.625
58.5
71.0
60.0
54.5
58.375
46.875
29.5
24.125
26.75
33.125
47.25
63.0
64.25
50.75
44.25
43.5
41.5
40.375
25.5
21.25
22.25
8.25
12.375
25.375
42.25
37.75
10.75
15.75
11.0
2.5
22.75
27.0
21.5
25.625
39.0
35.75
14.25
14.75
29.75
42.75
49.5
40.25
36.25
48.5
46.375
29.375
18.0
18.625
30.5
42.875
24.625
8.75
28.5
22.75
0.25
1.875
-1.5
11.5
33.375
28.0
26.125
37.75
35.625
7.25
-7.375
4.875
8.75
4.25
17.25
32.75
32.75
39.375
28.875
9.625
20.25
26.375
26.0
13.0
-18.625
-27.25
-7.125
11.5
1.0
2.75
22.25
14.875
1.125
2.125
9.25
13.125
5.5
0.5
7.5
4.375
2.0
23.75
20.75
-5.125
-12.375
-16.375
-7.125
4.0
-18.625
-18.375
7.375
-1.25
-11.75
-10.375
-12.625
-5.75
18.125
37.5
32.875
14.125
-7.5
-15.5
-14.625
-12.625
-1.625
6.125
8.625
-0.5
-20.125
-13.625
-4.125
-5.5
0.625
-11.0
-22.875
-7.375
-1.25
-29.5
-41.0
-16.875
-6.625
-5.625
4.875
4.875
3.375
-2.25
-20.5
-34.5
-37.5
-40.375
-47.375
-40.125
-31.125
-28.125
-23.125
-22.25
-18.75
-14.5
-13.125
-14.875
-25.25
-24.875
-14.0
-12.125
-20.0
-21.625
-6.0
-2.875
-15.375
7.5
36.375
8.625
-14.875
-2.5
-6.5
1.25
21.5
17.25
9.125
10.75
18.5
29.25
34.625
28.75
20.75
8.0
3.125
6.5
-3.375
-15.125
-10.125
3.625
-2.0
-9.125
2.5
7.375
-2.875
-7.0
-3.5
-5.875
-10.25
-12.5
-11.125
-8.0
-8.125
12.625
19.625
-3.0
-18.625
-21.25
-21.75
-31.375
-25.75
-12.5
-18.0
-17.375
-28.125
-43.375
-28.875
-31.125
-45.25
-35.75
-26.375
-25.625
-17.0
-6.0
-18.0
-27.875
-20.0
-5.125
-13.375
-36.5
-20.25
-10.125
-19.25
-23.625
-30.75
-22.5
-13.625
-2.0
5.125
-3.75
-5.875
-22.125
-31.375
-23.5
-18.875
-7.75
3.125
-6.375
-17.625
-10.125
-9.875
-19.75
-26.625
-29.5
-31.5
-16.75
1.75
-4.5
-16.5
-16.0
-10.875
-10.875
-12.75
-9.25
4.0
14.875
-9.375
-27.0
-18.375
-13.625
12.125
19.25
-1.875
2.875
3.0
-20.25
-21.125
-11.875
-13.5
-18.625
-27.875
-25.25
-18.25
-15.375
-9.625
-11.375
-15.0
-11.875
-7.0
-4.25
-5.875
-14.25
-13.125
0.75
-2.75
-15.375
-14.25
0.375
3.75
0.75
-4.5
-13.0
-1.0
-0.375
-11.625
-13.25
-18.375
-24.0
-18.0
-8.0
-15.5
-5.125
5.25
-4.25
-0.5
-2.875
-8.375
-6.25
-4.125
-5.125
-9.0
-8.875
-4.625
-2.125
-11.375
-6.875
6.875
-1.625
-12.5
-18.125
-18.375
-17.375
-15.875
-22.0
-31.375
-9.75
1.875
-14.625
-19.5
-12.0
-4.875
5.5
3.5
-8.25
-6.875
-9.5
-12.0
-3.375
1.25
-11.125
-9.625
18.5
17.0
-7.75
-20.0
-18.5
-13.5
-10.25
-10.625
-5.375
2.875
-7.625
-22.125
-19.25
-10.875
-17.0
-20.125
-11.75
-9.0
-15.25
-15.125
-10.625
-14.0
-12.75
-13.625
-18.75
-11.0
-8.625
-22.625
-25.625
-19.125
-22.125
-19.375
-9.375
-5.375
-4.0
-11.125
-14.375
-1.0
7.0
4.75
0.375
2.5
3.75
-9.75
-16.375
1.875
5.75
-17.625
-9.0
8.5
-1.75
-10.25
-7.875
0.625
-4.0
-2.0
3.625
-14.625
-12.5
9.75
2.0
-6.375
8.0
5.375
-6.375
3.75
14.125
0.375
-10.125
-4.75
-12.125
-19.25
-4.625
2.625
-18.875
-26.125
-16.875
-31.75
-35.875
-15.375
-6.25
-12.5
-19.75
-16.625
3.25
11.625
-6.625
-7.5
-2.625
-6.75
0.75
8.125
3.25
-7.0
-6.5
-2.5
-7.25
-12.0
-15.25
-20.625
-23.375
-24.25
-24.0
-27.0
-15.125
-18.875
-20.0
8.25
5.75
2.375
13.625
14.625
19.5
28.125
28.375
28.125
25.75
27.0
38.25
22.625
-2.5
-13.0
-20.875
-28.0
-42.0
-27.375
-16.75
-19.25
4.25
11.75
-7.5
-14.375
9.125
20.875
19.625
24.875
24.375
24.0
18.875
6.625
-2.125
-4.875
5.125
5.625
-19.25
-23.5
-0.25
0.875
-5.5
15.625
29.0
17.25
17.125
33.125
29.125
17.25
42.125
71.25
63.0
58.5
74.0
61.375
37.125
18.625
9.0
19.25
21.125
22.375
36.125
38.125
26.125
25.75
32.375
17.75
11.0
13.0
-12.125
-24.625
-12.5
-5.125
-10.625
-3.25
15.625
9.125
7.375
11.875
7.25
12.375
11.125
10.0
16.25
14.25
1.375
-4.5
8.125
19.5
9.875
2.875
13.5
14.75
9.5
14.875
16.25
10.25
-0.625
3.25
21.25
23.25
42.25
56.125
44.0
44.0
38.5
16.75
9.5
8.5
13.625
31.75
24.625
6.5
1.875
-0.25
-2.375
9.0
28.875
34.375
20.875
11.0
18.125
10.875
-0.375
9.0
21.625
24.0
19.625
20.5
30.375
28.0
4.5
-3.875
6.375
1.75
-9.125
-8.5
3.375
20.875
28.25
28.75
19.75
15.5
25.75
23.375
13.25
15.625
12.875
2.625
4.0
1.875
2.375
18.25
13.375
0.75
14.0
23.125
29.5
29.75
16.0
23.125
43.625
38.375
27.125
18.75
28.125
57.75
64.25
55.875
65.75
79.875
68.0
51.875
55.75
65.125
59.25
45.5
36.5
21.375
8.0
24.0
20.5
-7.5
8.125
36.375
35.375
15.875
2.125
1.75
-1.25
-1.25
6.125
14.75
19.625
16.375
13.25
24.0
24.125
22.125
35.5
17.625
-16.875
-15.875
-10.0
-19.625
-21.875
-12.125
-11.25
-23.0
-19.125
-14.875
-27.875
-29.125
-6.25
-0.25
-19.5
-31.25
-27.75
-32.0
-59.375
-66.5
-63.0
-61.25
-40.375
-35.0
-48.125
-62.25
-61.5
-53.875
-58.375
-51.625
-44.875
-53.0
-51.875
-43.25
-38.125
-32.625
-31.75
-31.125
-36.625
-40.375
-30.0
-35.5
-33.625
-14.375
-14.625
-18.25
-25.75
-34.5
-18.0
3.875
-4.125
-20.375
-22.125
-20.125
-22.375
-13.5
-7.125
-10.5
-20.625
-22.375
-8.875
-11.5
-18.25
-6.75
4.25
1.0
-3.0
-5.625
-10.25
-13.5
-16.125
-10.875
-6.875
-8.75
-7.125
-4.25
11.75
21.75
9.75
-4.625
-23.125
-27.0
-13.5
-11.125
-12.5
7.0
10.75
-16.375
-12.75
-0.625
-15.5
-21.875
-11.625
-11.25
-11.875
4.25
16.0
12.125
5.5
9.5
9.875
-5.875
-20.875
-14.875
5.625
6.5
-5.25
-9.75
-3.625
3.125
-3.25
1.0
8.125
5.5
9.5
16.625
10.375
-0.375
14.25
16.75
2.0
3.0
5.625
2.625
1.625
0.5
1.125
8.125
2.5
0.25
6.375
-5.875
-14.375
1.5
15.375
11.0
9.125
13.0
11.375
6.5
-6.25
-22.625
-22.5
-12.25
-10.25
-10.125
-4.625
1.125
-0.5
-15.0
-19.875
-13.625
-13.125
-7.25
0.5
4.375
5.125
8.5
9.5
-10.5
-14.25
-2.375
2.125
13.25
-6.375
-34.75
-22.0
-5.5
-10.375
-20.375
-21.625
-15.375
-14.0
-22.0
-26.25
-22.875
-27.25
-28.0
-18.5
-16.625
-20.0
-21.625
-15.875
-13.125
-17.25
-19.125
-15.75
-10.5
-13.375
-18.0
-20.625
-18.375
-11.625
-14.75
-23.375
-25.625
-27.375
-25.625
-18.125
-17.25
-18.625
-13.0
-9.375
-15.75
-25.0
-20.0
-5.0
-0.625
-10.5
-25.0
-20.5
-12.375
-14.25
-16.0
-15.625
-15.75
-16.5
-15.375
-18.125
-18.5
-21.375
-23.25
-18.0
-16.625
-18.0
-17.875
-23.375
-21.875
-16.75
-18.5
-12.75
-6.25
-7.25
-6.625
-4.75
-9.25
-13.25
-11.125
-12.875
-13.875
-7.875
-16.375
-17.0
-9.5
-18.0
-18.5
-18.875
-17.125
-1.75
2.625
3.875
7.0
5.25
5.75
5.125
-0.625
-3.625
2.125
9.625
12.375
12.375
10.125
1.375
-15.25
-18.25
-7.375
-3.25
-4.75
-10.375
-9.5
-3.875
-7.25
-15.625
-14.625
-6.125
-7.375
-11.375
-10.25
-7.0
-2.375
-0.875
1.75
-0.875
-5.25
-11.25
-17.5
-15.875
-13.875
-8.875
-7.875
-9.875
-5.125
3.25
-0.875
-4.375
7.125
8.875
10.125
11.875
8.125
14.875
15.875
4.375
-5.5
-15.125
-19.0
-10.25
-3.75
-2.0
-10.25
-13.5
1.25
-3.25
-10.125
-6.75
-21.5
-17.625
2.375
-3.75
-5.75
2.625
11.5
9.875
-14.125
-19.75
-5.75
-3.375
-7.875
-9.0
-7.0
-4.0
-5.375
-10.25
-3.125
-0.125
0.125
8.125
10.0
5.125
-3.25
-0.375
6.875
1.125
-1.25
0.75
2.25
13.875
26.75
38.5
40.625
26.5
14.5
6.5
4.25
-6.75
-22.25
-15.375
-7.625
-10.25
-8.375
2.25
5.25
-10.0
-16.625
-0.75
10.375
0.625
-3.625
-1.125
-14.25
-9.875
5.625
-1.125
-1.75
6.875
-3.625
-16.375
-14.25
-15.125
-16.625
-12.625
-8.375
-11.75
-15.125
-12.75
-13.375
-12.0
-5.0
0.25
-1.375
-7.625
-6.875
5.625
16.5
24.25
24.375
23.125
22.125
9.75
-4.5
-7.875
-3.5
-7.625
-7.375
-0.5
4.375
11.75
7.25
-4.0
-6.125
-6.125
-0.25
4.375
-6.5
-8.5
4.125
1.375
-0.875
18.125
34.5
24.375
26.5
52.25
60.625
48.25
31.625
18.0
1.875
-5.875
-0.5
8.875
18.5
27.125
24.375
23.125
41.0
47.0
29.625
10.75
-8.75
-17.625
-9.625
4.875
23.25
33.625
31.125
18.25
6.875
5.625
15.25
41.375
65.75
62.625
37.5
14.75
-4.75
-5.75
7.375
3.25
2.25
23.0
31.625
14.375
4.125
0.75
-10.25
-6.75
-5.5
-20.75
-6.125
12.125
6.375
11.875
9.625
2.875
12.75
18.0
15.625
17.0
26.0
25.375
5.75
-7.0
-0.375
5.25
-2.0
-8.5
-2.125
2.375
-0.125
-2.5
-2.0
3.625
4.875
4.25
3.75
4.5
13.375
22.75
19.25
12.25
17.0
20.125
7.125
5.25
21.375
32.625
43.5
35.5
18.625
24.25
21.875
4.75
-5.0
-7.125
6.625
14.0
10.125
15.0
20.25
18.125
10.625
13.125
29.625
43.875
37.625
16.0
-3.875
-11.5
1.25
9.0
2.625
10.75
22.125
19.0
19.875
39.125
48.375
31.875
21.75
22.5
14.75
16.625
19.125
8.25
11.25
14.25
9.875
16.875
22.375
22.875
21.0
23.375
37.75
44.5
46.875
47.25
36.25
31.375
29.5
24.625
33.625
40.375
35.375
40.125
48.25
40.25
18.25
12.125
17.75
21.125
34.375
39.875
25.0
20.875
32.125
29.5
27.25
24.75
15.25
18.0
20.75
18.75
18.125
14.625
15.75
22.625
20.625
14.875
14.375
11.75
17.875
30.75
28.25
14.375
12.125
18.125
13.625
8.125
9.0
1.75
1.875
11.75
17.5
24.25
26.5
34.125
48.375
43.0
23.5
21.875
24.25
11.375
16.375
44.625
55.0
47.125
21.5
-2.375
-8.25
-11.25
-9.0
-9.75
-5.5
-0.625
2.0
15.375
22.625
15.5
15.375
19.875
24.25
29.25
17.375
9.5
17.25
20.25
21.625
23.375
26.0
27.0
23.0
22.875
23.75
21.5
27.0
33.625
28.375
26.75
28.625
27.375
29.125
31.5
27.75
25.375
10.75
8.75
31.5
34.125
34.25
55.25
54.625
37.5
39.0
21.0
5.125
13.625
18.875
22.625
30.5
46.375
44.5
9.625
-5.875
12.875
36.375
31.25
-7.25
-37.75
-59.5
-18.5
-26.5
-166.75
-62.875
65.375
5.125
3.75
9.375
-10.0
-26.875
-18.875
-8.75
-3.75
9.75
18.0
16.25
20.0
21.5
21.375
23.875
51.0
-35.625
-127.875
-1.875
56.0
21.5
33.75
42.0
39.25
36.875
37.0
52.625
87.25
95.75
65.875
25.875
-13.0
-37.375
-38.625
-26.5
-11.625
-10.875
-12.0
-9.125
-12.875
-4.25
41.875
-39.875
-157.5
-58.75
-16.5
-57.0
-44.125
-31.5
-21.625
-16.25
-9.125
-10.25
-5.25
9.625
19.25
18.375
22.625
28.25
19.75
13.75
19.875
22.125
9.125
-0.75
2.625
12.0
20.125
23.125
22.0
24.875
27.75
29.0
36.625
37.625
40.25
39.0
28.0
36.0
45.875
33.0
20.125
11.0
-1.25
8.125
30.25
38.25
43.0
41.125
24.25
10.25
2.875
5.75
13.0
16.25
15.375
7.125
6.125
11.625
17.5
18.125
6.125
0.75
-1.875
1.25
17.5
19.625
14.875
16.0
2.5
-5.75
4.125
16.75
18.25
7.25
0.625
8.375
28.875
38.25
38.0
38.625
26.25
5.5
-10.875
-9.875
6.25
11.75
1.125
2.375
10.25
3.5
8.625
21.375
12.75
7.375
23.0
50.5
68.375
55.25
19.625
0.375
2.0
4.125
-2.5
-26.5
-31.625
-16.125
-17.25
-19.125
-3.75
7.5
15.0
21.5
23.625
22.5
8.0
1.75
5.875
6.25
5.25
-0.125
-8.5
-12.75
-15.75
-20.625
-27.25
-24.0
-17.25
-15.75
-2.375
17.75
13.25
-3.375
4.625
7.125
-4.625
-9.625
-16.875
-12.375
13.25
26.875
15.625
5.75
7.375
12.875
16.375
18.875
14.125
-12.25
-22.5
-11.625
-10.375
-16.625
-29.875
-27.0
-5.125
10.0
18.625
33.75
42.0
17.75
1.5
7.625
-9.125
-30.0
-20.625
-6.75
-6.375
-8.25
-2.625
4.625
4.125
-3.25
-15.75
-20.125
-11.75
-4.375
-6.25
-3.375
15.0
24.875
18.5
11.0
8.0
7.25
10.375
15.125
18.625
23.75
15.25
9.75
23.875
51.75
69.0
76.375
84.75
79.0
61.75
33.5
24.625
30.375
19.25
5.5
-4.5
-22.75
-18.75
7.125
35.5
56.375
54.0
33.875
8.125
-0.25
-2.875
-5.0
6.75
11.25
4.375
9.125
26.25
26.125
13.5
14.0
17.875
26.25
41.375
51.25
55.625
58.5
48.875
20.125
-0.875
-12.375
-24.5
-24.125
-8.375
-1.875
-6.875
7.75
38.5
60.0
58.125
28.125
-8.0
-12.875
2.25
6.875
0.875
-0.25
5.875
1.5
-5.625
3.75
15.125
22.0
28.875
20.375
9.75
12.375
6.875
13.75
41.5
49.375
45.875
39.625
18.5
7.5
15.5
23.625
38.25
46.625
13.5
-11.625
-4.125
4.0
10.0
3.625
0.75
-4.625
-5.125
-2.875
-4.25
9.75
11.0
14.75
32.0
-0.375
-30.25
-17.125
-19.25
-30.5
-21.75
-12.0
-13.625
3.75
26.875
25.75
8.375
3.375
13.125
5.375
6.875
21.125
-2.25
-22.0
-13.0
-1.625
10.25
17.375
19.75
26.0
19.25
6.375
19.5
34.125
28.75
16.375
5.25
6.125
9.25
1.375
-5.125
1.875
16.875
27.125
23.375
5.75
-12.375
-28.0
-30.75
-14.25
10.125
32.75
54.125
53.875
21.5
6.125
6.875
-3.375
-7.25
-1.125
5.25
8.625
13.375
13.875
5.375
1.875
8.75
17.125
20.125
25.0
30.5
29.5
15.625
12.25
37.625
65.125
75.75
43.0
-4.25
-17.875
-14.75
-12.25
-10.5
-0.75
22.875
50.625
55.125
39.875
36.5
22.25
8.5
9.5
-2.625
-0.625
9.0
-1.125
-12.875
-12.375
-3.375
1.25
-2.5
7.0
25.75
23.25
15.75
26.75
28.625
11.375
3.5
5.625
15.625
23.75
12.875
7.875
28.25
40.0
17.25
9.625
24.0
2.5
-28.375
-28.125
-7.0
-0.625
-7.75
8.5
28.125
11.625
-5.75
-11.0
-28.875
-40.5
-31.25
-12.0
-13.5
-24.0
-19.75
-6.625
5.5
4.75
9.125
17.125
14.375
2.375
-13.5
-2.0
11.375
5.75
8.875
10.875
15.0
22.125
7.625
-23.375
-27.875
-10.5
-7.625
-4.5
-1.75
-11.0
-12.875
-9.125
-18.625
-19.5
-6.5
6.375
13.375
12.875
8.375
4.875
1.5
-7.375
-6.375
-12.75
-29.0
-26.375
-2.125
12.0
2.625
-2.875
2.5
2.5
-11.875
-11.875
-16.0
-34.625
-32.5
-7.875
12.375
16.25
21.5
10.125
-14.0
-23.875
-24.0
-14.75
-5.125
-6.125
5.625
8.875
-5.0
-3.375
-12.875
-25.75
-37.5
-38.25
-27.375
-30.125
-27.5
-15.75
-4.875
-10.125
-13.375
-6.5
-15.625
-21.125
-22.0
-20.375
-12.25
-16.5
-15.5
-15.875
-18.125
-9.125
3.375
14.75
9.625
-0.625
2.875
8.625
9.0
9.5
3.875
9.25
28.5
27.875
26.125
28.125
18.125
11.5
0.375
4.0
26.75
15.875
-2.125
-0.125
-15.625
-26.125
-1.25
7.75
-12.5
-31.125
-38.375
-30.125
-28.0
-28.375
-20.375
-17.25
-21.25
-15.25
-6.125
-0.5
6.75
4.25
11.125
35.75
35.75
3.875
-24.875
-32.625
-35.875
-23.125
-3.5
-2.75
2.0
13.625
19.0
0.875
-14.125
-6.5
8.125
15.875
5.5
-0.375
4.125
10.125
13.75
23.875
38.25
30.0
5.25
-4.375
-3.0
-3.25
-21.25
-37.875
-26.0
-10.0
-1.0
2.0
5.625
3.125
-1.375
-8.5
-8.125
3.625
5.0
-0.5
-4.25
-4.75
3.5
16.875
3.5
-11.875
-2.25
-5.75
-8.875
14.5
23.375
2.0
-14.375
-35.875
-36.375
0.875
21.25
17.875
1.75
-7.375
-16.875
-34.25
-33.375
-21.125
-4.625
6.75
6.75
-1.25
-11.25
-20.625
-20.5
1.75
18.0
-6.625
-35.125
-33.625
-28.25
-28.5
-24.125
-17.125
-8.875
-2.0
6.0
7.0
1.5
10.625
10.375
-7.5
-18.0
-17.375
-7.625
0.625
2.875
-2.0
-9.375
-3.875
-4.625
-10.0
-9.125
-9.125
-0.75
-6.625
-18.625
-11.0
3.375
15.375
19.125
15.375
13.125
12.375
37.75
78.375
57.125
15.5
-11.25
-41.5
-39.125
-31.75
-21.625
-11.125
-23.75
-21.25
-2.625
-1.625
-4.125
6.5
7.25
-0.625
-9.625
-15.75
5.625
8.625
-15.0
-13.75
-11.0
-11.75
-3.875
5.0
18.625
20.0
6.625
2.75
-0.25
-2.0
0.5
7.5
15.125
7.5
1.625
1.5
-2.125
-6.875
-4.125
7.5
19.0
26.125
23.75
14.0
14.125
18.5
11.375
9.5
5.875
-11.125
-34.375
-42.375
-24.0
-13.125
-19.875
-21.625
-15.75
-0.25
3.375
-2.25
-2.375
-25.875
-48.75
-42.0
-31.125
-25.875
-22.875
-18.0
4.0
12.625
-6.625
-2.0
11.25
-5.0
-17.625
-19.75
-16.875
-13.75
-18.875
-21.75
-21.125
-17.25
-17.375
-20.125
-17.125
-21.5
-25.625
-28.125
-35.5
-29.5
-18.375
-11.875
-6.125
-4.125
-9.5
-17.375
-20.5
-11.5
-1.625
-3.25
-7.125
-8.375
1.75
6.0
-3.375
-1.625
8.25
7.625
8.0
10.625
6.375
-8.375
-24.625
-22.25
-18.875
-14.875
-13.625
-18.875
-7.125
24.25
49.25
40.375
-20.75
-71.25
-53.125
-25.375
-25.75
-43.625
-54.25
-42.125
-27.0
-18.125
-11.125
-1.625
7.875
3.625
-6.125
2.0
9.875
5.375
1.375
5.0
0.25
-18.25
-23.375
-15.875
-10.125
-8.75
-11.625
-16.125
-13.25
-6.5
-4.625
-5.25
-3.375
-3.375
-10.375
-13.125
-7.875
-3.75
-3.0
-2.875
0.625
18.75
32.125
30.125
18.25
-11.125
-16.25
0.75
-8.5
-19.125
-12.875
-3.75
-3.75
-12.375
-8.875
-3.625
5.375
13.125
14.125
21.625
6.75
-8.125
5.125
-8.25
-24.625
-15.875
-36.375
-58.5
-43.25
-21.75
-13.625
-10.0
0.375
5.5
-3.0
-3.625
-2.375
-22.875
-35.625
-31.25
-32.0
-25.375
-18.375
-28.5
-29.25
-16.5
-4.75
18.75
16.75
-28.125
-49.875
-48.5
-51.625
-45.125
-41.0
-45.0
-40.5
-32.0
-31.25
-29.625
-26.0
-26.25
-27.5
-23.0
-29.125
-28.375
-8.625
-1.375
3.25
-2.25
-15.25
-7.0
1.875
5.125
9.5
4.125
-4.375
-4.125
-0.75
1.875
-2.375
-17.625
-27.25
-21.0
-16.375
-16.5
-8.75
-0.375
0.75
11.25
28.375
16.625
-4.25
-15.625
-37.0
-45.375
-30.5
-20.25
-19.125
-23.5
-29.875
-35.375
-33.0
-28.875
-29.5
-24.25
-8.125
2.5
-17.0
-36.75
-25.25
-5.25
15.25
29.0
24.75
12.625
-6.625
-25.0
-25.875
-8.875
-5.375
-22.625
-24.5
-23.625
-19.875
-3.75
-12.0
-24.75
-18.875
-18.0
-11.25
-1.5
0.5
-8.375
-24.5
-24.125
-4.25
3.625
-12.625
-19.375
-21.25
-20.375
-14.125
-16.875
-0.625
20.5
-4.375
-36.0
-22.5
-15.625
-33.875
-32.625
-14.125
-15.875
-43.375
-49.75
-36.25
-44.75
-36.0
-1.125
5.625
2.625
9.5
-0.5
-23.875
-22.875
-9.75
-15.5
-8.375
2.625
1.75
12.375
21.75
4.75
-30.25
-49.875
-50.375
-48.875
-49.625
-47.125
-35.875
-23.875
-23.0
-28.0
-19.5
-21.75
-37.875
-33.25
-23.125
-21.375
-25.0
-27.75
-26.75
-24.625
-14.75
-11.875
-15.625
-11.25
-11.5
-10.75
-8.0
-10.75
-11.5
-13.375
-14.25
-10.0
-8.875
-4.75
6.125
14.375
-0.375
-25.875
-21.5
-5.625
-0.75
12.5
19.375
-3.0
-15.375
-1.125
5.25
-20.5
-43.75
-35.125
-29.0
-29.125
-25.625
-19.75
-10.375
-6.25
-15.25
-29.125
-28.625
-23.875
-31.625
-37.5
-27.25
-12.125
-5.125
-3.0
-2.875
-6.375
-5.0
-0.875
-7.375
-8.375
0.625
10.25
22.375
22.0
24.25
36.0
30.625
30.625
34.5
6.625
-13.125
-12.625
-21.625
-36.5
-27.625
2.0
27.375
34.25
4.375
-23.125
-25.375
-12.875
8.75
17.0
25.125
35.125
25.125
1.25
-14.625
-5.375
8.875
9.0
8.375
17.625
24.25
20.375
28.25
40.5
46.375
25.875
-6.25
0.375
8.0
-3.625
-7.75
7.375
16.125
20.25
36.75
20.25
-8.5
-0.375
16.625
31.625
57.125
53.125
21.125
3.75
-9.5
-21.25
-13.375
-6.75
-12.625
-10.75
5.375
19.25
8.875
9.0
23.5
19.0
11.125
-5.5
-21.375
-13.75
-5.875
-2.125
-4.25
-2.0
15.5
29.625
42.5
39.0
23.875
19.25
10.25
-4.75
5.125
18.875
4.25
2.25
21.75
22.875
9.5
5.0
1.875
1.875
8.625
21.375
32.625
26.125
18.625
6.375
-12.0
-16.5
-21.0
-27.25
-18.625
-2.0
4.875
20.375
34.0
22.75
27.375
34.5
16.875
5.0
4.125
2.125
8.5
29.5
37.0
38.25
25.625
-1.25
3.5
6.0
-7.25
-3.0
5.75
8.875
17.5
36.625
53.125
54.25
43.5
39.25
24.375
5.75
4.25
2.625
3.5
12.75
25.875
27.0
20.875
21.75
23.875
20.125
18.375
20.75
12.75
-4.625
-7.5
12.5
23.75
19.75
28.875
38.0
30.75
35.125
36.75
21.625
18.125
12.625
-0.125
-1.875
-0.25
-0.125
13.875
21.0
14.625
20.125
12.75
0.25
3.25
-6.25
-11.0
11.5
20.875
18.125
17.0
5.0
12.625
26.375
14.875
14.125
17.25
7.875
6.625
-2.375
-13.125
6.625
39.375
54.375
30.125
-4.125
-18.625
-34.625
-34.0
-14.75
3.125
12.375
4.625
-1.625
0.625
0.125
10.625
23.5
22.375
20.75
9.5
-5.875
0.5
1.875
-11.125
-2.5
9.375
3.25
0.125
4.5
6.125
6.25
3.375
10.125
14.375
9.375
15.875
20.0
14.875
1.625
3.125
15.875
18.0
5.125
7.25
40.25
25.875
-5.0
9.5
11.625
-1.25
-8.25
0.5
23.875
22.125
17.5
39.625
38.5
17.875
28.125
46.0
11.125
-33.625
-10.25
7.25
4.375
28.0
34.625
13.75
8.125
14.375
22.375
33.25
38.75
41.0
37.25
24.5
10.25
14.375
16.375
17.25
23.625
19.0
18.75
24.125
30.875
36.375
31.375
31.375
37.375
34.75
28.75
37.25
57.875
55.25
37.25
25.75
22.0
34.125
43.75
37.75
51.875
56.875
41.625
40.25
32.375
21.625
19.375
34.0
38.0
25.875
48.0
40.125
12.25
16.75
4.75
3.5
31.5
30.125
11.375
36.625
56.75
35.875
29.25
15.75
-21.375
-18.875
17.125
42.375
41.625
16.875
-20.875
-31.75
-5.375
8.125
11.0
12.875
13.625
23.25
19.0
13.375
17.25
26.375
44.25
62.875
74.5
73.125
75.375
81.0
77.5
67.625
57.5
65.125
86.75
85.0
50.25
4.75
1.75
24.625
18.125
7.75
18.5
22.125
8.75
8.5
20.375
23.0
18.75
23.75
42.875
76.5
87.625
24.25
-27.0
-7.875
12.0
28.125
20.375
-2.625
20.25
43.25
26.25
0.25
-16.875
-10.25
13.75
26.625
18.125
4.125
-0.625
1.125
7.0
10.5
20.125
19.125
4.0
6.625
19.375
20.0
17.75
21.875
28.625
38.125
34.0
19.375
18.0
26.375
31.625
27.75
18.125
30.375
46.375
43.375
34.125
27.375
25.375
27.5
38.375
30.875
28.625
36.0
29.0
20.875
6.375
17.875
47.0
38.25
19.125
36.75
41.75
14.875
9.875
31.25
52.875
62.75
71.0
57.125
22.875
-3.0
-13.875
-3.375
20.25
29.5
15.5
10.0
28.125
36.125
27.25
30.375
44.375
41.125
46.25
42.25
11.125
0.125
-0.75
-3.0
2.25
9.75
10.875
22.0
28.125
32.75
43.125
34.875
22.625
33.0
40.25
29.5
26.875
28.125
31.625
43.25
43.25
41.25
50.0
41.75
28.125
29.875
19.875
6.0
15.875
17.75
21.375
26.375
15.375
20.5
32.5
33.875
28.625
39.75
47.625
47.25
47.125
39.375
33.125
30.125
42.875
53.625
38.0
20.375
28.75
42.125
42.0
32.125
19.875
22.0
47.75
57.625
29.75
17.25
9.375
-23.875
-15.5
10.0
3.25
0.125
0.25
-3.875
1.5
4.875
-15.0
-8.625
9.5
4.875
-3.875
-6.5
11.375
20.625
14.625
11.875
15.625
22.5
18.375
10.25
11.0
19.625
26.25
22.625
16.625
10.0
10.0
7.875
-4.5
-6.75
7.0
22.75
15.5
3.375
3.0
4.5
14.875
24.625
23.125
18.625
17.875
24.625
16.25
0.875
9.625
15.5
13.75
17.0
10.0
8.125
23.375
20.375
3.125
-3.375
-17.0
-16.25
9.0
8.5
-14.25
-21.75
-16.25
-11.75
1.0
-4.0
-13.375
-9.0
-8.125
15.25
26.25
9.875
-4.0
-10.875
-2.75
6.625
6.875
10.5
16.875
18.75
22.25
15.875
-1.375
-12.5
-6.25
2.5
-5.5
-10.5
-12.75
-15.375
-19.875
-6.125
16.125
14.0
6.75
1.125
-1.125
4.75
5.875
-1.75
-4.5
4.0
7.0
5.875
13.25
22.875
37.375
50.0
37.625
6.0
-0.75
10.75
8.375
-3.0
3.625
28.125
30.0
-5.125
-28.875
-14.375
-7.0
-5.625
-2.375
-2.75
-2.25
1.625
7.625
12.125
13.75
6.375
-3.625
-8.125
2.625
13.125
5.25
-4.875
-5.0
4.75
9.25
-5.625
-15.375
-6.625
-3.875
-6.375
5.625
9.0
-0.125
-6.875
-10.875
-5.375
10.75
15.25
11.125
21.25
22.25
6.625
-2.75
-11.5
-13.25
6.375
7.625
-2.875
16.5
27.75
12.75
2.5
3.0
0.5
6.75
30.375
23.625
4.5
6.5
-1.625
-11.25
-5.625
0.75
10.0
15.375
-0.375
-8.125
-15.25
-27.0
-14.875
2.0
14.125
11.75
-18.875
-29.75
-18.5
-14.25
-9.5
-0.75
10.125
10.625
8.25
4.875
-10.5
-13.75
-17.5
-29.25
-26.375
-19.75
-9.5
-0.625
-1.75
1.625
2.75
8.125
19.75
13.0
-1.875
-6.0
-3.0
-4.125
-6.125
-1.625
-0.25
-0.125
2.75
7.625
4.75
-7.25
-6.375
2.625
9.625
9.375
0.5
-4.5
9.5
24.5
20.125
22.625
27.75
28.625
50.75
65.75
60.5
56.5
56.375
55.875
35.75
17.25
30.625
38.125
28.5
23.5
20.25
17.625
25.125
28.25
25.625
40.125
37.0
10.0
-2.875
-13.625
-18.0
-15.5
-3.375
16.0
9.125
10.875
32.75
26.0
5.75
5.125
3.125
7.375
19.125
9.75
10.875
27.125
18.5
1.25
-6.5
-12.75
-12.75
-11.0
-12.25
-17.0
-19.625
-16.875
-25.125
-13.25
16.5
18.5
26.25
32.25
26.0
26.875
22.25
20.25
12.625
8.625
22.875
25.125
13.75
-0.375
-18.375
-17.125
-11.125
-27.625
-30.75
-5.0
21.0
24.875
11.125
-4.0
2.375
19.375
15.5
11.375
17.125
14.75
11.875
19.25
31.125
28.125
20.25
7.75
-11.25
-20.5
-34.5
-42.75
-21.375
-5.5
0.375
-1.625
1.625
28.125
38.125
37.75
34.625
10.0
-9.875
1.5
4.5
-11.5
-20.375
-21.75
-18.5
-13.125
-11.0
-15.25
-12.375
-3.5
-2.375
2.75
20.375
25.5
16.5
13.75
20.25
29.75
42.125
42.5
24.375
17.5
18.5
18.75
30.875
39.0
33.625
11.0
-8.375
1.0
5.25
0.5
-3.5
12.75
36.5
29.5
27.75
30.5
26.0
26.0
25.125
20.5
15.625
13.0
21.375
25.875
9.5
-3.0
-1.375
-2.5
-12.875
-0.375
7.875
-16.875
-27.625
-17.75
-25.875
-24.625
7.125
24.875
20.625
10.125
6.625
7.0
10.25
11.875
11.125
26.25
25.875
2.5
-1.375
7.125
15.5
20.625
20.25
18.375
2.25
-8.375
7.625
13.125
10.25
23.75
30.125
15.5
2.25
5.125
16.5
27.875
22.875
16.625
24.25
29.5
30.0
31.75
28.625
19.0
10.25
17.375
25.25
16.0
17.375
12.0
1.0
15.375
32.75
34.5
31.875
33.5
17.5
-7.25
-10.25
-7.75
-9.0
1.125
14.625
23.125
25.5
16.75
18.625
36.75
46.0
31.375
23.25
12.25
-9.125
-1.625
5.0
-5.0
-7.5
2.625
3.875
-2.5
-7.75
-14.0
-5.625
1.625
-8.375
-9.25
0.375
5.125
0.75
-8.5
-2.75
4.75
-2.5
-4.625
3.875
6.75
6.5
5.5
-4.125
-9.5
-7.25
-1.875
11.75
18.0
14.0
10.875
1.625
-0.25
10.0
3.5
15.75
38.0
17.0
-9.875
-9.625
-4.875
9.125
21.875
13.875
14.125
22.0
30.0
29.0
19.125
17.0
25.25
26.5
14.25
6.875
2.0
5.875
21.375
28.25
18.875
5.25
-3.0
-8.125
-9.75
-1.125
6.75
-4.0
-8.5
6.5
11.25
6.5
6.0
-0.875
-11.375
-11.75
-1.375
5.875
5.75
2.0
4.125
14.75
12.5
3.25
12.125
26.25
31.375
30.5
12.875
4.75
17.375
18.625
10.75
-2.875
-20.625
-19.0
-6.625
-7.5
-12.625
-14.75
-4.875
16.375
14.0
11.75
23.5
29.375
16.25
-2.25
11.625
22.0
-5.875
-28.25
-7.5
-2.25
-3.5
10.25
0.25
-1.0
9.75
12.125
9.0
-0.875
-6.875
-4.5
-9.25
-16.5
-7.875
-6.125
-5.875
-4.875
-8.375
3.75
10.625
8.5
-10.875
-37.75
-31.625
-11.875
5.75
20.75
9.25
-3.75
1.75
5.75
10.125
-0.125
-13.125
-9.125
-7.875
-4.5
10.125
8.5
-5.125
0.125
-1.375
-15.125
-9.375
7.25
2.25
-11.375
-5.5
-14.75
-31.5
-6.5
18.25
-0.75
-15.875
1.0
4.0
-4.75
5.0
24.5
24.5
4.875
7.875
36.625
64.625
61.375
31.625
30.75
51.25
43.25
22.125
29.5
43.75
36.125
24.0
8.25
-12.75
-21.75
-14.75
-14.125
-14.5
1.25
11.625
16.625
7.25
-11.0
-2.0
7.0
1.5
2.0
7.375
10.75
7.25
-3.125
-0.75
10.25
-4.125
-8.375
13.0
10.125
-3.25
-5.25
-11.625
-18.5
-19.625
-11.75
-1.25
20.125
35.625
24.5
7.125
2.25
-11.0
-27.125
-14.5
1.5
-8.125
-21.25
-8.75
5.875
6.0
13.5
18.75
15.25
14.0
11.25
15.25
17.5
12.125
1.5
-14.0
-13.0
-0.875
4.25
9.875
21.75
31.75
23.375
6.625
-1.625
3.25
27.125
43.125
33.5
21.75
16.5
25.25
30.875
19.875
10.75
12.5
13.5
20.0
35.0
33.0
24.75
15.0
6.375
6.125
3.0
10.625
27.75
30.125
28.75
50.375
70.125
49.0
26.125
19.375
4.625
9.25
34.375
33.25
17.375
20.75
17.5
3.0
8.875
15.0
8.625
7.5
11.875
12.5
18.875
23.375
24.375
28.25
15.0
7.625
21.625
31.625
21.875
18.625
26.75
25.0
30.875
36.625
20.625
10.5
-10.75
-32.75
-13.75
2.0
-5.75
-14.75
1.75
16.5
2.25
1.625
19.0
26.125
13.125
6.75
7.25
3.375
7.125
5.375
-6.75
-13.875
-8.875
4.125
3.0
-1.25
2.875
1.5
8.875
18.5
10.375
9.25
11.625
7.125
13.5
15.25
3.875
-0.625
-4.625
-3.25
12.0
10.375
-1.25
-5.875
-7.875
-8.75
-7.75
3.0
18.875
27.75
23.75
-2.375
-15.75
-6.5
-8.625
-2.5
15.375
14.375
-2.375
-10.0
-13.75
-12.5
4.125
22.25
26.5
11.25
0.25
-3.75
-18.375
-23.5
-6.625
5.75
11.875
18.375
27.125
25.625
3.125
-7.25
-5.75
-0.875
1.25
-5.75
-12.75
-13.125
-2.25
-1.875
-11.625
-9.625
-4.875
-12.5
-22.25
-24.875
-26.125
-10.625
6.125
12.625
19.75
12.25
11.25
14.0
6.625
2.125
-3.875
-8.5
-13.375
-13.25
-11.0
-2.125
-1.0
-3.5
4.25
-6.375
-16.875
-22.25
-32.25
-26.125
-10.625
-5.75
-1.5
10.25
15.0
6.25
-5.625
-4.125
-2.375
-29.5
-37.0
-14.75
-22.0
-22.875
-10.5
-30.125
-27.0
-1.125
-7.0
-12.5
-0.125
-0.125
-16.875
-16.875
2.625
14.875
16.875
10.375
4.5
9.625
21.125
19.75
7.0
4.375
0.875
-6.625
-8.75
-1.25
7.5
3.0
-9.625
-22.375
-25.5
-26.125
-3.875
14.875
-7.875
-12.875
-0.375
0.5
-2.125
-15.875
-20.625
-13.125
-13.25
-13.0
-19.125
-15.5
-6.875
-17.625
-26.375
-24.0
-19.25
-31.0
-48.75
-40.625
-29.75
-33.25
-25.125
2.0
22.375
13.125
-2.0
-2.125
-5.625
-23.25
-25.0
-18.375
-20.0
-16.375
-11.0
-5.625
-1.25
0.625
4.375
10.375
11.125
8.25
6.25
3.5
1.875
3.5
-0.625
-19.375
-24.0
-13.625
-13.25
-9.0
-16.375
-30.375
-26.375
-10.5
6.25
16.375
13.375
0.25
7.5
0.625
-27.75
-27.375
-40.0
-54.375
-38.875
-25.0
-17.75
-28.75
-40.75
-28.625
-11.25
-1.375
-15.375
-32.625
-29.75
-22.125
-21.875
-29.25
-34.25
-38.125
-33.5
-22.125
-18.625
-21.625
-19.0
-16.375
-17.75
-20.125
-22.375
-20.0
-24.25
-27.5
-21.75
-18.75
-19.875
-17.0
-6.25
-2.0
-4.125
2.75
11.375
13.5
18.875
16.375
12.375
30.375
37.5
26.0
22.5
20.125
15.5
13.75
7.125
-4.125
-10.125
-23.125
-36.625
-32.25
-13.625
3.0
3.25
-13.375
-17.0
-17.0
-21.875
-18.0
-15.375
-4.0
3.25
-4.875
3.625
16.125
4.75
-9.125
-29.0
-51.75
-50.875
-34.625
-29.375
-25.25
-22.25
-21.0
-9.25
-1.125
-5.0
-9.5
-6.5
-1.125
-5.0
-6.625
-3.5
-11.375
-7.625
-1.125
-17.375
-21.75
-20.75
-26.25
-17.625
-7.125
-1.75
6.375
11.125
10.875
11.5
10.75
10.5
2.25
-4.875
1.0
0.125
3.625
13.25
7.125
0.875
10.75
16.25
16.625
14.875
2.5
-16.5
-24.375
-23.125
-33.625
-37.25
-23.25
-12.125
-9.5
-13.25
-13.0
7.25
20.125
-5.25
-27.875
-17.25
5.375
7.0
-7.25
-16.5
-37.5
-42.625
-23.25
-16.5
-11.875
3.25
4.25
0.375
10.375
9.625
-3.25
-3.0
-1.875
-1.375
4.875
2.875
-2.75
-7.0
-17.25
-32.375
-30.875
-19.125
-23.375
-41.875
-42.75
-21.375
-10.5
-10.5
-1.75
4.75
6.0
7.125
7.125
5.25
2.125
-5.25
-20.25
-26.25
-24.625
-32.375
-35.75
-33.5
-37.0
-28.75
-14.375
-9.5
-7.125
5.5
21.0
19.0
14.625
13.625
-6.125
-17.75
-8.75
-4.875
-5.5
-0.625
2.25
-14.375
-31.875
-28.5
-21.875
-9.75
-5.25
-21.5
-23.25
-5.25
-1.5
-9.5
-9.0
8.5
18.75
10.0
2.375
-5.5
-14.5
-18.625
-17.125
-21.5
-33.375
-32.625
-26.625
-31.375
-37.0
-34.25
-16.125
5.5
4.375
-5.0
-9.625
-19.0
-21.0
-13.25
-12.125
-15.625
-17.125
-20.75
-17.375
-11.25
-3.5
2.25
-4.375
-2.875
-0.375
-9.375
-16.0
-11.375
-3.875
-22.0
-36.625
-22.5
-11.5
-13.625
-12.875
-13.75
-10.0
-4.375
-17.5
-27.625
-22.0
-20.125
-17.75
-3.0
4.0
-2.5
-3.125
-9.625
-22.25
-22.875
-18.0
-19.5
-31.625
-28.125
-4.5
11.5
-5.375
-21.75
-16.75
-19.5
-13.0
-5.5
-11.0
-17.25
-14.5
-0.625
10.125
20.25
28.875
8.75
-17.875
-27.375
-45.125
-55.75
-53.5
-51.5
-40.375
-32.25
-42.75
-43.5
-22.125
-14.75
-14.25
-10.375
-4.0
2.125
-6.25
-7.125
-15.625
-36.625
-41.5
-35.5
-32.25
-34.25
-32.5
-18.5
-4.125
-17.625
-32.125
-21.125
-15.5
-25.625
-28.25
-25.5
-33.75
-39.125
-33.125
-33.0
-33.25
-23.5
-18.125
-11.375
1.875
3.125
4.875
-7.125
-32.375
-32.875
-36.625
-49.75
-48.125
-44.75
-47.875
-51.0
-41.25
-28.375
-14.75
-5.75
-14.0
-25.25
-30.75
-39.0
-46.0
-44.25
-35.875
-22.0
-21.25
-26.75
-26.375
-29.75
-22.625
-7.25
-15.75
-37.375
-40.5
-35.875
-35.625
-35.125
-30.625
-14.0
-12.625
-31.5
-32.375
-21.25
-13.625
-9.75
-14.0
-20.625
-22.375
-20.75
-15.375
-15.625
-26.5
-28.625
-26.5
-16.5
-4.375
-11.75
-11.875
2.625
-5.25
-18.5
-13.5
-11.25
-7.25
-2.25
-0.375
-2.75
-2.25
-4.875
-28.75
-15.0
11.5
-17.5
-25.625
-6.25
-13.25
-13.75
-9.875
-5.75
2.75
-4.25
-21.125
-26.875
-23.125
-21.0
-22.125
-19.625
2.75
12.375
7.125
-0.125
-21.125
-29.625
-26.875
-23.375
-14.25
2.25
9.375
-3.125
-18.375
-25.5
-27.5
-32.875
-34.125
-22.875
-8.375
0.375
-5.75
-17.875
-7.375
7.25
7.375
1.25
-6.125
6.5
24.375
22.5
28.375
45.125
52.375
55.5
50.875
41.375
36.375
24.375
13.75
16.0
11.875
-1.75
-1.25
8.0
0.0
-4.375
0.125
-4.75
-8.875
1.375
7.0
-5.25
-17.875
-13.125
-2.375
-2.75
-13.875
-19.875
-12.875
-9.25
-11.25
-8.25
6.75
14.75
3.375
1.75
11.375
20.625
9.5
-16.875
-23.75
-35.25
-51.5
-43.875
-23.5
-17.875
-23.5
-22.5
-22.5
-26.0
-26.0
-22.25
-13.875
-16.625
-25.5
-16.5
-9.0
-13.125
-9.625
-6.25
-5.25
-10.0
-20.0
-23.0
-13.5
-7.5
-12.125
-7.0
-10.25
-12.875
-6.375
-3.25
1.125
-4.375
1.5
13.75
-0.625
-22.25
-30.875
-24.875
-10.0
-11.375
-21.0
-28.0
-34.0
-23.625
-14.75
-11.5
-3.5
-4.375
-4.375
4.125
2.75
-1.625
2.625
4.875
2.5
4.25
-8.625
-18.375
-16.625
-11.0
-5.5
-14.125
-7.875
-6.125
-9.875
2.875
5.625
3.0
8.125
10.75
10.375
8.0
13.375
13.75
5.0
6.625
-2.375
-16.5
-23.5
-25.125
-16.375
1.625
31.25
27.75
11.25
17.375
13.125
20.625
33.0
15.75
-3.125
-5.75
-11.25
-21.375
-16.875
-13.0
-13.875
-3.75
4.75
16.875
21.625
12.5
13.625
11.125
-8.5
-16.25
-13.625
-14.875
-8.375
-8.25
-7.625
0.625
6.125
11.375
15.25
15.875
17.25
25.5
26.0
11.125
0.375
5.125
2.0
-18.75
-15.875
-6.875
-24.625
-27.625
-14.0
-1.875
15.0
16.5
-1.75
-3.25
-5.625
-17.0
-6.5
4.0
0.25
-12.625
-22.625
-17.0
-7.875
-10.375
-14.0
-24.375
-43.875
-39.25
-13.375
-12.25
-27.25
-22.75
-9.75
5.0
19.5
12.625
-0.625
8.875
14.625
6.25
-9.375
-21.5
-19.75
-14.5
-10.875
-9.25
-4.875
-0.375
2.0
1.625
3.75
5.625
-3.625
-5.75
-7.125
-7.25
-9.625
-7.5
-0.375
2.125
3.5
-7.875
-9.0
-3.625
-1.25
2.625
0.5
4.875
11.25
5.375
6.5
10.5
1.375
-8.25
-8.125
-6.625
-8.25
-9.375
-1.875
-8.125
-25.625
-16.0
-19.5
-27.0
-11.875
-7.875
-16.125
-8.125
6.125
6.25
1.25
1.25
5.25
3.375
1.25
0.0
-6.75
-8.75
-5.125
-5.375
-5.75
-5.0
-5.625
-10.625
-11.0
2.0
19.5
17.625
-2.25
-5.375
-11.25
-28.5
-26.125
-16.75
-12.875
-15.625
-22.125
-3.75
7.0
-10.5
-2.375
14.25
15.125
14.875
12.0
7.25
0.0
0.25
6.5
5.25
-3.375
-6.625
0.75
-1.75
-7.5
2.75
16.25
12.875
16.5
12.375
-23.875
-30.375
-6.0
-4.5
-3.875
3.25
4.5
2.375
-7.0
-8.125
3.5
5.125
5.375
2.875
-9.75
-13.375
-9.875
-4.125
-0.5
-2.625
-7.375
-8.5
1.5
3.25
-10.25
-2.0
2.875
-13.625
-14.125
-1.125
0.5
9.125
33.25
26.25
-1.75
-3.625
3.625
3.375
2.125
-2.0
-10.125
-26.5
-32.875
-29.0
-26.125
-17.25
-12.5
-11.875
-12.5
-20.375
-22.375
-11.125
-7.125
-11.5
4.875
23.0
16.625
4.625
8.375
6.375
-8.375
-7.0
-1.5
-10.25
-18.25
-14.75
-15.625
-17.5
-20.125
-25.625
-15.625
-10.125
-18.875
-23.25
-16.875
-15.375
-14.375
7.5
16.625
11.375
18.0
24.25
28.25
12.875
-12.375
-11.0
-5.125
-7.0
0.125
-11.25
-28.5
-26.75
-24.625
-19.125
-9.25
-7.5
-22.125
-24.5
-3.75
-5.125
-9.125
4.125
17.0
26.75
35.5
45.75
46.375
44.5
35.625
17.75
11.375
13.375
14.125
15.125
4.875
-6.875
4.875
12.375
2.25
-7.625
-13.625
-1.875
5.0
-12.375
-38.75
-35.375
-5.875
-8.5
-10.875
5.125
-0.125
-7.125
5.5
11.5
-3.125
-16.0
-15.75
-7.875
-4.625
-8.5
-7.75
-9.125
-17.125
-22.125
-17.125
-10.5
-9.0
-12.625
1.75
16.625
9.0
2.375
-0.5
-3.625
-18.0
-17.125
-4.375
-8.125
-12.375
-7.625
-9.25
-16.875
-19.375
-24.0
-22.875
-23.75
-20.0
-6.5
-7.125
-9.75
-10.125
-14.5
-1.875
3.75
-7.375
2.25
19.625
18.75
6.875
2.125
9.25
12.125
3.875
1.875
2.625
-7.25
-14.0
2.125
7.25
-11.25
-24.5
-20.125
-7.5
-0.125
15.25
19.75
14.5
8.75
6.375
15.375
20.375
9.125
-3.125
-4.5
2.875
1.75
-12.0
-16.0
-7.125
4.5
4.5
0.375
-4.375
-14.75
-12.625
-12.625
-43.625
-48.125
-23.0
-15.75
-10.125
-9.625
-13.125
-6.125
1.375
-4.75
-7.5
-3.375
-3.625
-3.25
-2.25
1.875
4.625
0.625
-2.5
-1.125
-8.5
-19.625
-21.875
-17.875
-10.0
17.125
32.625
11.625
6.0
2.625
-12.625
-16.5
-6.125
4.625
0.625
-7.125
-9.75
-9.125
-2.125
3.125
-4.375
-17.5
-29.75
-32.625
-29.5
-28.0
-25.125
-19.75
-20.375
-18.25
-11.25
-21.125
-27.375
-11.375
-3.0
2.5
7.25
2.25
1.625
-2.625
-5.375
-2.125
-8.375
-19.5
-24.125
-19.875
-20.625
-27.625
-23.75
-11.625
-7.25
-20.0
-32.0
-23.75
-13.625
-5.125
10.125
12.875
-1.375
-14.75
-19.25
-23.125
-34.0
-49.25
-47.0
-25.5
-29.375
-42.5
-35.5
-30.5
-20.5
-20.0
-23.625
-12.375
-16.875
-36.875
-44.625
-32.75
-27.125
-26.625
-22.375
-27.25
-29.125
-25.75
-27.625
-27.875
-28.375
-33.625
-31.875
-37.375
-55.625
-48.25
-30.75
-12.125
-0.25
-15.0
-19.125
-16.875
-19.0
-17.25
-25.875
-34.0
-23.125
-10.625
-11.375
-17.25
-21.125
-26.75
-27.875
-25.75
-27.25
-24.125
-19.125
-19.25
-26.5
-36.875
-33.25
-19.25
-19.0
-21.875
-11.625
-6.75
-7.0
-6.0
-13.875
-8.25
2.125
-21.25
-38.25
-34.625
-38.375
-35.125
-19.0
-10.5
-15.25
-15.875
-10.5
-13.625
-23.125
-18.375
-2.125
-4.625
-23.875
-25.125
-21.5
-31.125
-14.875
2.25
-12.25
-19.875
-3.125
9.5
4.625
7.875
8.75
-0.375
-3.5
-5.0
-1.0
4.25
2.5
-0.5
-5.375
-9.5
-7.125
-1.875
-7.125
-14.875
-15.625
-22.625
-27.75
-15.0
-5.75
-17.25
-19.5
-21.375
-34.375
-36.75
-30.25
-19.625
-13.25
-10.0
2.375
9.375
1.375
-2.125
-0.5
-4.625
-12.125
-19.0
-22.625
-22.375
-31.625
-46.0
-46.75
-38.25
-40.75
-41.25
-19.375
-11.875
-21.25
-22.875
-18.75
-14.875
-16.75
-14.875
-15.25
-25.5
-23.125
-9.625
-10.75
-18.0
-23.0
-27.75
-22.875
-18.125
-18.0
-11.625
-6.375
-9.25
-9.5
-13.75
-23.125
-17.375
-16.125
-15.0
-6.0
-8.625
-6.625
-9.5
-18.625
-11.375
-9.75
-15.625
-8.0
-9.75
-21.25
-21.5
-29.125
-44.5
-56.75
-61.375
-58.125
-61.375
-60.25
-36.125
-22.875
-31.0
-25.0
-12.5
-24.125
-38.125
-33.0
-22.625
-16.75
-26.0
-27.5
-24.0
-36.125
-45.0
-34.125
-26.875
-38.125
-42.0
-39.125
-39.125
-50.125
-49.375
-24.625
-29.25
-39.25
-8.0
9.25
-5.875
7.25
30.0
31.625
41.75
50.125
42.5
37.875
29.0
17.625
13.75
12.5
14.25
12.125
-0.375
-7.125
4.25
13.25
13.375
-0.25
-19.125
-16.25
-12.875
-17.875
-17.0
-12.5
-16.875
-25.25
-16.875
-10.625
-12.875
-9.0
-5.5
-0.75
7.0
10.0
7.875
-4.75
-14.625
-11.5
-2.625
8.875
4.75
-7.625
-11.25
-7.75
0.5
3.75
-1.0
-12.125
-18.5
-5.875
7.0
0.625
-8.875
-7.0
-6.0
-14.75
-23.875
-21.75
-20.0
-25.625
-26.75
-16.375
-5.125
5.625
7.75
-2.0
-20.875
-39.875
-46.0
-35.5
-23.5
-26.25
-21.5
-12.375
-15.875
-22.125
-25.125
-24.5
-14.625
-8.125
-7.375
-11.5
-19.0
-12.75
-11.0
-15.125
-8.625
-8.375
-23.875
-28.5
-18.625
-17.375
-18.625
-15.375
-14.875
-22.0
-19.25
-12.25
-15.375
-20.875
-18.125
-9.75
-10.375
-6.5
-7.25
-13.0
-7.25
-13.0
-24.75
-25.75
-18.25
-13.375
-12.625
-13.5
-17.375
-7.5
1.125
-17.75
-24.25
-24.25
-43.375
-42.5
-28.25
-25.625
-18.625
-14.5
-16.375
-5.75
-5.125
-5.25
3.75
1.375
-0.125
-2.125
-2.875
1.125
-0.25
2.125
