-0.375
8.0
13.625
23.125
29.5
21.0
18.0
25.375
25.75
16.125
6.875
8.125
14.75
12.875
7.0
8.875
12.0
13.0
14.625
16.125
10.75
-4.75
-8.0
6.625
18.25
17.75
11.875
16.5
18.875
10.0
8.375
13.125
13.25
11.875
13.875
15.125
12.25
10.375
14.125
12.5
7.375
3.375
-2.375
-1.875
-3.125
-3.5
4.75
14.375
19.375
17.75
22.875
25.5
14.75
9.5
10.0
10.375
17.375
24.625
24.875
22.125
18.125
12.375
6.5
2.75
2.0
6.875
6.375
-2.125
2.5
11.875
10.625
6.75
6.0
6.25
10.5
14.25
12.625
8.5
1.125
1.125
3.875
4.25
7.875
7.5
5.375
10.25
16.125
16.875
14.625
10.375
8.25
6.125
6.875
8.375
-0.375
-12.25
-13.0
-9.25
-9.25
-7.25
-4.25
-2.0
-1.0
-4.5
-4.125
5.375
14.25
14.25
6.375
3.375
6.625
10.0
10.25
5.75
8.5
14.5
14.375
16.125
19.0
14.0
7.0
5.5
5.375
6.625
3.5
-2.5
-2.5
-0.25
2.125
1.375
1.5
8.875
7.625
-0.25
0.25
5.125
9.75
14.375
16.375
14.875
11.875
9.5
13.375
17.375
18.125
18.625
18.25
16.375
11.75
8.875
7.5
4.375
3.125
4.0
4.5
11.0
18.625
17.125
15.625
14.875
7.25
9.25
15.125
6.25
0.625
8.875
18.125
15.375
9.5
10.375
13.25
16.375
14.0
12.875
15.0
11.25
9.625
9.625
7.5
11.5
14.0
10.5
10.875
13.625
12.375
14.5
20.75
18.25
13.125
14.875
17.0
7.625
-6.0
-3.625
8.875
16.875
14.375
8.0
6.875
12.125
15.75
15.125
16.875
19.375
16.875
8.375
5.75
9.25
10.375
16.5
25.125
24.75
19.125
15.375
12.625
10.25
9.75
9.375
9.75
6.875
-1.0
0.375
5.75
8.0
9.75
4.5
1.375
4.125
6.125
7.0
-2.25
-11.5
-5.5
3.0
8.625
12.25
11.25
7.875
3.75
3.75
11.375
13.0
2.75
0.75
4.625
1.0
-1.875
-0.875
-1.875
-10.5
-13.375
-3.625
9.875
20.875
21.875
22.0
23.125
22.5
19.75
15.75
12.625
7.5
0.125
-5.625
-9.125
-9.0
-3.375
-0.25
-2.125
0.625
9.875
17.375
19.625
20.875
24.125
17.375
2.0
-0.75
8.625
16.25
21.625
24.375
22.375
19.125
17.125
14.125
7.25
0.125
-3.375
-5.75
-1.625
8.0
12.375
12.125
13.375
13.875
12.0
13.25
9.25
1.5
2.5
4.375
5.875
7.75
9.0
3.125
-5.25
1.875
12.125
10.75
6.75
6.375
4.25
6.0
12.125
14.25
14.25
9.5
-2.5
-8.125
0.375
4.25
-3.875
0.75
14.375
19.875
16.125
11.625
16.25
19.625
14.125
6.625
3.75
0.0
-1.375
0.875
-2.125
-1.75
3.75
1.625
-4.125
-2.25
-0.125
-2.0
2.75
12.75
17.125
15.25
11.125
7.0
6.25
6.25
5.5
1.625
-1.875
1.25
4.875
6.5
8.375
9.625
9.375
10.5
12.75
6.0
-4.625
-5.5
1.625
10.0
13.125
13.75
14.375
10.625
3.75
2.125
3.5
-1.25
-4.375
-3.0
0.125
-0.75
-3.375
-0.875
1.5
0.625
3.0
8.75
15.125
19.125
20.375
22.75
25.125
25.875
19.25
14.875
18.125
17.375
13.375
6.5
-2.0
-0.625
6.375
5.375
5.875
11.75
12.875
9.125
9.625
11.375
9.5
10.5
8.125
1.125
0.125
4.25
5.0
8.625
14.5
16.375
15.875
13.0
4.25
-3.625
5.5
15.875
16.125
19.125
22.5
18.875
7.5
-1.75
2.75
9.125
5.0
5.125
12.0
12.0
7.75
8.5
10.5
4.75
2.375
10.875
13.375
5.125
-3.0
2.75
16.375
23.875
26.875
23.75
16.75
12.875
10.375
7.75
1.75
-6.25
-6.125
-3.25
2.125
4.75
3.0
8.625
13.25
12.625
12.125
14.75
16.125
3.25
-9.125
-3.625
3.125
6.75
7.75
9.375
16.0
14.875
9.75
12.5
15.625
10.375
2.0
-1.375
1.25
5.75
11.0
16.0
15.375
11.5
9.0
7.375
6.625
4.875
-0.875
-9.5
-9.25
2.25
8.375
9.375
10.75
8.75
7.0
14.125
18.375
10.0
7.625
12.75
9.375
3.5
2.5
0.875
-2.5
-2.75
0.125
7.625
15.625
18.25
18.0
14.125
11.875
10.75
8.25
6.875
7.75
6.375
0.625
0.875
10.25
18.125
14.25
8.0
5.375
5.625
6.75
3.125
3.375
12.75
18.625
16.125
17.5
24.625
24.75
16.125
14.25
12.875
-2.75
-8.5
1.25
4.75
3.75
5.0
9.5
12.875
12.5
10.125
6.875
4.625
3.5
6.125
12.625
16.125
14.625
13.5
13.875
15.875
13.625
6.75
4.75
9.375
13.375
8.125
-0.5
-2.0
0.5
3.75
3.5
-2.125
-3.125
0.125
2.0
6.0
9.0
10.25
9.625
6.25
7.625
9.5
8.125
11.875
14.5
6.125
1.375
3.5
7.125
13.375
10.5
6.0
3.125
3.25
13.625
18.625
15.25
15.125
14.125
8.125
8.875
14.75
17.25
16.375
16.5
15.125
9.0
5.75
5.875
8.25
9.5
2.75
-7.625
-15.25
-14.25
-11.5
-4.375
10.375
18.625
20.5
21.75
22.0
21.125
17.375
12.0
12.5
17.25
23.125
26.875
23.125
16.0
10.375
11.125
11.5
8.25
4.25
-5.5
-4.875
7.0
9.25
3.875
1.875
3.25
6.625
-0.875
-9.375
-1.0
7.5
7.875
7.875
7.875
8.0
11.75
14.625
12.5
12.625
11.375
7.125
7.625
4.625
-9.25
-17.25
-7.5
-0.5
-8.875
-14.5
-6.375
-3.25
-7.5
-4.375
2.5
10.5
10.875
-0.25
-0.625
9.625
12.125
10.5
10.0
8.0
3.875
-0.375
-4.75
-5.375
-0.75
1.5
-0.125
-5.5
-7.5
0.375
7.625
9.875
12.75
12.125
5.875
5.375
9.875
15.125
17.25
11.75
11.5
16.875
14.125
4.75
-2.625
-0.5
5.5
5.25
1.0
-2.5
1.25
2.25
-2.125
6.375
19.75
19.125
12.25
15.75
19.375
20.0
25.625
28.125
22.625
15.25
13.875
14.375
12.875
11.0
7.125
5.25
-0.625
-0.125
11.375
13.75
13.75
19.375
24.0
22.0
17.875
13.875
10.25
11.25
12.875
6.875
4.125
11.375
13.625
13.125
17.125
21.875
24.75
24.25
22.625
21.75
12.75
-1.125
0.0
7.0
11.625
16.0
17.5
19.625
20.875
19.875
15.25
12.75
13.125
7.0
4.625
6.625
10.0
13.25
8.5
10.5
14.5
12.75
11.25
6.75
4.125
5.5
6.875
6.875
8.5
8.0
1.0
-2.25
2.125
6.125
7.0
9.5
14.875
15.75
10.375
5.625
6.875
15.75
15.5
5.5
6.375
13.5
14.375
7.375
-1.375
0.125
6.375
7.75
7.75
6.0
2.0
-2.5
3.875
14.125
14.0
20.125
25.625
19.875
17.75
21.0
25.875
29.125
26.875
23.5
16.25
6.25
2.5
2.5
2.875
7.125
14.875
20.75
26.0
25.625
25.125
26.5
17.75
12.75
17.25
21.375
24.625
24.125
20.375
17.375
19.75
23.875
25.0
25.125
23.625
20.375
16.75
15.125
15.5
16.0
16.625
12.625
1.875
0.75
10.5
15.0
18.0
16.0
-3.0
-10.75
3.875
14.875
21.0
23.25
19.75
16.875
14.875
13.0
10.75
1.625
-6.75
1.75
19.125
22.25
16.5
16.0
14.0
8.375
7.375
11.75
14.375
13.875
6.375
-2.25
1.0
3.625
2.25
6.375
8.375
3.875
-1.125
-1.5
9.375
20.5
20.25
15.375
17.0
19.75
16.0
11.875
11.875
12.0
12.5
17.625
15.625
9.125
7.625
9.25
10.625
3.125
-6.0
-1.5
6.0
5.375
2.875
3.125
7.125
9.375
10.125
17.0
21.875
19.5
20.875
21.75
10.5
1.75
4.0
4.375
2.5
5.25
7.0
1.5
2.875
12.125
16.375
12.125
9.75
14.625
16.25
17.75
20.25
20.75
15.375
14.75
22.125
21.75
21.375
24.375
22.375
15.25
11.0
11.375
10.5
8.5
6.625
6.375
10.5
22.25
30.125
28.625
29.25
31.5
26.375
19.75
22.375
25.625
22.125
15.75
8.0
3.25
4.75
5.0
0.875
-4.25
-6.875
-6.75
-6.75
-4.875
-3.75
-4.5
-2.0
3.625
4.625
-1.75
-2.625
7.0
14.625
11.0
-1.5
-8.5
-6.25
-2.375
3.75
1.75
-8.5
-11.0
-5.25
0.875
6.375
6.375
0.625
-5.5
-7.125
-1.125
0.625
3.125
8.375
10.125
12.875
16.5
16.375
11.75
12.0
13.875
4.375
-2.5
2.5
9.875
18.625
18.125
8.25
1.125
7.0
20.0
28.0
29.0
23.125
18.375
15.75
17.125
19.875
17.625
16.625
18.5
16.0
15.125
17.125
4.0
-2.625
3.625
-4.75
-7.375
2.125
7.5
12.125
11.875
8.5
4.5
2.5
2.5
3.375
6.75
7.125
3.625
-1.0
-2.625
2.0
5.75
-0.375
-4.625
-0.25
-1.875
-2.375
5.125
6.5
6.75
11.375
16.0
19.875
14.25
0.625
-1.625
6.25
12.5
8.5
1.75
11.875
28.0
34.875
32.875
24.25
13.25
9.75
14.625
16.0
14.125
15.75
13.25
8.625
15.0
21.5
19.625
16.375
18.25
22.875
21.75
18.0
20.0
19.625
11.5
10.625
6.75
-0.125
6.0
16.625
22.875
19.625
13.875
13.625
12.0
10.875
11.125
8.0
1.125
-6.25
-4.0
4.625
9.625
8.875
5.0
6.875
9.375
9.0
6.0
-6.75
-14.375
-8.875
3.125
12.625
6.25
-3.5
-6.25
-10.0
-8.75
-2.875
0.375
4.0
4.625
6.375
11.875
13.625
14.375
12.75
2.5
-3.5
1.125
-0.25
-5.875
0.0
8.0
4.0
-0.125
2.25
-2.75
-9.5
1.25
16.125
17.75
19.5
22.625
14.25
8.125
17.75
27.125
29.625
30.125
29.0
28.875
26.5
22.5
23.625
23.875
18.625
19.875
26.25
22.125
10.125
8.625
16.0
16.875
9.125
4.25
10.625
15.0
6.0
-1.5
-0.75
7.0
16.25
20.25
24.0
25.75
22.375
18.5
18.25
18.25
16.125
12.25
13.25
13.875
4.25
-1.25
4.125
-1.375
-14.5
-6.125
11.875
15.5
10.375
15.0
26.5
32.125
31.125
27.125
26.0
23.75
22.125
20.125
15.75
17.125
21.5
20.5
13.125
9.875
6.0
1.625
18.25
32.375
30.625
36.5
45.75
44.5
40.5
35.375
27.875
26.375
27.375
26.25
22.125
17.75
18.75
15.875
9.75
1.875
-5.625
9.5
34.875
48.25
53.75
53.0
48.375
44.125
36.875
27.5
22.5
22.625
22.375
24.625
24.25
15.25
10.875
10.25
8.25
11.0
17.0
16.0
14.375
24.875
36.125
37.125
28.375
27.125
34.125
33.375
30.75
29.75
25.125
16.5
12.875
17.75
22.125
22.375
25.0
29.375
29.0
25.625
19.375
16.0
14.875
12.125
18.875
32.875
40.375
37.125
30.5
32.125
39.375
44.375
44.0
34.375
24.0
26.75
36.125
44.5
45.5
31.0
21.5
32.375
44.625
43.125
42.25
48.75
50.625
47.5
45.875
44.25
41.0
40.125
40.375
41.125
46.625
52.25
52.625
51.875
59.125
73.5
71.125
54.75
54.5
68.625
74.375
66.75
54.25
46.625
45.5
44.75
49.125
53.75
54.875
52.375
33.125
21.25
23.375
22.0
30.5
45.875
55.25
58.125
60.125
62.625
57.875
53.0
58.5
60.375
54.125
44.75
47.25
60.375
57.875
50.5
46.375
41.625
39.875
40.0
44.25
47.25
51.25
58.0
54.375
48.25
49.75
60.25
73.375
73.25
70.125
67.625
55.875
52.125
58.75
62.25
64.125
62.875
61.0
63.875
73.0
82.125
72.375
59.25
66.0
74.0
77.625
74.125
63.375
63.0
69.75
72.625
69.875
64.5
54.375
47.125
56.0
65.25
62.75
62.875
63.25
53.125
42.75
40.875
40.75
38.875
40.75
46.5
52.875
54.875
55.0
53.25
47.625
50.0
57.375
57.875
46.625
35.0
33.375
43.0
56.75
56.375
45.125
40.25
41.625
43.0
45.375
44.875
40.75
36.25
30.0
26.625
31.875
49.75
67.375
66.75
60.75
66.25
70.875
58.125
48.125
45.125
38.75
37.875
39.125
13.875
-46.875
-27.5
52.25
69.625
66.625
76.0
86.5
91.5
95.5
99.625
100.25
100.125
95.375
82.125
71.25
71.125
66.875
56.875
66.125
92.625
114.0
118.25
111.375
107.5
105.75
98.25
94.5
100.875
104.25
98.875
92.75
92.125
93.625
92.875
99.75
102.75
93.875
99.875
108.875
103.75
92.125
80.5
86.75
102.0
105.5
107.25
113.125
111.5
107.125
108.625
104.375
94.75
83.875
79.875
88.125
93.875
93.5
92.5
91.125
86.5
74.625
69.75
78.25
87.25
92.0
96.875
95.125
88.0
90.875
97.375
97.25
90.5
88.5
95.5
96.625
93.125
92.625
89.125
87.75
90.625
87.25
83.0
83.75
84.625
82.375
84.0
77.875
72.625
91.25
103.25
99.25
101.0
100.5
90.0
91.625
102.625
103.25
102.125
105.0
103.375
95.625
89.625
89.0
91.75
96.375
95.25
83.5
84.625
104.25
111.125
97.375
95.0
110.625
106.5
90.0
92.75
102.125
103.625
101.25
96.125
91.0
90.75
97.875
99.875
90.875
83.75
78.75
79.25
82.875
79.375
76.5
74.375
64.125
53.25
55.625
65.5
74.375
76.25
75.875
78.25
77.25
84.375
94.875
100.375
108.625
119.75
123.625
114.25
115.875
123.5
120.0
121.75
125.625
128.875
135.875
137.375
149.75
163.5
159.625
164.125
171.125
163.25
163.875
183.5
203.625
207.875
196.75
198.625
217.5
236.5
247.75
238.25
212.875
201.5
217.25
236.0
248.0
266.25
278.25
286.125
298.0
286.75
262.0
261.75
277.125
293.0
310.875
314.875
313.375
311.75
304.75
308.75
320.375
319.625
303.875
294.75
295.25
291.75
296.25
310.875
322.25
328.5
326.875
325.625
326.5
323.125
313.125
298.875
294.875
297.75
296.25
292.125
288.25
278.25
272.5
277.625
277.0
273.875
267.75
258.125
252.5
253.625
248.0
232.875
232.375
236.5
233.25
229.5
220.5
219.25
227.125
218.125
201.625
199.875
207.875
212.875
204.375
192.625
190.75
191.75
189.375
186.25
179.5
170.25
168.875
176.0
179.0
171.875
170.625
176.25
173.875
164.75
150.875
146.875
157.125
163.5
154.75
146.75
152.0
146.75
135.25
139.375
152.75
160.75
158.875
144.5
135.75
146.25
149.125
144.75
152.5
159.5
152.125
145.25
147.625
144.5
139.125
139.375
139.875
141.25
130.375
119.625
136.0
149.75
141.875
137.5
135.375
126.125
125.375
128.625
126.25
123.875
130.25
138.875
132.75
121.875
119.375
115.25
106.75
96.25
89.875
83.875
75.875
85.5
107.25
117.375
113.75
111.125
116.125
120.5
124.125
127.25
123.5
119.875
118.75
114.875
109.25
110.75
110.75
99.5
92.25
97.375
100.0
105.625
111.125
106.5
94.75
80.375
88.0
106.875
108.0
102.875
110.125
116.0
109.75
101.5
97.0
91.25
84.375
84.125
84.125
87.125
94.5
95.375
95.5
99.875
103.75
105.875
113.875
126.875
132.625
128.75
121.625
113.625
104.125
104.0
108.75
105.625
103.5
103.625
102.25
104.625
107.375
108.125
111.5
113.75
110.25
109.875
106.875
104.0
107.5
110.25
116.375
119.5
115.375
113.125
109.75
103.25
102.5
103.5
102.625
101.875
88.875
76.0
81.875
88.25
89.625
95.375
99.875
100.375
97.125
99.875
109.75
111.375
113.375
122.125
124.25
118.75
114.125
112.375
111.25
113.25
111.375
104.375
102.5
102.125
101.0
102.5
106.625
111.375
108.75
105.875
108.125
104.375
106.625
112.75
111.5
110.375
115.75
124.0
121.25
111.125
110.125
114.125
118.25
118.375
116.5
119.0
119.375
119.125
124.125
128.125
125.625
123.375
124.125
122.75
110.5
92.125
91.5
109.0
126.25
132.625
130.25
123.25
118.0
120.5
126.375
131.625
124.75
108.625
112.375
121.0
116.0
114.5
107.625
97.0
109.25
122.125
113.0
104.375
103.0
103.625
96.0
94.125
106.5
112.0
107.25
95.125
89.0
96.375
106.0
113.625
126.5
136.75
135.75
133.625
126.75
126.625
132.125
128.75
127.125
131.625
136.625
134.0
132.25
134.0
133.25
137.375
134.875
121.0
113.375
113.25
112.625
114.125
119.25
123.0
122.75
125.0
127.125
120.375
111.125
103.0
104.0
118.25
131.375
135.875
134.125
130.375
123.25
120.5
122.5
116.875
109.25
109.5
109.0
103.125
106.0
111.75
120.0
129.625
128.5
125.625
119.0
109.75
117.875
124.875
118.375
119.25
122.25
118.0
113.75
118.75
130.125
137.375
138.625
135.375
129.5
128.625
130.625
133.5
138.75
135.25
127.5
127.125
122.625
125.25
134.5
125.5
116.625
122.375
126.375
121.125
116.125
112.625
114.0
120.75
126.75
135.375
137.75
134.5
123.375
113.625
122.5
125.625
116.75
118.625
122.625
121.125
120.0
121.25
127.125
125.875
117.5
119.875
128.25
127.75
126.0
122.75
121.0
127.0
128.625
119.625
113.375
125.625
131.625
122.5
126.625
133.0
123.75
104.5
103.125
118.25
119.75
118.25
118.625
117.0
121.625
124.25
126.375
127.875
121.625
119.875
121.0
121.875
123.625
121.0
124.375
132.25
133.375
131.375
136.5
140.125
133.625
128.25
132.0
131.625
120.875
117.25
126.375
124.375
125.125
129.25
115.875
121.25
139.625
140.125
134.25
131.375
121.625
111.25
111.125
117.25
121.375
114.0
106.125
109.125
115.875
121.375
119.75
122.625
130.75
130.0
127.625
125.0
125.0
126.875
124.25
122.375
120.0
120.125
115.0
106.5
104.5
109.625
119.625
120.5
114.125
119.5
123.25
112.25
108.875
116.5
112.875
102.875
104.0
114.875
120.125
111.75
114.375
114.5
100.25
106.5
118.625
117.125
115.0
117.375
119.5
112.875
108.875
113.125
105.5
98.0
113.375
125.625
109.5
105.0
107.25
85.625
81.25
96.25
111.5
120.75
116.0
101.5
97.375
107.25
111.375
114.125
115.25
107.375
103.75
106.375
99.375
85.0
96.375
117.375
110.5
104.375
98.75
84.875
96.125
124.875
135.625
129.0
115.75
96.25
87.125
102.875
119.875
123.0
119.5
113.625
120.75
116.875
106.0
120.375
128.5
124.875
125.625
126.0
121.5
108.25
94.625
96.5
93.875
102.625
132.5
133.5
116.625
107.625
109.0
127.5
137.125
127.625
100.375
90.875
134.125
145.0
106.625
88.75
97.75
118.625
133.5
110.125
85.5
109.0
114.25
111.5
130.125
130.875
126.25
127.875
120.625
98.625
110.625
134.625
110.875
91.375
109.0
125.375
112.25
84.25
102.375
136.25
109.125
75.75
93.875
91.625
84.875
104.375
89.25
103.375
135.375
131.875
110.75
123.375
147.625
135.375
114.875
116.25
137.375
145.75
123.25
100.25
116.75
135.625
126.625
120.125
138.5
106.0
62.75
121.75
159.875
133.75
131.625
125.75
111.0
127.625
149.75
139.75
117.75
109.25
123.25
129.75
120.125
115.25
101.75
79.125
92.5
120.875
113.875
94.375
114.625
127.5
118.875
127.0
102.75
105.375
127.625
125.75
125.25
114.5
116.0
109.125
122.125
139.25
111.25
106.5
136.125
152.125
145.875
128.125
114.125
126.125
123.0
125.0
125.0
111.75
123.875
99.0
106.875
145.5
123.625
100.5
109.125
140.5
143.0
135.125
146.75
146.25
110.375
77.625
103.375
140.875
127.0
119.0
118.375
91.25
109.0
86.375
80.5
140.375
147.5
138.75
120.375
79.0
106.125
131.0
105.875
108.875
109.875
130.25
156.75
132.5
110.0
125.125
114.125
112.75
108.375
104.625
116.875
87.875
107.5
129.125
93.375
94.0
96.0
114.75
149.0
140.25
126.75
119.25
129.125
111.5
78.375
99.125
141.875
150.0
116.75
116.875
122.75
117.0
117.625
107.375
96.125
72.0
80.25
148.125
183.5
126.625
109.75
139.5
132.375
145.125
140.25
93.25
76.75
134.875
181.5
108.0
64.75
130.25
158.125
146.0
135.375
108.875
114.625
131.5
143.875
108.0
54.625
127.375
151.75
126.75
141.5
123.125
120.0
142.75
160.0
139.25
116.875
105.25
122.125
149.375
93.0
84.25
150.625
153.625
118.875
114.25
91.75
68.625
135.25
141.5
131.0
164.5
111.875
110.0
177.5
134.375
68.125
120.25
158.75
116.75
115.625
115.0
80.25
85.125
102.875
98.125
92.875
131.0
122.0
76.5
89.5
113.125
138.75
140.375
123.75
129.25
131.375
119.0
105.625
108.125
117.25
97.75
120.0
151.625
136.875
137.125
117.0
97.25
146.25
146.375
110.75
103.125
104.125
134.375
140.25
114.25
100.0
122.625
138.0
116.875
111.875
85.625
43.0
114.0
149.5
115.0
113.375
116.625
106.625
84.125
90.625
98.625
80.375
106.25
143.875
87.125
71.375
130.0
119.125
105.0
119.25
118.0
103.625
88.5
91.0
105.625
141.625
114.625
94.625
140.125
126.5
120.0
125.625
83.25
62.0
116.75
184.75
135.125
107.75
134.25
129.75
124.75
128.75
134.125
104.25
103.875
119.125
118.125
110.25
125.375
130.625
130.75
109.5
91.625
118.625
100.0
122.625
136.375
76.75
74.625
123.75
161.75
127.0
96.0
118.375
111.625
89.875
115.125
127.875
58.875
50.875
111.375
106.125
102.375
97.875
70.125
107.375
151.125
108.0
101.5
91.25
20.0
61.875
148.25
138.625
80.125
66.125
122.5
159.625
126.25
117.5
118.875
63.25
60.625
138.375
157.5
87.625
79.25
114.125
113.625
116.5
63.0
68.0
131.875
133.75
110.5
82.5
105.75
157.125
135.5
87.375
117.625
128.25
77.75
77.125
111.25
113.625
84.375
77.0
137.75
149.0
59.375
85.5
145.625
109.125
103.875
112.125
63.75
68.125
119.25
99.375
124.625
153.375
132.125
87.875
81.625
121.0
97.25
108.125
138.25
86.0
95.375
148.0
116.625
105.75
103.25
69.75
83.875
121.0
107.625
87.5
100.875
126.25
117.125
109.25
105.125
87.0
114.5
118.375
117.375
149.375
105.25
59.75
92.125
112.75
110.25
118.25
128.25
73.5
59.625
124.75
97.25
85.875
119.5
118.125
110.75
104.0
97.875
84.5
100.625
108.125
95.0
98.375
93.0
49.875
71.875
136.5
117.25
86.125
96.5
86.75
99.125
134.875
104.625
68.25
85.375
113.75
78.25
72.125
82.125
79.0
104.5
91.0
78.875
71.625
92.25
113.625
91.5
93.625
94.5
93.75
109.75
104.0
77.75
70.375
99.75
132.0
121.375
80.25
78.5
122.375
121.75
102.25
113.375
101.875
93.125
94.625
99.625
90.875
96.5
117.875
94.75
132.375
131.25
88.75
92.625
91.75
121.25
95.625
48.25
98.625
136.125
98.375
69.75
85.25
88.125
96.0
97.25
83.25
97.875
79.875
47.5
65.5
100.25
116.0
108.5
74.375
86.75
113.125
76.25
54.125
98.5
141.875
114.125
76.75
104.75
147.875
128.625
82.125
96.125
109.875
104.5
116.125
102.375
90.125
108.875
123.0
91.0
76.0
103.5
89.0
77.0
109.0
98.625
83.5
116.875
117.5
92.25
84.75
132.375
131.125
73.625
106.875
118.75
87.625
79.375
80.0
69.0
109.625
129.125
22.125
31.75
126.5
95.75
62.875
92.625
74.25
35.125
62.125
104.5
115.875
79.375
57.5
116.125
99.125
47.125
82.375
70.0
77.75
90.5
69.625
67.25
60.5
72.375
85.0
77.375
40.5
57.875
89.125
73.625
78.125
88.25
86.125
77.0
78.375
83.25
63.625
58.375
67.25
67.25
47.5
90.375
135.375
108.75
76.25
77.0
103.25
81.875
70.375
83.625
60.125
68.5
113.125
80.5
51.75
108.625
108.75
83.5
87.5
90.0
102.625
60.5
56.125
117.875
130.0
116.75
98.625
99.375
87.5
64.75
83.125
108.25
104.125
98.25
104.75
52.375
87.0
164.625
95.5
53.625
109.625
125.375
96.75
81.25
90.625
82.375
105.625
103.375
61.75
107.125
128.375
50.25
37.75
136.25
127.875
36.0
62.875
155.5
123.0
57.375
84.75
90.0
86.5
110.125
104.25
94.625
98.5
102.75
91.125
67.875
74.75
91.75
97.25
88.875
90.5
118.875
124.125
102.75
75.875
63.125
79.875
104.375
97.375
87.375
91.125
88.25
108.625
93.0
63.625
99.625
110.75
75.0
76.125
112.0
114.125
72.625
67.125
86.75
93.375
110.75
99.125
62.25
80.25
125.0
101.0
78.625
103.125
94.0
66.75
87.25
117.875
88.75
72.375
96.75
92.125
76.375
86.25
98.5
87.0
63.75
81.5
79.625
61.125
101.0
97.875
62.75
59.25
88.75
96.375
88.5
77.75
55.625
91.125
96.5
66.875
76.375
88.25
65.875
65.5
108.375
101.5
74.625
65.625
70.5
48.0
28.5
68.375
99.5
102.25
72.0
59.5
105.5
92.0
59.75
95.125
69.5
51.375
108.25
107.625
84.25
85.875
74.875
43.75
56.125
93.25
79.125
37.625
69.625
113.125
69.125
45.75
77.625
77.375
54.625
58.5
75.5
70.125
53.75
68.0
77.0
82.375
80.75
62.125
81.625
76.125
42.75
105.25
133.75
61.625
55.0
90.625
90.0
74.875
48.875
50.25
80.875
78.75
37.625
45.25
63.625
72.75
97.875
76.625
55.375
47.875
42.125
55.125
75.5
49.875
30.75
73.5
32.75
15.5
96.0
99.875
78.375
77.25
77.375
62.625
44.25
55.5
72.125
72.125
44.5
33.5
59.0
67.625
61.125
72.125
53.25
43.5
85.25
63.75
43.25
108.875
103.875
43.625
56.875
107.875
82.625
36.25
67.375
102.625
96.75
63.625
65.0
85.375
85.0
75.25
71.0
85.75
85.25
67.875
77.5
88.75
83.625
92.375
68.875
71.5
87.5
59.375
47.0
68.5
73.875
64.25
71.875
80.875
73.625
72.5
29.375
28.875
108.5
87.625
72.125
84.375
67.0
89.875
88.375
55.875
59.75
102.75
108.875
83.0
81.125
72.125
69.5
101.0
92.125
60.75
72.0
32.0
44.25
124.75
113.25
85.375
91.75
71.375
61.375
66.5
83.375
113.0
93.25
74.375
69.875
85.75
85.5
47.375
50.5
83.75
85.125
61.375
76.125
109.125
91.375
65.75
67.5
64.75
68.0
97.5
82.375
66.0
89.0
97.25
93.5
82.75
68.875
93.875
103.375
78.625
96.625
85.875
83.0
78.0
40.875
68.875
106.375
95.875
64.25
44.375
44.875
76.75
97.75
70.125
73.875
92.875
74.25
85.25
110.625
89.75
73.0
85.75
85.625
84.5
94.0
92.75
111.875
115.0
92.75
90.0
108.75
98.25
64.125
91.875
111.875
85.625
102.125
118.0
104.125
76.75
64.5
77.0
85.5
97.75
92.125
86.25
82.25
57.75
72.5
77.875
79.625
106.375
81.5
69.25
86.125
91.625
63.375
59.625
84.125
47.75
70.875
121.625
86.875
81.0
85.5
60.0
70.25
74.125
68.5
80.125
79.625
76.625
72.25
71.375
82.0
72.25
62.25
92.125
99.125
57.25
48.875
73.75
87.375
93.375
70.375
35.375
27.875
70.625
92.25
51.875
50.125
72.625
66.0
86.625
86.875
39.875
67.875
91.0
58.625
59.0
71.25
74.125
53.875
29.25
62.125
61.875
51.0
80.0
75.75
74.0
48.125
16.125
55.125
71.25
29.875
20.5
49.75
48.375
30.875
17.625
30.875
64.875
56.5
35.875
42.875
59.5
41.75
36.375
58.75
57.0
52.5
42.375
-5.125
-3.875
68.625
71.875
43.5
52.875
39.0
30.25
50.25
61.75
42.5
42.25
81.125
84.625
71.625
79.5
81.625
60.0
48.75
45.5
52.375
73.25
78.375
81.0
69.5
47.125
60.375
84.5
69.25
64.125
87.625
81.875
55.125
66.875
70.25
61.125
85.75
94.0
71.625
60.0
77.875
87.625
63.0
62.125
83.0
73.625
72.25
65.0
61.625
67.125
60.625
67.875
58.5
51.375
67.875
88.375
94.0
75.5
71.875
83.0
80.75
67.75
72.75
85.5
89.375
100.625
94.625
79.125
82.375
95.0
81.875
57.125
66.375
92.375
85.625
68.0
64.0
38.375
55.125
88.875
87.75
82.125
60.75
55.125
59.375
90.125
98.125
67.875
76.75
67.0
54.5
72.75
83.0
119.0
119.375
78.75
90.25
91.375
50.25
66.625
78.875
47.625
76.125
99.125
94.0
82.125
76.25
78.875
80.125
79.5
86.375
86.5
82.625
72.375
51.375
69.5
81.375
58.875
54.375
72.125
87.25
50.375
24.625
64.625
85.625
106.0
82.875
55.625
94.0
82.125
81.75
93.875
82.625
87.25
66.875
64.375
79.875
69.375
80.375
90.0
77.0
76.75
57.375
51.625
81.875
99.875
90.25
84.875
83.75
55.375
47.375
73.125
70.5
66.0
89.875
62.25
18.0
70.0
99.875
68.75
71.5
90.75
85.0
62.125
73.625
82.375
59.5
46.75
70.5
95.25
81.625
58.5
48.75
69.5
63.625
54.375
100.625
90.875
37.5
60.5
100.125
91.625
61.0
46.0
62.0
59.125
51.375
63.875
71.625
67.875
58.0
59.125
54.625
66.625
86.125
55.125
55.0
76.75
55.875
59.625
74.5
53.25
60.125
70.25
65.75
69.375
51.5
50.875
48.125
39.875
51.5
31.875
13.5
44.5
44.25
26.375
44.125
54.25
71.25
64.125
36.625
49.875
68.0
56.125
44.25
31.25
49.125
49.125
37.125
64.25
37.5
17.625
37.75
27.75
24.0
36.375
11.0
-0.25
49.125
46.875
22.75
49.375
71.0
61.625
43.25
49.75
41.875
34.875
58.5
80.75
66.375
50.625
60.75
59.5
51.0
70.25
74.75
56.125
55.625
61.0
52.625
45.375
94.0
114.25
73.5
63.625
83.0
78.875
47.75
59.0
73.875
57.0
62.125
71.625
65.875
62.125
64.875
63.875
56.125
69.5
67.0
25.875
39.75
75.625
62.25
60.625
71.5
59.375
66.125
58.875
50.625
68.375
50.125
51.875
78.0
64.25
59.125
77.125
83.125
77.75
72.25
69.125
46.875
47.625
61.75
59.875
56.875
63.125
67.75
47.0
61.375
88.375
67.875
58.0
87.25
94.0
75.25
65.0
65.125
59.25
66.375
86.75
98.0
87.25
63.875
63.75
79.5
79.25
75.375
74.25
71.25
81.0
87.75
74.125
58.75
52.0
44.875
56.75
89.375
66.375
43.375
86.875
86.25
53.0
46.875
52.0
64.5
62.375
62.5
47.125
46.25
82.0
86.75
71.75
52.25
45.125
62.5
86.25
70.0
56.125
68.625
61.375
76.75
91.875
79.375
73.125
72.375
59.875
49.75
48.0
56.375
68.375
64.375
56.5
65.75
65.125
66.625
68.375
59.0
77.375
87.625
89.375
78.375
61.75
97.25
117.5
92.625
84.625
87.375
86.75
71.375
51.25
75.375
87.375
46.125
54.625
74.625
61.875
64.375
69.75
70.0
57.25
47.375
65.0
64.125
42.125
57.625
77.5
79.125
86.125
69.0
41.5
40.125
63.125
66.75
49.375
60.5
57.875
46.25
50.125
39.375
38.25
56.625
52.5
31.75
42.625
60.625
51.25
61.125
49.0
19.625
30.625
42.0
68.0
65.375
45.375
63.5
45.125
15.5
43.75
61.375
47.75
50.125
48.125
16.625
15.125
60.375
65.0
59.125
63.0
65.5
53.25
23.5
26.125
52.625
62.75
56.0
52.25
32.375
40.5
77.5
74.375
39.75
25.375
16.0
17.375
42.875
37.75
26.125
18.125
17.625
32.0
30.875
39.875
43.0
31.375
38.25
15.625
-11.75
20.625
41.25
31.875
38.25
29.5
6.0
46.625
72.625
32.875
28.25
48.25
45.25
36.375
50.25
46.5
12.875
20.25
52.0
19.875
-2.875
33.125
40.5
12.25
-0.25
35.375
63.0
43.625
32.5
30.625
38.875
26.625
18.125
58.0
45.125
30.75
56.875
58.125
65.5
69.75
47.75
15.875
25.0
58.875
66.5
63.625
63.75
64.5
66.125
69.25
69.125
63.375
33.25
36.625
73.625
65.125
45.75
52.25
63.375
62.875
63.25
71.875
76.75
77.5
71.25
61.875
73.0
81.875
56.875
46.25
51.0
38.875
41.875
55.875
46.5
36.125
45.625
43.25
46.875
69.0
61.125
43.5
43.0
48.625
49.0
50.625
71.75
74.25
34.375
17.375
67.375
91.125
58.0
41.125
33.625
38.375
62.875
62.0
54.5
61.375
54.875
46.25
34.625
27.25
63.375
83.125
63.125
65.75
60.75
41.625
60.5
78.875
66.875
56.375
64.5
66.875
59.25
52.125
54.375
69.75
54.0
50.875
76.125
66.375
46.5
56.875
75.125
69.375
37.25
35.125
69.625
64.875
48.125
44.125
40.875
51.25
56.75
55.25
54.5
61.125
58.875
33.125
40.5
69.5
60.125
37.625
45.875
71.875
54.125
25.5
55.625
77.875
55.875
38.875
36.125
47.25
52.625
50.375
49.375
44.875
53.75
53.375
54.375
61.25
32.5
47.5
71.5
59.25
67.375
65.375
55.75
56.875
70.0
66.875
33.5
29.75
47.375
57.75
67.375
66.75
59.0
58.5
61.125
57.25
56.875
57.375
50.25
52.625
48.875
33.125
26.875
30.625
33.375
37.75
60.5
62.875
42.0
46.125
45.0
23.375
28.875
47.0
42.625
39.375
30.75
35.625
47.375
36.5
38.125
54.125
42.75
31.5
32.125
38.375
58.125
31.0
0.25
43.375
65.875
32.25
43.0
60.375
41.875
28.75
36.875
47.625
47.375
49.125
57.625
59.875
54.0
47.875
42.875
39.625
50.125
55.5
55.125
56.25
45.375
22.25
33.125
70.375
54.875
31.0
49.75
60.0
45.625
32.625
32.875
54.625
62.0
46.25
59.0
57.375
43.75
63.25
52.875
43.625
55.75
51.375
52.875
40.125
20.25
21.875
47.375
73.25
52.875
34.125
58.75
57.875
31.625
37.0
65.125
60.125
49.25
59.875
53.75
50.0
40.375
37.5
51.125
66.0
54.25
56.375
78.375
59.0
61.0
76.0
52.375
52.375
68.25
66.375
67.125
60.0
48.25
63.75
77.5
58.25
64.875
62.875
46.625
71.875
70.125
42.875
51.625
81.25
74.625
25.125
30.625
68.125
48.0
32.0
32.0
45.875
52.5
45.25
48.75
39.0
35.75
55.0
53.0
6.0
23.875
67.25
61.25
50.375
31.5
35.125
62.25
74.75
64.25
57.375
46.125
46.375
66.0
65.0
51.5
55.375
70.25
40.125
2.125
26.875
50.125
50.125
63.875
72.375
64.0
56.0
71.25
83.0
77.625
70.0
49.75
44.875
55.0
45.375
36.25
53.75
55.25
25.0
31.5
61.625
59.875
44.5
41.5
36.25
51.875
62.75
43.125
38.625
15.625
3.625
34.875
47.125
30.5
26.375
44.75
52.875
52.0
43.5
32.5
34.625
40.375
36.75
33.75
41.375
45.875
35.0
46.75
65.375
46.875
42.875
47.875
42.375
50.625
44.875
30.875
26.75
26.625
42.5
49.875
43.625
50.25
53.0
46.875
50.375
55.5
53.125
43.375
36.375
42.875
57.875
55.75
40.75
28.0
26.0
46.875
60.625
53.875
37.625
52.375
71.625
48.625
19.875
24.75
48.875
57.5
50.375
25.625
27.0
58.125
54.5
37.0
34.5
38.625
46.0
28.375
15.75
34.75
52.75
48.25
31.0
40.375
40.875
17.0
40.75
60.875
18.125
3.25
35.875
52.375
35.875
45.25
61.625
45.625
24.0
38.75
54.25
33.625
45.125
65.375
42.5
10.5
31.125
57.0
41.75
36.75
35.75
28.0
35.0
57.625
67.5
59.875
46.375
49.5
65.25
58.125
25.25
34.375
67.25
50.125
39.875
46.625
48.75
56.5
60.25
57.125
34.75
40.125
79.625
71.75
35.625
39.625
51.875
36.5
43.125
49.25
46.75
66.125
49.875
33.375
53.25
67.375
70.625
63.875
58.25
65.0
74.875
57.5
54.625
62.5
43.0
43.0
50.875
49.75
54.375
55.25
45.125
44.0
30.25
24.375
46.75
39.0
29.375
46.75
56.5
59.0
62.125
61.5
53.75
33.75
25.0
38.0
45.625
23.125
21.875
51.5
53.625
37.125
34.25
32.625
35.625
50.25
42.25
20.5
26.75
51.625
46.75
28.0
31.375
42.75
42.75
22.875
29.625
49.375
48.125
40.5
22.875
35.0
46.0
47.75
46.375
21.5
22.875
50.625
47.625
29.0
34.25
41.25
30.375
22.25
59.875
53.375
28.125
39.125
43.75
54.75
43.875
41.0
46.125
29.875
19.25
28.75
31.0
28.0
40.625
39.75
41.25
57.625
44.25
15.0
30.5
61.5
59.125
46.25
39.75
41.625
23.375
10.75
32.5
43.875
33.875
35.375
58.0
56.25
30.75
25.625
54.625
53.625
48.25
55.5
23.5
23.375
55.125
48.75
31.5
34.0
50.625
47.375
30.375
38.0
38.0
15.25
22.875
52.75
47.5
46.0
52.25
42.0
50.0
54.5
42.75
43.75
56.25
49.0
36.5
36.125
36.875
50.625
49.0
33.0
21.375
33.125
53.125
51.125
45.75
33.75
27.75
38.125
38.5
29.75
30.5
32.125
25.625
13.875
22.125
26.25
18.25
32.625
20.125
4.5
34.75
39.5
37.25
54.375
46.75
27.5
29.375
48.25
48.875
34.125
19.625
27.25
44.0
22.0
20.25
36.875
28.75
28.625
33.125
36.0
25.875
14.375
34.0
30.25
-0.125
4.5
33.375
43.25
33.625
31.125
26.125
29.125
43.0
49.625
46.25
38.25
43.0
38.75
31.375
52.25
59.625
61.25
61.625
52.125
44.25
50.25
55.25
47.75
48.875
46.625
51.625
59.125
35.25
12.75
51.0
75.75
39.875
46.25
64.875
29.5
25.375
38.875
45.25
39.0
25.0
30.75
29.25
23.75
20.75
21.0
20.0
24.75
42.375
42.375
18.125
14.625
56.375
57.375
-0.875
-2.375
38.625
39.125
22.375
34.875
50.0
44.0
32.625
25.0
30.125
40.0
41.375
33.5
36.5
42.125
28.125
25.0
39.125
43.5
43.0
36.375
49.625
57.875
43.375
41.5
33.875
26.875
42.375
55.5
47.25
44.375
51.625
52.875
55.125
56.625
48.875
32.75
18.875
31.75
42.375
44.625
43.875
35.125
36.625
55.25
50.875
39.75
64.25
38.0
-13.625
22.5
52.25
45.5
48.625
26.25
23.375
39.625
23.375
21.5
37.75
12.375
6.5
29.5
2.375
8.125
55.375
32.75
20.25
46.75
37.0
25.625
23.0
22.375
22.625
12.625
27.375
46.0
29.625
20.5
23.375
15.25
8.0
15.625
33.125
43.75
31.625
37.875
45.25
33.5
53.0
46.125
34.625
60.375
63.375
51.5
51.125
48.75
33.875
35.375
49.875
51.25
45.0
44.5
49.125
38.625
38.5
36.625
40.25
46.25
26.625
21.0
49.5
55.875
43.125
60.0
43.375
44.375
78.375
54.75
28.625
31.125
17.75
13.75
38.5
54.75
50.125
38.0
38.625
39.375
27.5
31.125
32.625
28.25
31.0
17.875
23.125
45.625
16.75
-9.625
14.0
23.375
29.375
34.875
18.5
20.875
26.375
18.125
35.25
31.125
-2.625
16.625
39.0
18.5
2.0
2.5
20.125
23.875
20.0
28.625
25.75
11.0
6.75
18.375
29.375
22.875
-5.0
-9.0
16.0
27.375
31.625
32.125
28.125
25.25
25.375
30.75
37.875
22.5
13.875
29.875
45.625
38.25
22.625
35.25
40.875
30.375
24.5
23.875
20.625
48.25
61.125
35.75
40.75
35.875
29.125
44.5
41.875
34.75
28.25
25.75
34.75
24.875
25.125
39.5
30.75
17.5
16.5
26.0
28.375
15.625
-7.625
5.125
18.0
-0.125
13.0
10.75
0.625
15.5
21.375
11.125
-0.125
18.875
27.75
10.5
14.25
25.375
19.75
17.125
15.5
5.375
3.625
4.75
1.125
8.25
16.375
1.125
-16.625
-11.0
15.375
1.625
-16.125
15.375
10.25
15.375
42.125
29.125
18.25
17.0
25.625
32.0
26.625
21.0
26.75
41.75
34.375
17.875
31.875
45.875
30.0
21.875
30.875
30.5
18.5
3.625
19.625
47.125
25.5
-10.625
5.125
42.875
15.875
-0.375
43.75
58.375
33.0
1.25
1.5
33.25
37.375
34.75
27.25
24.5
31.5
18.5
18.375
11.75
19.5
18.375
6.625
15.875
7.0
4.125
26.75
29.875
-4.5
-8.5
8.5
-3.875
-8.25
-13.375
2.375
37.125
17.0
-7.5
12.125
12.5
0.0
14.0
15.5
14.375
18.375
10.0
7.375
12.25
18.25
14.875
3.75
4.75
13.375
22.375
6.0
-11.0
-4.625
3.875
14.875
20.25
23.25
27.125
29.5
17.625
6.875
34.0
53.25
35.625
35.25
39.375
21.75
8.0
17.625
23.25
27.125
18.0
-7.75
16.875
19.25
-2.875
11.375
4.375
-1.875
5.375
11.125
16.25
10.625
22.875
20.5
6.375
4.75
-10.875
-16.75
-9.0
4.25
-3.25
-14.75
-1.75
4.375
-20.125
-38.0
-5.0
17.75
11.625
-1.0
-15.0
-1.0
12.125
-6.5
-12.25
1.0
3.875
1.25
-13.375
-32.125
-27.875
-0.5
22.875
10.875
1.125
9.75
-2.0
-16.125
-12.75
-9.875
8.25
10.0
-9.75
3.625
20.125
8.25
4.375
19.0
18.625
2.0
14.875
29.625
30.375
24.875
9.0
29.0
36.125
21.875
20.25
3.125
2.25
23.125
24.75
18.5
27.875
31.375
16.5
3.25
-1.0
2.875
23.25
41.125
24.125
11.625
19.75
21.25
13.875
1.375
-2.625
-1.5
-1.5
2.25
7.25
4.5
-2.125
-9.625
-14.25
-4.5
11.75
3.5
-12.875
-16.375
-16.25
-17.875
-7.25
-5.25
-17.875
-10.875
12.375
14.625
-5.75
-6.625
-2.25
-10.375
-19.0
-22.875
-21.5
-9.625
-12.375
-2.25
3.375
-33.0
-24.125
-1.0
-0.25
7.125
12.875
17.5
13.375
-7.0
-26.5
-13.75
4.125
15.125
14.25
6.375
18.125
18.5
4.625
18.5
22.75
18.5
24.75
13.875
15.0
25.25
31.5
32.75
11.0
-11.125
-9.625
24.875
36.625
24.75
30.5
31.75
33.875
31.375
25.5
26.875
23.25
20.375
13.25
13.25
21.5
19.375
-2.25
-15.75
-4.875
-1.5
-6.5
0.875
-0.625
-13.0
-1.5
-6.125
-11.75
2.375
1.625
-4.0
-19.75
-26.375
-9.0
-1.0
-12.125
-14.875
-2.875
-2.0
-23.5
-38.75
-8.75
-5.0
-25.625
-33.125
-35.625
-23.375
-26.5
-27.5
-11.25
-11.875
-17.5
3.625
-4.875
-21.375
-14.75
-8.0
-1.125
-11.25
-0.875
12.0
3.75
-4.625
-12.875
-12.5
-9.125
-18.25
-24.625
1.375
17.75
7.375
12.875
21.5
4.125
-22.875
-1.125
25.5
10.5
-1.25
-5.125
-1.875
-1.25
2.625
-15.125
-28.125
5.125
11.75
1.375
-8.25
-18.625
-1.25
-1.125
-18.25
-43.0
-48.375
-11.5
5.25
-0.75
-3.875
4.625
3.0
-18.875
-26.375
-3.0
-7.375
-25.25
-12.75
-7.0
-4.625
-3.25
-13.125
-17.125
-12.75
-20.875
-27.625
-10.125
8.0
-10.625
-20.0
-34.0
-50.125
-3.75
5.75
-19.375
-12.375
-9.625
-21.25
-36.0
-22.75
-10.125
-16.625
-13.5
-18.5
-28.375
-27.125
-21.125
-11.125
-3.125
-21.25
-38.75
-29.75
-20.25
-19.375
-26.25
-36.125
-39.5
-19.875
-11.375
-33.875
-37.375
-25.875
-18.875
-18.125
-23.375
0.875
24.0
1.625
-19.25
-17.0
-3.5
9.25
19.625
10.875
4.25
12.0
-1.625
1.0
23.0
26.625
-2.125
-16.625
13.375
22.125
18.0
28.25
19.125
0.25
-1.25
13.25
12.625
-6.375
14.0
22.375
-2.25
1.75
1.75
-8.625
-15.75
-5.75
8.625
1.25
11.5
1.5
-21.125
-10.125
1.875
-6.5
-13.75
-1.625
-5.875
-20.625
-19.25
-31.25
-42.5
-22.75
-20.625
-32.25
-28.5
-30.25
-31.25
-30.875
-41.875
-36.875
-25.25
-43.125
-32.875
-8.75
-39.375
-43.625
-17.5
-14.0
-11.875
-12.125
-19.875
-23.75
-15.0
-27.25
-34.875
-6.625
-18.125
-50.125
-33.625
-13.75
-16.375
-3.625
11.5
-14.875
-54.625
-18.25
23.375
3.75
-2.75
-4.375
-7.75
12.125
17.75
7.375
-0.25
-14.875
-6.0
-2.25
-11.5
7.125
0.375
-1.625
19.25
9.625
0.625
-0.375
6.375
4.5
-5.375
-5.125
-0.5
-3.125
-8.5
0.125
1.375
-1.5
-3.375
3.75
11.75
0.375
-10.5
-6.0
-7.125
-19.125
-7.625
6.875
-2.0
-22.375
-14.625
-7.875
-30.0
-23.875
-15.25
-19.0
-11.125
-13.625
-29.125
-16.25
-6.875
-34.375
-56.625
-38.875
-14.75
-18.75
-14.875
-8.0
-22.75
-21.375
-4.125
-5.5
-7.625
-5.25
-17.625
-33.75
-37.625
-41.75
-52.125
-33.75
3.625
-20.625
-70.125
-47.25
-6.625
-13.75
-18.625
-14.625
-20.125
-15.375
-0.5
3.25
4.0
0.75
-2.375
10.375
18.625
1.375
-9.875
7.5
12.875
1.5
-6.625
3.5
17.0
6.625
-8.125
-10.0
12.875
20.0
1.75
-0.875
10.125
11.875
13.75
10.0
-8.75
4.125
20.25
16.75
9.125
-5.125
7.25
3.25
-30.375
-8.5
23.125
-4.125
-1.75
13.375
-14.375
-29.875
-24.125
-6.5
-1.125
-14.625
-20.5
-14.5
-14.375
-45.125
-42.375
-11.75
-33.75
-45.375
-15.25
-23.0
-52.75
-44.25
-40.875
-52.75
-49.125
-39.75
-29.375
-22.0
-31.5
-48.75
-50.25
-39.125
-38.75
-46.875
-50.75
-47.625
-38.75
-35.75
-32.125
-35.25
-47.25
-43.875
-33.125
-37.25
-33.0
-31.625
-36.875
-29.25
-26.375
-24.625
-41.75
-53.375
-27.0
-19.25
-13.125
-16.25
-33.5
-17.625
-0.125
-5.875
-4.5
4.0
-6.25
-18.5
-16.375
-4.0
-3.875
-7.75
-17.25
-11.875
4.625
-5.0
-4.0
-7.5
-9.5
8.375
8.625
10.625
21.625
17.125
9.875
12.25
9.25
3.5
8.375
1.25
-11.5
-13.75
-13.375
-4.25
-12.75
-16.625
-6.875
1.5
-3.625
-20.75
-14.875
-16.25
-23.0
-12.25
-9.875
-13.125
-13.125
-25.125
-27.375
-19.75
-37.125
-28.5
4.0
-7.125
-29.375
-30.5
-32.875
-28.5
-25.5
-41.125
-27.125
-19.875
-48.375
-36.75
-19.875
-31.375
-25.375
-19.5
-29.875
-33.875
-35.25
-44.875
-24.5
-9.75
-29.0
-34.75
-22.75
-17.5
-32.0
-45.875
-42.0
-41.875
-40.625
-22.875
-25.625
-47.5
-39.375
-16.25
-23.25
-32.75
-23.375
-24.125
-25.25
-22.0
-16.25
-26.0
-36.125
-21.25
-28.875
-16.0
9.25
5.0
-4.125
-11.0
1.75
-8.0
-22.625
-3.25
10.625
7.375
-6.125
-4.375
7.375
6.125
3.125
4.125
3.75
-12.25
-26.75
-21.75
-15.875
-6.75
-9.0
-9.875
-0.75
-8.5
-14.625
-0.25
7.375
-1.0
-4.125
-14.625
-8.375
5.125
-11.875
-22.125
-12.5
-16.375
-15.75
-15.125
-18.25
-14.5
-32.125
-26.25
-13.875
-30.25
-33.375
-26.125
-26.625
-33.875
-41.0
-40.0
-41.75
-38.5
-28.25
-23.5
-23.25
-23.5
-30.75
-42.625
-35.875
-43.25
-53.5
-43.5
-42.75
-42.5
-38.375
-39.5
-46.25
-33.75
-26.25
-66.5
-67.375
-15.25
-20.0
-42.625
-35.5
-38.0
-39.125
-32.875
-28.0
-33.375
-33.625
-34.25
-60.625
-47.25
-17.875
-31.75
-46.75
-47.25
-40.875
-35.375
-41.75
-46.5
-37.25
-32.875
-34.0
-33.5
-35.0
-16.0
-13.125
-28.25
-13.75
-11.875
-29.25
-36.25
-39.25
-24.0
-0.25
-3.625
-6.75
3.0
1.125
3.125
2.0
-30.875
-31.0
-10.25
-4.375
10.625
-1.125
-13.875
-5.625
-7.375
-9.625
-17.625
-19.625
-8.875
-18.0
-20.5
-13.125
-12.25
-13.875
-15.625
-15.625
-15.375
-28.0
-52.5
-31.5
2.625
-14.125
-23.25
-17.125
-25.25
-29.75
-39.625
-49.125
-29.875
-19.125
-29.5
-33.125
-29.5
-32.0
-34.625
-37.5
-50.625
-35.5
-30.625
-60.25
-41.25
-23.875
-46.5
-49.25
-31.25
-37.25
-73.875
-69.0
-35.0
-45.25
-66.875
-60.25
-50.75
-55.875
-58.75
-45.625
-37.0
-42.75
-43.5
-35.75
-44.5
-51.625
-37.875
-44.875
-60.875
-42.5
-26.875
-36.125
-36.5
-29.25
-30.125
-32.625
-40.5
-48.25
-49.75
-54.25
-51.75
-44.125
-36.125
-41.625
-38.0
-20.75
-35.125
-33.75
-19.875
-33.5
-41.5
-36.375
-27.25
-12.0
-1.25
-6.125
-5.0
-13.875
-24.625
-18.875
-15.75
-1.25
-4.375
-14.625
-6.75
-3.0
-8.875
-23.0
-28.125
-44.5
-10.125
22.0
-8.5
-15.25
0.25
3.875
-2.5
-6.375
-8.625
-13.375
-33.25
-33.875
-19.25
-25.625
-35.25
-28.375
-21.75
-15.625
-15.5
-42.375
-57.0
-36.75
-20.5
-20.375
-34.5
-44.625
-30.125
-36.25
-61.375
-44.0
-25.25
-45.875
-51.5
-30.625
-37.875
-56.0
-33.875
-25.75
-54.875
-57.0
-48.25
-59.5
-53.375
-60.25
-71.75
-70.625
-49.75
-42.0
-73.5
-70.875
-51.5
-43.875
-27.625
-35.25
-57.375
-51.875
-47.625
-47.75
-43.5
-48.375
-54.625
-50.375
-55.875
-61.75
-46.625
-38.0
-53.0
-64.875
-52.375
-36.375
-41.375
-42.375
-27.375
-48.25
-61.0
-38.625
-39.0
-42.375
-52.75
-60.5
-39.875
-27.125
-46.625
-82.0
-46.5
-6.75
-30.25
-23.25
-5.25
-7.125
-28.125
-52.625
-27.375
-2.625
-14.25
-26.875
-33.125
-15.375
-8.0
-29.375
-31.375
-17.75
-5.375
-0.625
-18.5
-20.625
1.875
-7.5
-21.75
-16.375
-23.375
-20.875
-12.875
-17.0
-27.375
-25.25
-10.625
-27.0
-42.375
-29.75
-25.0
-28.625
-25.5
-30.5
-35.125
-37.625
-57.375
-44.625
-5.25
-11.0
-31.375
-28.875
-33.5
-36.875
-42.25
-57.875
-48.25
-36.125
-39.875
-43.875
-65.25
-68.875
-52.625
-60.75
-76.25
-81.0
-70.875
-45.75
-36.0
-51.625
-56.0
-60.125
-61.25
-42.875
-51.0
-71.5
-58.75
-56.375
-59.625
-48.5
-46.75
-55.125
-80.125
-71.125
-36.0
-50.25
-58.0
-41.375
-53.625
-59.25
-49.375
-57.875
-67.5
-49.375
-34.25
-53.875
-58.25
-38.375
-48.0
-61.75
-44.5
-49.875
-56.25
-46.375
-38.25
-32.75
-51.375
-51.25
-24.125
-24.5
-49.375
-61.375
-52.25
-31.625
-24.875
-32.5
-33.75
-24.25
-27.0
-33.5
-20.875
-1.875
-4.625
-21.875
-16.75
-11.5
-20.25
-34.375
-37.375
-28.75
-22.375
-8.125
-0.5
-12.625
-36.5
-41.125
-18.375
-4.0
-11.125
-13.5
-7.75
-4.375
-13.25
-25.125
-15.625
-8.0
-24.875
-36.375
-10.625
-14.5
-31.875
-23.375
-18.75
-21.625
-50.375
-42.5
-19.5
-32.375
-32.75
-42.625
-49.625
-27.0
-29.375
-38.625
-24.75
-30.75
-30.875
-33.875
-49.625
-47.5
-50.75
-45.625
-45.125
-66.625
-81.25
-71.375
-40.375
-31.25
-44.0
-40.75
-42.0
-56.25
-40.375
-36.5
-40.25
-30.5
-37.25
-41.875
-43.25
-53.375
-52.25
-39.375
-47.875
-43.25
-43.25
-54.625
-42.0
-45.75
-53.75
-46.125
-48.625
-47.25
-56.375
-66.625
-54.625
-45.875
-46.75
-47.875
-50.125
-45.0
-33.875
-36.5
-34.75
-31.25
-34.875
-42.375
-55.5
-48.875
-36.125
-28.625
-33.75
-39.875
-32.125
-35.625
-41.375
-58.625
-73.25
-41.75
-14.75
-27.75
-36.75
-33.25
-26.375
-23.0
-29.125
-25.375
-25.5
-40.875
-35.125
-33.5
-54.375
-43.875
-25.625
-21.25
-12.625
-18.125
-27.5
-26.125
-11.875
-12.125
-34.0
-35.5
-18.125
-6.5
-18.5
-24.125
-4.5
-10.5
-7.375
-24.75
-51.125
-17.375
-18.0
-43.5
-41.125
-35.625
-37.25
-26.875
-11.625
-23.875
-19.375
-7.5
-25.0
-26.875
-17.0
-20.375
-24.5
-30.0
-22.625
-20.0
-30.375
-46.0
-49.125
-30.125
-32.5
-37.375
-26.25
-23.75
-30.625
-41.0
-37.75
-35.25
-47.25
-37.375
-25.125
-60.25
-60.375
-16.75
-14.375
-31.875
-45.875
-46.375
-49.5
-50.125
-47.0
-35.375
-22.875
-38.75
-46.875
-40.75
-45.25
-48.375
-40.875
-36.5
-43.5
-43.5
-36.0
-47.75
-56.625
-70.5
-71.0
-51.625
-48.875
-44.0
-35.75
-36.875
-57.5
-63.875
-28.125
-30.25
-50.625
-36.75
-40.875
-65.25
-58.0
-29.625
-39.5
-53.375
-43.25
-33.5
-36.5
-43.25
-48.375
-42.875
-34.5
-40.5
-32.375
-24.625
-38.625
-43.75
-27.0
-16.25
-22.875
-43.0
-39.75
-15.25
-26.25
-43.5
-28.5
-17.125
-23.25
-40.5
-39.875
-35.375
-36.0
-13.0
-11.375
-19.375
-16.25
-20.5
-18.75
-14.5
-14.0
-29.375
-31.875
-1.25
-3.75
-13.375
-17.5
-18.375
-6.75
-11.375
-21.0
-18.125
-0.25
-7.5
-23.0
-9.5
-2.625
-11.625
-16.125
-18.75
-30.0
-28.375
-20.75
-35.125
-39.375
-25.75
-38.0
-36.125
-15.0
-34.625
-54.0
-40.5
-53.75
-47.125
-7.375
-3.125
-19.0
-28.375
-26.5
-30.25
-39.75
-44.25
-41.375
-44.875
-48.375
-52.0
-48.0
-52.0
-57.75
-43.25
-49.375
-57.125
-43.5
-50.0
-58.375
-36.5
-36.125
-44.75
-33.5
-37.625
-53.125
-55.625
-40.625
-22.25
-32.375
-40.875
-29.0
-40.25
-36.25
-16.375
-31.25
-40.375
-30.25
-35.5
-46.875
-48.625
-38.375
-32.375
-37.875
-37.625
-37.25
-34.875
-25.875
-33.25
-41.875
-59.5
-48.0
-7.0
-15.875
-27.125
-22.125
-28.375
-24.875
-13.75
-31.75
-47.375
-20.0
-10.5
-35.0
-43.125
-49.0
-46.125
-20.75
-26.625
-38.625
-30.75
-39.125
-42.5
-26.125
-25.125
-56.375
-52.0
-20.125
-36.125
-56.625
-41.25
-25.375
-30.75
-29.875
-28.125
-41.25
-38.75
-34.25
-44.0
-34.25
-22.375
-32.625
-53.125
-56.5
-41.25
-37.625
-26.875
-30.0
-40.0
-21.625
-38.375
-54.75
-32.375
-21.125
-24.125
-26.5
-29.25
-39.125
-42.625
-37.5
-45.875
-60.75
-51.625
-42.625
-67.625
-65.5
-39.0
-64.25
-75.875
-45.75
-48.25
-62.375
-62.75
-47.125
-57.625
-74.875
-43.0
-33.125
-45.375
-39.0
-48.0
-45.5
-45.75
-63.375
-45.25
-41.75
-41.5
-48.25
-61.25
-46.875
-38.375
-47.75
-58.0
-23.375
-14.25
-44.25
-43.0
-40.125
-41.5
-51.625
-50.875
-40.0
-42.625
-54.875
-59.25
-42.125
-43.25
-43.0
-46.0
-55.25
-61.5
-68.375
-49.875
-40.375
-57.75
-69.5
-62.625
-51.875
-53.625
-54.75
-49.625
-44.75
-36.5
-43.875
-53.875
-33.0
-12.125
-34.5
-60.875
-49.75
-18.0
-23.0
-25.125
-14.0
-51.75
-58.875
-20.25
-23.75
-42.5
-27.75
-34.625
-51.875
-38.125
-43.75
-47.75
-30.875
-38.625
-56.125
-31.875
-12.0
-40.75
-56.125
-47.25
-25.875
-17.375
-30.625
-24.75
-30.875
-49.5
-45.625
-42.0
-48.375
-60.625
-61.5
-58.0
-65.375
-57.125
-58.875
-74.375
-56.75
-44.875
-42.25
-41.625
-43.125
-37.0
-41.25
-56.375
-60.625
-49.375
-50.625
-49.125
-44.625
-48.75
-55.375
-55.125
-55.875
-55.375
-34.375
-26.75
-42.375
-61.25
-65.75
-40.375
-47.0
-74.875
-73.375
-57.625
-38.625
-39.125
-70.25
-91.125
-64.625
-38.75
-47.75
-74.5
-74.875
-57.0
-46.0
-42.75
-45.875
-47.25
-48.5
-36.75
-38.0
-40.0
-29.375
-38.0
-48.0
-55.75
-57.875
-46.25
-48.25
-45.875
-36.5
-32.0
-33.375
-44.0
-32.0
-39.625
-64.125
-64.125
-51.5
-26.5
-32.25
-34.0
-7.25
-15.125
-25.125
-15.5
-32.125
-41.25
-48.375
-67.0
-24.625
-2.125
-33.5
-46.875
-39.625
-23.75
-24.0
-42.625
-53.375
-43.0
-47.75
-44.625
-41.5
-51.25
-12.5
-15.375
-49.625
-31.25
-32.5
-37.75
-32.125
-47.125
-50.375
-57.0
-67.5
-47.5
-45.125
-60.5
-55.0
-59.75
-73.625
-61.375
-35.0
-50.625
-78.0
-64.375
-51.75
-46.75
-46.625
-57.0
-52.625
-48.375
-56.375
-65.125
-59.875
-44.0
-37.25
-55.0
-66.625
-60.0
-76.375
-78.375
-49.875
-37.625
-46.875
-73.5
-86.25
-76.5
-64.125
-41.125
-45.75
-59.0
-52.125
-57.375
-57.375
-47.75
-41.75
-40.5
-52.0
-60.375
-57.75
-68.875
-75.125
-53.25
-46.875
-66.625
-62.125
-54.625
-59.0
-61.75
-67.75
-88.5
-92.375
-61.875
-48.75
-51.0
-44.75
-58.75
-96.25
-81.375
-46.5
-49.625
-59.5
-65.625
-62.5
-37.625
-46.125
-64.625
-64.25
-56.625
-46.125
-55.75
-49.125
-38.875
-60.625
-59.625
-36.125
-44.75
-43.0
-36.875
-44.5
-45.25
-44.375
-52.375
-58.75
-30.125
-18.0
-43.375
-60.375
-56.875
-47.5
-45.75
-51.625
-42.0
-23.5
-23.75
-30.375
-35.125
-35.625
-40.375
-41.625
-48.125
-58.0
-29.625
-26.375
-56.625
-52.75
-32.75
-24.875
-33.625
-46.75
-52.75
-55.125
-67.125
-58.625
-21.5
-31.875
-48.875
-32.875
-40.75
-53.375
-41.125
-43.375
-59.875
-57.25
-49.125
-63.375
-85.625
-70.375
-35.875
-33.375
-49.5
-65.25
-59.875
-46.25
-52.875
-48.625
-41.125
-62.0
-65.75
-38.75
-40.75
-64.625
-63.75
-52.875
-53.875
-59.25
-64.625
-65.0
-55.375
-51.5
-39.125
-39.75
-51.75
-48.75
-59.125
-63.625
-55.625
-56.375
-66.625
-59.25
-48.0
-53.375
-56.5
-67.0
-80.875
-67.25
-59.25
-71.5
-63.75
-57.0
-60.125
-67.375
-67.75
-45.125
-43.25
-58.125
-58.125
-62.625
-57.5
-53.125
-52.25
-49.25
-57.875
-66.5
-59.125
-50.25
-47.875
-34.875
-44.625
-62.25
-46.25
-41.125
-43.0
-38.375
-44.125
-47.875
-41.25
-47.75
-66.625
-50.375
-46.75
-70.5
-46.5
-20.0
-46.5
-56.125
-32.0
-30.5
-39.875
-50.375
-52.125
-41.875
-48.625
-52.75
-47.125
-43.75
-29.75
-23.125
-35.5
-46.875
-37.375
-30.25
-53.875
-68.25
-41.375
-30.5
-52.75
-41.75
-31.125
-45.0
-29.375
-25.25
-47.875
-49.875
-48.125
-47.75
-46.0
-56.25
-52.0
-44.625
-52.125
-61.25
-62.5
-49.375
-42.625
-53.75
-55.0
-46.375
-50.25
-34.5
-26.5
-39.75
-40.375
-49.75
-53.25
-48.5
-58.0
-65.125
-56.375
-43.875
-43.25
-50.125
-59.125
-52.0
-45.0
-61.375
-60.75
-42.875
-63.75
-73.0
-49.25
-39.5
-26.625
-33.5
-37.0
-36.875
-48.125
-47.25
-46.375
-39.25
-44.0
-46.5
-33.875
-53.25
-59.625
-42.0
-53.375
-65.25
-62.375
-49.0
-41.75
-52.125
-73.375
-62.625
-36.875
-66.0
-87.25
-59.5
-56.875
-69.75
-77.875
-86.5
-58.25
-44.0
-62.5
-63.5
-47.0
-45.125
-60.0
-65.5
-56.0
-48.75
-63.0
-52.375
-28.75
-47.125
-61.5
-63.375
-65.375
-55.5
-49.75
-49.75
-41.75
-39.5
-36.375
-27.375
-40.25
-45.875
-30.5
-34.5
-36.375
-34.125
-29.625
-30.375
-46.5
-38.75
-37.5
-37.75
-36.375
-49.75
-39.625
-31.75
-44.875
-51.125
-36.375
-21.875
-25.375
-27.875
-39.75
-54.625
-45.125
-37.75
-34.125
-39.625
-48.625
-33.5
-30.875
-37.625
-44.75
-59.0
-40.875
-23.5
-36.125
-44.25
-30.625
-30.375
-45.125
-55.625
-62.75
-56.875
-53.375
-53.5
-57.0
-47.875
-45.0
-70.375
-65.5
-38.25
-44.375
-61.625
-53.625
-42.875
-47.125
-49.0
-44.5
-54.75
-68.75
-63.0
-64.125
-53.625
-38.375
-49.375
-49.75
-43.75
-53.25
-61.125
-63.875
-74.375
-46.75
-29.0
-41.25
-37.75
-42.375
-44.0
-41.0
-39.375
-36.75
-38.0
-43.0
-32.375
-26.125
-37.5
-46.25
-60.375
-60.375
-45.0
-50.875
-40.0
-35.0
-62.625
-45.375
-24.0
-44.125
-31.5
-15.375
-35.5
-32.125
-25.125
-27.875
-25.0
-20.875
-22.5
-28.5
-26.375
-35.125
-42.125
-40.5
-47.0
-32.375
-8.25
-11.75
-18.0
-23.375
-37.5
-35.25
-26.0
-23.375
-27.75
-45.375
-41.875
-22.625
-23.0
-32.875
-33.125
-26.125
-21.5
-15.125
-30.375
-50.0
-37.125
-25.375
-25.5
-34.625
-31.875
-24.5
-39.625
-49.625
-57.0
-45.0
-32.5
-54.25
-64.125
-56.25
-46.0
-47.375
-49.875
-53.5
-66.5
-51.625
-32.0
-35.375
-47.75
-54.0
-36.625
-41.75
-46.75
-33.125
-44.5
-50.875
-46.5
-52.75
-47.0
-40.75
-47.5
-32.125
-24.625
-45.25
-40.875
-19.875
-9.875
-11.625
-34.25
-32.625
-13.125
-16.625
-16.125
-9.625
-21.25
-19.625
-7.75
-17.875
-47.0
-45.875
-11.375
-25.25
-56.75
-39.25
-8.375
-12.625
-25.375
-21.75
-22.25
-19.5
-21.75
-32.75
-28.375
-21.75
-33.625
-52.625
-42.25
-39.125
-37.625
-30.375
-55.375
-47.5
-33.375
-45.125
-43.75
-43.0
-36.0
-22.0
-29.375
-49.875
-50.375
-35.25
-32.25
-48.5
-62.125
-51.375
-48.0
-45.375
-27.75
-26.0
-34.75
-50.5
-41.125
-39.25
-66.5
-44.0
-21.125
-37.25
-55.0
-64.25
-44.375
-31.375
-38.5
-25.375
-25.375
-44.125
-57.625
-49.75
-28.375
-30.625
-31.125
-27.625
-50.625
-34.875
-7.625
-33.0
-37.625
-19.625
-32.375
-47.75
-36.25
-35.625
-42.5
-46.25
-59.125
-49.5
-20.125
-30.625
-46.5
-38.125
-41.5
-35.125
-33.0
-47.75
-39.75
-33.625
-59.75
-57.75
-30.5
-58.0
-83.0
-49.25
-39.0
-57.125
-51.75
-53.375
-63.625
-62.125
-53.625
-43.125
-51.5
-50.875
-49.375
-58.625
-64.0
-64.875
-46.25
-43.375
-69.875
-64.125
-48.0
-76.875
-91.25
-43.875
-14.0
-44.375
-38.875
-32.75
-57.0
-47.75
-26.25
-25.625
-34.125
-30.375
-25.875
-25.375
-33.375
-37.0
-27.0
-25.25
-23.375
-15.875
-51.25
-78.125
-21.75
-2.375
-38.0
-41.0
-28.0
-9.5
-16.0
-36.5
-35.375
-33.625
-45.0
-57.125
-39.75
-17.375
-22.375
-25.125
-25.25
-39.375
-53.375
-55.125
-47.375
-39.875
-37.75
-35.375
-33.875
-33.625
-39.625
-62.125
-64.625
-33.625
-27.5
-48.0
-39.125
-31.5
-44.25
-54.25
-53.125
-48.625
-49.625
-49.25
-50.75
-47.375
-48.125
-58.625
-62.75
-60.0
-81.875
-67.875
-38.0
-50.25
-52.375
-42.125
-51.125
-62.625
-50.75
-66.625
-79.125
-44.375
-33.375
-49.25
-55.375
-45.375
-32.75
-39.375
-58.5
-70.5
-62.0
-53.125
-56.375
-58.25
-48.25
-59.125
-69.0
-39.875
-51.0
-78.5
-46.0
-21.875
-38.875
-51.75
-58.25
-60.875
-43.625
-32.5
-39.0
-48.0
-53.0
-60.25
-73.625
-74.0
-61.75
-52.625
-58.625
-62.25
-63.625
-59.5
-60.25
-77.375
-69.25
-42.625
-43.375
-48.625
-43.0
-46.0
-39.375
-34.875
-59.75
-67.375
-46.75
-37.0
-32.0
-41.25
-52.625
-39.5
-34.125
-46.0
-44.625
-35.625
-31.0
-23.5
-27.125
-24.5
-16.875
-37.25
-37.625
-18.25
-17.375
-11.0
-18.5
-44.75
-32.375
-15.375
-33.125
-22.625
-10.375
-30.5
-31.25
-19.5
-31.875
-49.0
-39.5
-22.625
-25.375
-38.375
-30.75
-15.875
-24.75
-49.25
-41.25
-15.375
-24.375
-28.375
-33.75
-51.25
-51.375
-28.0
-7.5
-35.125
-63.25
-52.5
-46.0
-38.375
-39.875
-48.375
-44.0
-50.125
-36.5
-29.5
-53.5
-63.25
-59.0
-57.0
-58.25
-58.5
-62.125
-67.625
-57.625
-43.75
-56.625
-61.125
-47.375
-50.625
-52.25
-58.5
-56.375
-42.0
-42.5
-49.5
-62.25
-60.625
-58.375
-65.875
-49.25
-48.375
-52.5
-41.5
-44.625
-38.625
-29.875
-44.875
-46.5
-42.75
-38.25
-32.625
-37.0
-26.625
-22.5
-32.875
-60.625
-59.875
-20.0
-23.375
-42.75
-27.75
-19.625
-46.75
-36.0
-9.75
-29.625
-45.625
-42.125
-28.625
-22.125
-40.625
-58.375
-36.0
-14.25
-29.125
-32.75
-29.5
-32.5
-32.75
-39.875
-32.875
-19.125
-36.25
-64.75
-38.875
-15.5
-41.75
-51.25
-40.75
-37.875
-28.75
-21.0
-18.75
-33.75
-42.875
-25.75
-35.0
-54.75
-47.0
-46.125
-54.375
-43.625
-54.625
-63.0
-47.125
-45.5
-51.875
-55.5
-50.375
-52.125
-70.75
-69.5
-44.375
-39.0
-49.75
-58.5
-59.25
-36.0
-24.875
-34.75
-31.75
-26.375
-42.875
-58.25
-25.5
-11.75
-31.875
-29.625
-28.5
-27.875
-28.25
-35.125
-45.875
-36.25
-21.125
-19.25
-21.375
-32.75
-23.125
-12.0
-26.375
-31.625
-23.0
-9.75
-6.875
-33.875
-39.25
-13.125
-10.125
-11.75
-10.875
-10.125
-13.875
-26.375
-24.0
-13.625
-25.125
-37.125
-21.375
-17.375
-24.0
-31.25
-28.0
-9.625
-36.5
-49.875
-18.5
-30.25
-42.625
-18.75
-12.5
-30.375
-52.5
-58.375
-35.375
-36.25
-55.875
-41.25
-36.875
-45.875
-43.375
-55.875
-54.0
-39.125
-61.25
-67.375
-47.375
-40.375
-33.25
-37.75
-45.0
-41.625
-30.0
-24.25
-38.375
-49.25
-47.5
-48.25
-57.875
-61.375
-46.5
-39.125
-56.625
-58.625
-45.25
-49.125
-47.375
-48.875
-48.625
-30.0
-25.25
-23.75
-30.375
-40.375
-29.5
-18.625
-40.25
-44.875
-20.25
-33.0
-41.125
-32.5
-36.125
-37.375
-34.0
-27.0
-24.0
-26.625
-38.375
-42.25
-26.875
-30.875
-31.0
-25.25
-33.75
-18.375
-11.25
-22.375
-23.25
-24.625
-26.75
-14.0
-12.125
-28.125
-36.125
-30.5
-25.875
-34.0
-46.375
-41.75
-39.875
-56.375
-53.75
-57.75
-73.625
-58.0
-42.0
-44.875
-23.625
-26.625
-51.75
-31.625
-20.375
-27.375
-22.25
-41.125
-41.375
-3.875
-10.25
-28.375
-21.75
-29.125
-34.625
-34.5
-19.875
-7.75
-25.5
-32.0
-14.25
-6.625
-14.375
-5.625
-6.875
-14.25
-9.375
-14.75
-20.75
-23.0
-32.25
-30.875
-13.0
-15.0
-23.0
-14.25
-20.875
-18.0
-7.75
-12.0
-25.875
-32.875
-2.0
12.5
1.25
-4.5
-13.625
-21.875
-15.625
-6.0
-23.875
-36.25
-24.625
-29.5
-34.5
-39.375
-45.25
-24.25
-13.5
-33.625
-50.75
-43.625
-28.875
-30.0
-41.125
-37.125
-31.25
-35.125
-57.875
-66.125
-25.125
-14.125
-36.625
-26.625
-22.125
-41.875
-45.125
-33.125
-40.0
-53.25
-35.625
-19.5
-28.5
-43.125
-59.875
-44.125
-16.625
-25.125
-33.625
-30.5
-33.375
-50.875
-63.25
-27.5
-29.75
-66.375
-36.875
-8.5
-28.875
-58.875
-42.125
-19.0
-27.125
-24.375
-23.75
-39.125
-51.375
-41.875
-19.5
-16.0
-39.5
-47.125
-23.625
-14.5
-18.375
-29.125
-54.375
-46.125
-23.5
-32.25
-44.25
-27.5
-9.875
-32.75
-38.375
-14.5
-26.125
-48.625
-33.375
-18.25
-27.5
-29.375
-25.625
-30.625
-33.375
-29.25
-36.375
-52.0
-49.625
-56.5
-49.125
-31.25
-27.125
-18.875
-25.375
-47.0
-48.375
-26.875
-23.125
-25.125
-21.125
-32.25
-51.5
-51.375
-21.125
2.25
-24.75
-45.875
-40.0
-47.125
-37.0
-23.625
-35.0
-41.0
-41.5
-36.75
-26.625
-28.375
-43.625
-42.5
-29.875
-34.625
-48.0
-52.25
-43.875
-32.625
-23.375
-21.5
-26.875
-29.375
-37.0
-40.625
-26.75
-6.125
-11.0
-30.875
-19.0
-21.75
-27.625
-12.0
-22.125
-30.875
-18.25
-11.25
-20.875
-37.75
-28.0
-7.625
-12.125
-36.625
-44.625
-23.75
-10.125
-6.5
-2.0
-6.625
-9.625
-5.875
-11.5
-17.5
-24.0
-15.75
-3.875
-8.5
-15.875
-21.75
-16.75
-19.0
-35.75
-28.375
-0.625
-14.5
-43.0
-47.75
-46.375
-27.25
-10.75
-16.625
-25.0
-11.75
-13.375
-31.875
-16.875
0.875
-24.5
-36.25
-10.375
-21.75
-39.125
-10.875
-3.625
-23.625
-14.25
-11.125
-33.375
-26.125
-11.125
-30.25
-36.5
-11.375
-10.625
-28.75
-32.625
-29.375
-37.75
-34.75
-31.75
-47.25
-38.375
-26.375
-19.125
-29.75
-36.0
-27.0
-27.125
-18.75
-26.375
-40.875
-27.375
-18.625
-24.875
-28.75
-22.625
-27.25
-33.125
-19.375
-14.125
-28.75
-30.5
-12.5
-18.625
-24.125
-24.625
-43.5
-39.0
-12.125
-8.875
-39.25
-42.875
-8.5
-11.375
-42.625
-48.5
-38.5
-28.25
-33.25
-41.875
-29.75
-27.875
-36.5
-44.25
-41.625
-32.75
-35.625
-36.0
-24.875
-21.75
-24.375
-24.25
-32.25
-35.5
-33.0
-22.75
-16.5
-24.125
-33.0
-21.25
-7.125
-23.625
-11.375
5.875
-11.875
-10.375
2.875
-4.125
-22.75
-23.875
-11.5
-16.625
-20.5
-3.75
-3.375
-5.875
-10.0
-24.25
-15.5
0.875
-2.375
-25.125
-15.875
17.625
14.25
-7.0
-9.125
-6.5
-9.5
-11.625
-14.875
-21.5
-20.125
-7.625
-5.0
-21.625
-13.125
-3.125
-24.5
-13.625
-2.625
-13.75
-11.875
-19.0
-8.875
-3.0
-19.375
-29.75
-40.5
-28.75
-3.0
-13.75
-38.25
-33.5
-39.625
-32.375
-3.875
-14.625
-34.375
-34.625
-43.875
-51.125
-19.25
-4.75
-29.0
-44.25
-39.625
-21.625
-21.625
-31.5
-23.0
-20.625
-40.375
-50.5
-34.25
-32.625
-35.875
-25.75
-30.75
-43.5
-38.25
-25.25
-20.5
-23.125
-31.375
-26.25
-24.125
-34.0
-25.375
-23.5
-31.25
-35.75
-40.5
-33.375
-34.0
-36.5
-29.875
-39.625
-71.125
-56.125
-18.0
-29.875
-32.75
-21.125
-29.75
-30.125
-24.75
-24.5
-28.125
-26.125
-25.375
-30.5
-37.875
-29.875
-6.25
-8.75
-28.5
-31.125
-32.875
-34.875
-29.0
-53.875
-51.375
-19.375
-24.375
-43.0
-64.5
-54.75
-31.375
-31.375
-41.625
-48.625
-27.625
-25.5
-36.375
-25.75
-45.125
-43.75
-25.5
-36.5
-27.625
-34.25
-55.5
-33.125
-14.875
-24.875
-27.125
-30.0
-38.375
-39.125
-22.75
-11.125
-29.5
-34.375
-12.5
-28.0
-24.25
-6.125
-21.0
-28.75
-26.25
-18.125
-14.875
-13.375
-11.125
-14.5
-9.625
-24.875
-35.375
-6.625
-9.25
-16.0
-3.875
-21.75
-33.625
-11.875
1.25
-17.375
-31.875
-16.875
-14.625
-26.375
-36.25
-27.5
-20.375
-39.625
-33.75
-25.0
-43.0
-47.25
-23.875
-35.25
-55.625
-41.25
-50.625
-44.75
-25.25
-31.875
-29.625
-22.625
-39.375
-52.625
-39.0
-37.5
-38.5
-26.625
-31.625
-46.375
-35.375
-33.75
-49.5
-42.0
-46.0
-50.625
-35.125
-41.875
-54.0
-55.75
-52.875
-55.25
-57.875
-29.5
-25.5
-42.125
-43.5
-44.375
-35.625
-38.125
-47.375
-54.375
-42.0
-28.25
-47.625
-32.25
-9.125
-35.5
-36.375
-26.875
-37.0
-41.25
-43.625
-38.5
-35.375
-34.375
-24.75
-42.25
-54.75
-24.75
-10.0
-27.75
-67.0
-73.25
-38.5
-30.125
-41.375
-57.25
-71.625
-52.0
-32.125
-56.375
-66.125
-38.5
-46.125
-62.75
-45.0
-35.875
-25.75
-20.375
-31.5
-19.375
-11.0
-34.125
-57.625
-39.125
-4.0
-1.125
-27.25
-41.0
-7.75
-3.625
-27.0
-16.375
-14.0
-25.125
-30.0
-27.625
-15.75
-11.625
-12.125
-6.125
-25.125
-26.5
1.25
-12.375
-16.125
5.75
-15.625
-26.875
-1.875
-7.125
-21.25
-13.875
-19.25
-25.25
-18.875
-15.875
-14.875
-25.625
-32.125
-36.375
-31.5
3.25
-3.875
-33.375
-23.25
-22.375
-31.25
-24.75
-22.125
-36.125
-46.375
-42.375
-32.875
-29.25
-37.875
-56.75
-59.625
-40.0
-42.875
-50.0
-29.875
-16.25
-28.75
-41.5
-34.25
-30.75
-37.375
-40.375
-43.25
-34.5
-34.375
-50.125
-30.875
-24.75
-56.375
-44.375
-19.25
-37.75
-39.375
-31.0
-44.5
-43.75
-39.375
-24.75
-16.75
-26.625
-36.625
-44.25
-20.625
-9.75
-28.375
-28.375
-14.75
-21.375
-30.5
-29.375
-42.75
-47.625
-21.0
-11.75
-30.0
-37.125
-28.0
-18.5
-31.5
-47.625
-37.75
-33.375
-35.375
-44.75
-53.375
-30.25
-21.125
-38.875
-42.625
-43.0
-37.875
-25.25
-26.875
-26.25
-24.375
-35.75
-34.375
-21.875
-27.375
-27.125
-33.875
-46.625
-54.375
-57.625
-50.25
-47.625
-53.0
-62.5
-60.125
-46.25
-41.375
-31.0
-22.625
-33.5
-36.25
-10.375
-2.875
-27.625
-26.875
-18.5
-32.0
-31.25
-11.125
-14.375
-25.125
-19.625
-21.375
-37.25
-26.5
-14.25
-26.0
-20.0
-16.375
-12.5
-24.5
-45.375
-19.875
-6.25
-20.25
-22.25
-15.75
-8.875
-14.625
-24.0
-25.375
-31.5
-33.125
-15.625
-7.25
-18.0
-22.5
-21.25
-34.75
-29.125
-5.75
-13.875
-19.375
-25.75
-39.5
-9.25
-3.5
-27.875
-27.5
-27.5
-24.125
-17.0
-36.25
-42.25
-32.375
-34.625
-14.375
-8.75
-19.75
-46.75
-70.5
-37.75
-29.0
-57.25
-53.375
-25.75
-32.125
-47.375
-34.5
-32.875
-25.375
-30.5
-51.0
-37.0
-14.25
-12.875
-28.375
-50.5
-47.125
-40.25
-56.875
-47.125
-32.5
-40.25
-33.0
-32.0
-41.875
-45.25
-35.75
-36.375
-48.25
-33.25
-25.625
-33.375
-38.25
-37.75
-28.125
-35.375
-38.875
-29.0
-48.625
-59.125
-46.375
-36.0
-22.0
-12.125
-14.875
-29.0
-26.625
-39.625
-54.625
-35.125
-43.75
-39.5
-12.625
-22.375
-36.5
-37.75
-37.5
-40.0
-39.0
-26.0
-17.375
-27.875
-29.125
-30.875
-42.125
-30.25
-23.375
-29.25
-26.375
-40.5
-38.75
-20.5
-30.375
-35.0
-31.5
-27.75
-24.125
-25.875
-32.75
-31.125
-9.75
-24.125
-37.875
-11.5
-0.375
-25.875
-52.625
-22.75
-6.5
-32.25
-22.5
-15.75
-30.0
-14.375
-13.375
-38.375
-34.25
-30.625
-41.875
-41.25
-42.5
-37.375
-21.875
-28.5
-31.25
-41.75
-50.75
-30.875
-33.25
-43.25
-42.375
-41.375
-25.75
-20.625
-33.375
-28.875
-18.125
-25.125
-42.625
-49.875
-55.375
-47.25
-14.75
-5.875
-12.5
-26.25
-55.5
-45.625
-17.375
-18.5
-15.625
-21.125
-32.125
-31.25
-26.625
-21.875
-14.5
-9.0
-18.75
-22.125
-16.125
-11.875
-6.25
-20.75
-35.625
-20.875
-1.375
5.125
-7.375
-16.25
-7.625
-4.875
-16.125
-21.375
-11.75
-7.875
-8.0
-3.0
-9.125
-17.875
-12.75
3.5
1.25
-19.75
-13.875
0.875
-10.625
-17.125
-22.75
-35.25
-20.0
-0.375
4.75
-3.875
-33.375
-19.25
3.375
-16.625
-16.25
-13.875
-18.0
-29.125
-49.625
-34.5
-17.875
-34.125
-35.375
-30.125
-42.75
-28.5
-20.375
-22.375
-26.25
-37.0
-38.125
-36.0
-28.125
-33.625
-29.0
-24.875
-52.0
-49.5
-42.25
-45.75
-18.625
-15.625
-35.0
-38.375
-32.25
-16.375
-26.875
-36.125
-23.0
-40.5
-46.75
-24.875
-25.5
-34.875
-21.0
-19.875
-42.125
-43.875
-46.875
-43.75
-26.875
-32.75
-35.875
-30.875
-30.25
-40.5
-42.625
-25.75
-19.625
-27.625
-38.25
-39.0
-47.625
-38.625
-27.25
-43.75
-40.25
-53.25
-54.5
-20.25
-33.0
-39.5
-25.375
-42.5
-36.25
-19.75
-38.0
-44.625
-32.875
-20.25
-19.375
-40.0
-48.0
-44.5
-40.375
-28.0
-33.125
-33.125
-33.0
-51.625
-46.125
-37.125
-51.0
-49.75
-31.625
-28.5
-33.75
-46.375
-38.125
-22.625
-36.0
-39.875
-29.125
-25.625
-24.0
-25.75
-35.875
-30.375
-19.125
-24.125
-24.25
-19.75
-27.75
-41.375
-42.5
-27.625
-18.5
-30.5
-34.875
-31.625
-37.75
-21.875
0.5
-4.5
-19.375
-24.5
-19.375
-12.375
-12.25
-13.75
-9.625
-13.25
-17.25
-11.0
-19.125
-35.625
-20.25
-8.0
-16.25
-26.0
-30.5
-16.5
-4.625
-14.625
-26.0
-26.25
-34.5
-39.25
-42.0
-44.25
-29.625
-28.25
-33.0
-33.375
-38.875
-29.0
-28.5
-46.5
-46.75
-43.375
-50.0
-50.75
-45.5
-31.375
-30.25
-46.875
-35.375
-29.75
-64.375
-49.75
-13.25
-15.0
-21.5
-32.875
-49.5
-52.125
-35.875
-43.5
-56.375
-50.125
-54.875
-46.375
-29.875
-38.75
-39.75
-21.5
-23.25
-29.125
-38.25
-51.125
-42.0
-34.125
-40.375
-45.375
-46.875
-31.75
-22.625
-44.5
-54.125
-50.0
-44.25
-31.0
-33.375
-41.125
-39.75
-35.0
-34.0
-48.25
-40.5
-16.75
-30.125
-40.125
-26.5
-24.25
-24.5
-25.75
-30.375
-30.75
-27.25
-21.25
-32.75
-51.625
-43.25
-32.25
-30.625
-31.625
-39.5
-34.5
-27.0
-26.0
-25.625
-24.25
-7.0
-0.5
-3.0
-9.25
-26.75
-26.875
-28.875
-28.375
-22.875
-36.25
-40.125
-36.125
-31.625
-20.875
-6.625
-1.375
-19.5
-35.125
-26.0
-8.5
-9.25
-20.0
-18.25
-22.125
-27.25
-16.125
-15.0
-31.25
-49.375
-51.0
-22.875
-15.625
-36.25
-33.25
-21.375
-46.625
-57.5
-9.0
-13.25
-55.125
-40.75
-17.625
-22.0
-32.5
-39.5
-30.5
-18.5
-29.375
-35.125
-27.875
-27.0
-29.125
-33.125
-26.0
-28.125
-49.0
-54.75
-60.375
-53.125
-38.875
-36.875
-34.5
-49.25
-57.125
-35.125
-20.125
-35.125
-46.625
-47.25
-50.875
-47.25
-47.625
-58.0
-63.5
-53.75
-48.375
-52.0
-51.375
-50.625
-57.125
-60.5
-51.25
-50.25
-47.875
-46.875
-45.375
-39.875
-39.375
-34.0
-40.625
-42.125
-34.875
-35.125
-36.125
-39.0
-38.375
-36.625
-54.125
-50.625
-32.75
-50.625
-58.75
-52.25
-27.625
-6.75
-19.0
-34.5
-33.5
-30.375
-28.25
-22.875
-37.5
-39.125
-29.75
-26.625
-22.375
-38.5
-55.375
-43.375
-28.0
-17.25
-23.0
-52.5
-51.25
-27.375
-37.625
-50.875
-47.375
-45.625
-36.125
-37.25
-46.875
-49.75
-47.5
-44.625
-41.625
-38.5
-37.0
-45.625
-65.5
-57.625
-46.375
-53.875
-52.25
-56.0
-74.125
-88.625
-70.5
-57.5
-74.25
-73.5
-60.5
-62.375
-67.875
-59.5
-56.0
-64.875
-59.25
-57.75
-64.5
-68.5
-72.5
-65.75
-65.875
-64.625
-65.0
-69.375
-47.5
-27.75
-58.875
-84.375
-68.5
-61.875
-57.0
-59.5
-83.0
-79.25
-44.875
-50.0
-92.125
-87.125
-51.0
-57.125
-81.25
-83.375
-63.375
-58.875
-68.0
-59.375
-61.25
-84.125
-70.75
-56.375
-85.375
-71.125
-36.625
-48.125
-53.25
-50.375
-55.25
-53.75
-59.5
-50.875
-42.5
-50.25
-67.25
-79.5
-63.625
-49.875
-50.375
-48.875
-47.75
-47.125
-60.375
-67.875
-52.0
-51.125
-60.75
-51.75
-45.5
-43.125
-35.625
-47.125
-62.75
-49.875
-44.75
-51.625
-38.0
-46.125
-59.875
-46.125
-48.125
-50.375
-42.375
-50.25
-61.875
-61.875
-46.625
-29.875
-41.25
-68.875
-64.375
-49.5
-68.0
-79.5
-74.875
-74.25
-59.5
-59.375
-70.5
-72.125
-81.875
-65.5
-56.75
-73.125
-67.5
-67.75
-71.75
-75.5
-68.25
-46.125
-37.75
-43.25
-48.0
-39.75
-49.25
-64.875
-38.625
-42.5
-51.0
-26.625
-22.0
-40.25
-51.75
-29.625
-15.0
-28.125
-29.125
-17.875
-21.25
-20.875
-15.5
-31.0
-45.5
-23.5
-18.0
-29.625
-15.5
-8.25
-21.75
-29.25
-28.0
-28.0
-31.5
-32.125
-21.0
-34.875
-38.0
-1.5
1.375
-14.25
-20.125
-26.875
-17.75
-18.375
-24.875
-24.375
-50.0
-37.625
-2.25
-10.625
-28.25
-36.0
-21.375
-23.125
-48.625
-26.25
-10.125
-35.625
-46.25
-45.125
-33.625
-40.5
-37.375
-13.0
-28.75
-43.625
-52.75
-45.375
-26.75
-31.125
-20.875
-32.75
-55.5
-51.75
-38.5
-48.625
-70.0
-54.75
-34.0
-25.75
-30.375
-53.125
-50.25
-40.25
-54.625
-47.25
-42.375
-53.375
-49.625
-46.5
-43.5
-40.875
-49.75
-61.0
-53.625
-44.375
-49.875
-57.0
-56.375
-59.0
-66.375
-50.625
-34.125
-40.375
-62.875
-73.875
-54.75
-48.125
-53.625
-48.375
-58.875
-72.875
-60.125
-45.75
-54.25
-65.25
-64.625
-71.375
-82.875
-66.25
-50.375
-64.75
-69.125
-49.75
-43.25
-62.125
-61.125
-61.0
-62.75
-46.125
-48.125
-51.0
-62.375
-78.625
-67.0
-51.0
-53.5
-57.25
-55.25
-69.375
-71.625
-60.875
-50.875
-45.75
-60.75
-66.125
-51.5
-55.75
-73.875
-71.125
-54.5
-63.0
-77.75
-61.125
-62.25
-85.5
-83.375
-64.75
-67.25
-72.5
-46.375
-48.0
-68.375
-54.625
-59.875
-79.0
-67.875
-57.875
-68.5
-72.75
-62.25
-65.0
-78.25
-74.125
-75.875
-80.75
-61.0
-69.0
-89.375
-56.75
-46.625
-74.75
-58.875
-38.5
-42.875
-43.625
-52.375
-49.5
-38.25
-48.75
-56.75
-44.625
-44.75
-47.75
-50.75
-57.625
-58.875
-77.25
-86.25
-78.0
-64.25
-61.5
-91.875
-95.125
-68.0
-58.875
-64.125
-63.625
-68.125
-71.25
-56.375
-58.25
-64.625
-63.5
-71.0
-57.25
-48.625
-55.25
-47.375
-45.75
-44.375
-44.875
-61.0
-69.625
-52.5
-49.625
-57.875
-40.875
-34.0
-45.0
-41.5
-36.75
-51.375
-52.25
-43.125
-42.5
-40.25
-54.375
-64.25
-46.75
-43.5
-62.0
-51.75
-31.125
-52.625
-61.5
-41.125
-39.875
-37.75
-30.625
-35.625
-38.625
-37.0
-42.125
-47.375
-39.125
-34.5
-45.375
-47.0
-45.75
-51.125
-50.125
-39.875
-52.75
-55.625
-31.375
-57.75
-70.125
-33.625
-33.5
-59.25
-58.0
-42.875
-50.0
-55.25
-43.25
-45.375
-42.875
-43.125
-61.125
-58.75
-57.5
-79.25
-68.625
-44.625
-61.0
-82.625
-71.0
-39.0
-43.625
-86.75
-79.875
-54.75
-68.125
-61.0
-42.25
-59.5
-68.625
-59.25
-64.375
-74.5
-76.25
-51.625
-43.25
-70.0
-72.125
-57.75
-56.0
-57.875
-69.25
-71.75
-61.5
-61.5
-68.625
-82.0
-81.0
-54.75
-46.375
-58.0
-54.25
-56.5
-66.375
-58.625
-46.375
-52.125
-67.5
-74.0
-68.5
-67.875
-78.125
-93.0
-83.5
-60.75
-64.25
-76.375
-70.25
-62.0
-75.0
-70.125
-54.625
-39.125
-38.875
-64.25
-67.25
-62.625
-58.25
-60.0
-61.5
-58.625
-77.375
-87.0
-68.75
-53.625
-59.125
-73.375
-64.0
-48.75
-50.125
-57.5
-72.125
-73.375
-56.5
-45.375
-57.5
-70.125
-54.0
-40.25
-52.875
-60.625
-65.0
-71.75
-67.375
-61.125
-61.5
-71.75
-72.5
-68.125
-75.5
-67.625
-59.125
-62.625
-72.875
-62.25
-40.625
-49.75
-68.75
-58.75
-50.375
-62.875
-63.0
-47.25
-54.75
-80.875
-71.875
-77.5
-92.125
-82.5
-95.125
-92.125
-71.0
-78.375
-82.375
-66.625
-58.75
-72.25
-72.625
-43.125
-35.5
-49.125
-47.0
-61.375
-74.125
-48.125
-36.75
-59.125
-55.25
-41.25
-50.25
-50.125
-42.375
-53.0
-68.25
-51.75
-23.375
-35.375
-52.375
-43.625
-44.75
-44.25
-22.125
-5.875
-13.875
-22.75
-27.125
-27.625
-27.0
-40.625
-39.875
-17.5
-14.25
-21.5
-17.75
-16.875
-26.0
-23.25
-22.875
-26.625
-16.0
-27.375
-41.25
-19.375
-5.625
-29.5
-35.5
-23.375
-29.875
-25.5
-14.625
-17.875
-28.5
-29.5
-28.25
-34.375
-38.375
-37.125
-34.0
-38.125
-40.0
-28.625
-37.0
-55.25
-42.75
-35.875
-51.0
-51.0
-31.625
-27.625
-39.375
-37.375
-30.875
-44.75
-47.625
-37.125
-49.5
-46.25
-31.125
-42.25
-49.125
-37.25
-46.125
-58.0
-41.75
-39.75
-49.125
-49.75
-49.125
-52.75
-61.125
-47.875
-33.625
-57.125
-58.5
-33.875
-42.625
-61.875
-58.375
-41.375
-37.25
-46.75
-41.75
-39.375
-51.125
-58.25
-55.625
-53.375
-50.5
-39.75
-48.75
-54.375
-38.5
-46.5
-54.125
-28.625
-17.75
-35.375
-47.0
-41.375
-33.25
-33.875
-52.125
-61.375
-43.75
-37.875
-43.5
-43.5
-42.0
-30.5
-27.75
-42.875
-33.625
-31.0
-43.0
-33.125
-38.375
-40.375
-30.25
-39.5
-36.625
-36.375
-49.125
-45.25
-39.25
-27.75
-23.75
-30.5
-33.0
-36.875
-28.75
-26.25
-37.375
-47.0
-44.25
-37.0
-45.125
-44.25
-24.375
-39.25
-49.75
-19.5
-13.125
-32.375
-32.375
-22.0
-31.5
-30.375
-29.0
-41.125
-50.75
-50.0
-39.875
-42.375
-42.375
-41.5
-43.875
-44.25
-67.625
-72.375
-35.125
-28.75
-51.75
-62.5
-60.375
-47.5
-44.375
-53.375
-60.75
-57.25
-46.5
-42.625
-47.625
-44.0
-55.375
-67.5
-38.75
-26.375
-35.125
-41.25
-69.875
-61.375
-36.5
-40.375
-46.625
-72.375
-73.125
-51.25
-48.75
-47.0
-42.125
-47.125
-49.375
-45.875
-51.625
-53.875
-45.375
-46.875
-41.625
-42.375
-59.375
-47.75
-37.25
-35.125
-38.5
-45.25
-33.5
-29.5
-37.875
-34.375
-32.625
-39.375
-36.125
-41.5
-53.25
-41.625
-31.5
-40.25
-40.5
-49.375
-45.25
-28.375
-36.5
-29.5
-20.25
-32.875
-37.375
-33.75
-33.375
-41.125
-35.25
-31.25
-41.75
-45.125
-43.125
-40.375
-55.125
-61.75
-43.25
-36.375
-49.0
-51.25
-41.0
-56.25
-60.625
-42.875
-51.625
-45.75
-47.875
-69.75
-57.875
-62.625
-62.0
-31.875
-46.75
-68.375
-55.875
-42.75
-43.75
-51.625
-52.5
-61.375
-62.5
-52.125
-53.625
-50.625
-59.625
-65.625
-44.25
-45.75
-56.625
-62.5
-71.625
-81.25
-67.0
-35.0
-46.375
-43.75
-26.25
-33.25
-43.75
-49.5
-53.375
-47.5
-34.875
-45.25
-44.875
-27.5
-28.25
-48.0
-62.0
-52.625
-47.625
-56.375
-60.375
-49.875
-35.5
-55.125
-51.625
-25.625
-44.375
-54.875
-48.25
-42.625
-44.25
-49.75
-42.0
-40.25
-34.25
-30.625
-48.875
-59.375
-55.25
-48.75
-41.0
-36.625
-41.5
-46.375
-42.25
-52.375
-69.375
-46.875
-28.625
-50.25
-45.875
-22.875
-27.125
-41.375
-39.375
-41.125
-40.75
-19.625
-21.875
-25.625
-23.75
-37.5
-32.875
-23.75
-23.375
-23.0
-29.0
-33.625
-30.375
-23.25
-33.125
-47.375
-32.375
-29.125
-38.625
-31.75
-26.75
-23.625
-29.0
-37.125
-37.125
-38.625
-40.125
-37.375
-25.25
-24.0
-34.75
-37.5
-36.125
-45.0
-45.125
-37.25
-48.75
-55.75
-50.625
-59.5
-63.875
-43.125
-35.375
-43.875
-57.875
-56.375
-34.875
-38.125
-57.25
-61.75
-51.625
-46.0
-57.0
-58.875
-50.875
-67.5
-62.75
-44.0
-53.875
-54.125
-63.0
-92.25
-93.625
-47.0
-47.0
-67.5
-36.5
-39.0
-59.0
-61.0
-63.125
-68.875
-71.875
-64.0
-50.25
-55.875
-55.75
-45.0
-69.5
-69.5
-42.875
-59.0
-75.25
-65.0
-49.375
-46.375
-53.375
-60.625
-66.625
-62.0
-56.5
-55.625
-56.375
-59.75
-66.125
-58.75
-52.875
-68.0
-61.125
-41.0
-29.875
-33.625
-56.75
-69.125
-53.125
-46.5
-62.375
-53.0
-53.375
-71.125
-62.125
-55.25
-46.375
-45.875
-52.875
-51.25
-60.375
-60.625
-50.5
-45.125
-62.25
-86.875
-67.125
-54.25
-58.25
-51.75
-49.125
-35.625
-38.5
-56.25
-47.25
-38.625
-57.0
-43.625
-41.0
-71.875
-74.125
-76.75
-69.125
-62.875
-75.375
-74.625
-73.875
-56.625
-56.0
-73.875
-85.125
-75.0
-33.5
-35.625
-61.5
-66.75
-59.75
-57.75
-64.75
-50.25
-48.625
-59.0
-47.25
-59.75
-60.25
-26.125
-30.625
-43.875
-18.25
-7.25
-25.625
-34.0
-20.75
-23.75
-38.375
-27.875
-22.0
-23.125
-16.625
-6.0
-9.125
-21.75
-14.75
-17.375
-36.625
-27.5
-4.625
-2.75
-18.75
-33.25
-17.875
-3.0
-14.75
-22.125
-30.0
-21.0
-2.0
-12.375
-28.5
-31.75
-20.625
-20.25
-16.875
-16.625
-43.125
-37.25
-23.375
-23.625
-19.125
-31.625
-48.125
-52.625
-44.625
-44.375
-44.5
-40.625
-44.125
-42.5
-40.75
-49.125
-66.0
-84.375
-70.25
-34.25
-33.875
-52.875
-48.375
-34.375
-43.625
-49.25
-65.25
-77.375
-51.0
-46.875
-67.5
-67.25
-58.5
-61.75
-65.625
-66.75
-52.25
-39.75
-52.875
-64.125
-74.25
-69.125
-44.75
-46.125
-56.125
-61.5
-68.125
-61.375
-57.0
-70.625
-79.25
-60.625
-55.75
-62.75
-53.5
-54.375
-59.5
-75.0
-74.875
-48.5
-48.0
-53.25
-50.25
-62.125
-77.0
-74.125
-53.125
-36.875
-49.625
-69.375
-62.5
-48.25
-45.875
-43.625
-54.125
-62.5
-48.625
-43.75
-46.375
-56.0
-70.375
-62.0
-57.375
-61.5
-38.75
-29.625
-53.0
-61.0
-50.625
-44.625
-32.25
-38.25
-58.875
-41.75
-35.625
-52.125
-46.5
-31.75
-34.25
-41.0
-32.25
-23.125
-34.75
-46.125
-35.875
-49.25
-55.375
-36.75
-33.875
-38.125
-50.875
-51.75
-32.125
-20.125
-36.0
-48.5
-37.875
-33.625
-37.0
-35.5
-49.125
-47.25
-30.25
-35.125
-47.75
-54.125
-60.0
-57.5
-40.625
-44.5
-45.75
-57.0
-71.25
-41.125
-33.875
-43.125
-29.5
-29.0
-34.875
-35.75
-37.625
-43.25
-46.875
-46.75
-38.5
-32.25
-54.625
-54.75
-33.75
-43.625
-53.875
-49.5
-44.0
-39.25
-39.75
-42.625
-50.625
-43.375
-35.25
-45.25
-43.875
-54.25
-63.375
-47.25
-51.625
-48.375
-40.25
-57.75
-58.0
-67.5
-67.875
-40.875
-47.375
-62.75
-56.125
-56.375
-58.0
-45.0
-44.25
-53.375
-40.125
-20.25
-23.625
-45.0
-46.25
-42.5
-48.375
-27.875
-24.875
-23.5
-24.75
-27.875
-22.125
-23.5
-1.375
11.5
4.75
-4.0
-5.875
-6.375
-5.875
-9.125
-10.875
1.75
1.0
-12.5
-14.125
-16.375
-27.875
-14.75
0.0
-13.25
-27.5
-28.375
-32.625
-39.0
-10.625
4.75
-4.25
-10.5
-27.375
-21.625
0.625
5.375
0.625
-9.625
-20.0
-11.125
-11.375
-27.25
-18.875
-35.125
-54.375
-42.125
-42.625
-28.25
-13.625
-24.125
-41.125
-42.625
-32.75
-33.375
-35.875
-32.75
-30.375
-47.0
-65.75
-40.0
-25.25
-37.25
-37.0
-40.375
-53.625
-60.875
-61.375
-73.0
-60.25
-44.875
-44.125
-46.625
-61.625
-65.125
-45.75
-46.25
-54.75
-48.375
-53.5
-60.75
-55.25
-38.5
-30.5
-41.125
-64.375
-57.625
-40.375
-43.125
-47.375
-62.25
-54.375
-41.625
-43.25
-34.375
-34.125
-47.5
-53.875
-43.0
-37.0
-40.5
-44.5
-51.375
-49.75
-38.0
-41.875
-48.25
-40.875
-49.375
-48.625
-37.75
-43.375
-42.25
-38.25
-52.375
-52.625
-41.125
-53.625
-60.0
-51.0
-40.125
-35.0
-51.125
-60.75
-42.625
-31.375
-52.75
-55.25
-36.125
-52.625
-66.875
-52.625
-53.5
-56.375
-55.75
-61.875
-46.375
-33.5
-40.375
-49.75
-57.625
-64.875
-56.75
-51.625
-61.25
-50.25
-49.0
-50.875
-42.75
-26.875
-38.875
-63.375
-54.125
-56.625
-54.75
-37.75
-36.625
-47.75
-56.375
-49.5
-37.75
-41.875
-46.625
-54.125
-66.25
-57.875
-43.0
-44.875
-58.125
-57.875
-50.375
-50.625
-57.125
-60.125
-55.875
-58.375
-44.375
-42.25
-58.125
-55.625
-56.5
-65.0
-56.0
-52.875
-55.625
-33.5
-41.0
-52.375
-37.875
-57.375
-76.375
-55.125
-41.375
-56.5
-75.5
-80.25
-64.125
-62.0
-77.375
-64.25
-58.125
-87.875
-85.875
-46.5
-49.375
-75.375
-60.75
-52.125
-59.25
-54.625
-44.875
-39.75
-51.625
-51.625
-47.875
-49.375
-41.25
-34.0
-32.125
-28.125
-24.625
-35.625
-32.75
-25.375
-35.125
-24.875
-18.75
-34.625
-33.25
-22.125
-30.125
-30.625
-31.0
-40.0
-19.375
-13.625
-28.125
-22.375
-17.375
-19.125
-22.0
-30.25
-36.375
-42.5
-47.25
-30.375
-21.25
-36.0
-49.5
-38.125
-32.5
-49.375
-53.375
-32.5
-28.625
-43.125
-38.375
-35.5
-38.125
-39.375
-48.625
-53.5
-37.75
-41.75
-44.0
-26.875
-34.5
-36.25
-28.125
-29.125
-26.625
-36.375
-53.125
-55.25
-56.875
-53.0
-36.75
-42.0
-52.75
-60.0
-66.0
-63.375
-74.625
-78.625
-90.125
-88.0
-64.75
-57.5
-56.125
-53.125
-50.75
-56.75
-53.25
-41.875
-44.75
-53.25
-39.75
-46.5
-79.0
-66.625
-51.625
-55.625
-47.75
-51.5
-60.0
-58.25
-56.375
-67.25
-68.5
-56.125
-51.75
-53.125
-52.0
-63.0
-72.75
-57.375
-59.75
-74.25
-55.125
-26.875
-35.5
-45.75
-41.125
-55.0
-67.375
-57.625
-39.75
-36.875
-46.875
-46.625
-48.625
-44.625
-32.875
-36.375
-37.875
-38.75
-50.5
-49.5
-43.375
-52.0
-49.625
-34.875
-39.0
-53.625
-50.5
-38.5
-29.25
-30.75
-58.75
-66.625
-44.125
-34.0
-24.875
-26.125
-41.0
-51.25
-46.0
-36.625
-52.625
-65.25
-54.0
-46.375
-47.0
-49.625
-56.75
-55.125
-41.875
-39.0
-36.625
-29.25
-34.125
-44.125
-43.5
-40.875
-47.75
-52.125
-55.75
-58.625
-42.625
-45.0
-57.125
-56.375
-54.0
-34.0
-22.125
-29.5
-30.125
-30.0
-38.75
-37.0
-17.375
-12.0
-31.25
-34.375
-30.25
-33.25
-28.5
-35.25
-51.875
-42.375
-33.75
-50.375
-59.125
-53.875
-50.125
-47.375
-45.125
-37.875
-27.25
-33.375
-47.375
-36.125
-15.625
-34.875
-57.0
-43.375
-36.0
-43.625
-41.375
-39.0
-51.375
-41.125
-29.0
-38.75
-42.5
-38.0
-34.375
-55.875
-58.375
-33.375
-35.25
-29.625
-21.125
-38.0
-34.625
-32.375
-36.25
-33.625
-44.125
-39.5
-27.75
-29.375
-39.75
-49.0
-43.875
-35.625
-39.375
-37.625
-31.125
-40.25
-54.0
-56.75
-52.75
-45.25
-59.875
-76.5
-52.375
-50.5
-77.875
-67.125
-37.5
-36.875
-39.0
-33.625
-43.625
-47.375
-38.25
-40.25
-27.25
-25.75
-34.75
-14.5
-14.25
-30.5
-16.375
-3.625
-17.125
-24.875
-18.125
-13.625
-16.0
-12.0
-0.375
-2.0
-11.125
-3.25
-1.75
-22.0
-23.25
-5.25
-11.375
-38.25
-16.0
12.125
-6.0
-7.0
0.0
-10.75
-10.0
1.375
-10.75
-16.75
-6.625
-7.25
-9.25
-13.5
-14.375
-8.0
-13.25
-17.625
-14.375
-26.375
-38.875
-21.125
-7.625
-23.75
-39.25
-28.5
-11.125
-14.125
-26.875
-37.75
-32.75
-21.75
-13.875
-12.5
-31.375
-38.125
-28.25
-24.625
-21.125
-30.125
-40.375
-37.75
-33.5
-43.0
-33.5
-19.25
-38.25
-41.375
-36.75
-52.375
-44.0
-35.375
-33.625
-35.25
-50.125
-42.125
-36.875
-55.875
-63.5
-62.875
-54.75
-46.625
-61.375
-55.375
-46.25
-48.0
-46.625
-40.75
-39.375
-60.875
-61.5
-28.625
-27.875
-39.125
-41.25
-66.5
-63.875
-44.375
-50.125
-36.875
-33.5
-52.5
-40.75
-33.625
-43.75
-47.625
-38.375
-35.125
-42.75
-39.0
-37.875
-38.875
-37.25
-53.875
-56.875
-29.0
-33.625
-49.5
-46.375
-50.625
-47.0
-38.875
-30.375
-14.0
-13.875
-26.5
-27.125
-23.875
-24.875
-20.25
-21.375
-30.5
-36.625
-35.875
-19.25
-19.125
-33.0
-17.875
-19.875
-27.625
-23.125
-32.125
-29.75
-9.375
-13.25
-19.75
-6.625
-17.875
-16.375
-11.25
-24.25
-19.5
-26.5
-37.5
-18.375
-26.25
-45.5
-15.625
-2.0
-25.375
-39.75
-22.0
-0.5
-10.25
-18.375
-16.75
-23.0
-23.0
-17.75
-35.0
-46.875
-33.625
-27.375
-39.375
-39.375
-28.75
-27.875
-19.625
-13.5
-33.75
-40.5
-20.5
-21.125
-32.25
-36.625
-41.625
-41.375
-35.75
-46.0
-53.125
-41.75
-32.0
-35.125
-45.75
-42.625
-41.125
-39.5
-27.625
-35.25
-47.75
-40.0
-37.375
-34.125
-39.875
-63.125
-48.5
-26.625
-40.0
-47.5
-40.0
-34.125
-43.25
-47.625
-35.25
-19.625
-10.625
-24.375
-34.875
-20.75
-18.625
-37.375
-49.625
-39.875
-27.125
-35.875
-50.25
-56.875
-39.75
-21.875
-39.25
-44.5
-21.625
-26.125
-26.625
-21.5
-31.875
-26.25
-23.125
-31.125
-32.125
-39.125
-51.625
-35.625
-30.875
-39.5
-31.875
-30.75
-49.125
-58.375
-33.75
-25.75
-34.25
-30.125
-24.0
-21.75
-35.25
-48.75
-33.875
-30.25
-33.5
-28.875
-42.0
-43.25
-28.125
-38.0
-63.5
-56.75
-62.125
-60.625
-23.625
-18.125
-27.75
-41.5
-41.0
-37.0
-39.75
-29.75
-33.5
-32.625
-34.125
-50.75
-43.25
-34.75
-49.25
-50.625
-38.25
-38.75
-45.875
-58.5
-64.375
-43.0
-18.25
-21.625
-28.125
-19.625
-25.875
-25.25
-14.875
-22.75
-27.25
-26.875
-35.25
-40.625
-44.375
-54.25
-55.75
-57.875
-72.625
-56.0
-52.875
-74.75
-50.875
-34.5
-50.625
-53.5
-42.5
-42.25
-42.5
-39.625
-39.625
-51.0
-62.125
-47.0
-34.75
-44.75
-47.25
-40.625
-38.0
-39.25
-47.875
-37.625
-39.0
-46.125
-14.125
1.25
-17.0
-22.875
-10.75
-12.75
-20.125
-20.875
-17.125
-19.125
-35.75
-24.875
-8.875
-21.625
-27.0
-17.5
-7.375
-2.25
-12.75
-14.875
-5.25
-29.375
-43.0
-24.25
-22.375
-32.0
-25.0
-20.75
-24.625
-23.375
-24.625
-34.5
-35.875
-34.625
-35.625
-19.75
-18.375
-24.0
-22.375
-26.625
-39.125
-40.625
-41.375
-67.375
-51.0
-22.875
-42.625
-46.75
-39.5
-45.625
-45.125
-26.875
-20.375
-34.875
-24.625
-21.625
-42.125
-51.75
-42.875
-27.625
-40.75
-52.75
-45.625
-44.125
-55.25
-57.625
-37.625
-38.25
-48.875
-44.375
-53.375
-59.125
-41.625
-57.625
-79.125
-55.875
-47.25
-59.5
-52.25
-59.875
-62.875
-47.5
-54.375
-60.375
-65.0
-59.375
-47.625
-57.375
-56.125
-44.0
-48.25
-66.375
-87.5
-70.125
-47.625
-45.625
-43.625
-49.875
-41.0
-42.5
-48.5
-33.625
-32.25
-42.25
-39.25
-28.125
-29.375
-35.5
-30.0
-29.375
-35.625
-32.25
-32.5
-51.125
-66.25
-60.5
-45.5
-40.0
-34.25
-24.125
-34.875
-44.5
-25.625
-31.375
-35.75
-19.75
-32.0
-29.625
-19.375
-27.25
-34.25
-38.75
-35.75
-26.625
-25.75
-34.875
-41.0
-40.5
-21.625
-24.25
-53.0
-45.375
-41.375
-57.5
-60.25
-27.25
-5.25
-25.875
-37.75
-43.0
-48.375
-39.0
-37.375
-39.375
-42.5
-40.75
-29.25
-30.625
-43.0
-42.25
-46.75
-53.125
-45.375
-37.25
-20.75
-27.875
-42.625
-45.0
-37.75
-38.75
-51.625
-41.875
-36.125
-38.375
-44.875
-43.625
-33.25
-45.875
-54.0
-51.0
-50.0
-35.375
-41.75
-56.625
-44.625
-41.75
-46.5
-32.5
-25.625
-44.25
-48.25
-41.0
-30.875
-22.25
-24.125
-33.875
-34.75
-31.875
-46.0
-52.375
-32.25
-27.625
-58.25
-50.5
-21.75
-33.625
-34.75
-27.625
-32.875
-23.75
-22.875
-24.625
-21.125
-26.75
-32.375
-43.0
-48.375
-34.5
-24.0
-31.0
-28.625
-23.25
-35.0
-26.375
-23.25
-58.625
-54.25
-25.375
-32.5
-49.375
-51.625
-33.5
-19.0
-24.125
-34.375
-34.0
-31.25
-33.0
-35.75
-40.75
-44.75
-27.5
-20.75
-42.0
-46.875
-49.25
-43.75
-51.125
-49.875
-19.75
-32.0
-37.125
-27.0
-39.0
-44.5
-41.75
-44.25
-38.125
-35.625
-44.5
-37.5
-35.75
-37.375
-32.75
-31.75
-35.25
-45.875
-33.875
-18.875
-32.625
-42.625
-31.875
-22.625
-21.75
-20.625
-18.875
-17.25
-26.25
-31.375
-18.75
-16.5
-33.5
-49.75
-61.25
-60.625
-53.5
-64.125
-73.25
-51.875
-37.125
-46.0
-47.375
-42.125
-52.125
-60.875
-49.25
-33.875
-38.0
-43.5
-32.25
-28.5
-41.5
-44.875
-24.625
-12.25
-20.75
-29.0
-38.0
-44.0
-25.75
-18.375
-26.0
-10.5
-3.875
-21.5
-27.625
-24.375
-27.5
-19.0
-10.0
-8.5
-15.0
-16.75
-12.125
-32.625
-39.75
-35.125
-41.75
-25.875
-17.0
-24.875
-14.75
-6.5
-11.875
-25.25
-27.25
-6.5
-7.125
-27.75
-30.0
-18.875
-11.375
-10.375
-15.25
-19.75
-15.625
-18.75
-27.0
-38.0
-53.875
-52.625
-39.625
-37.125
-13.625
-3.375
-37.375
-41.375
-21.5
-18.125
-26.0
-28.125
-25.5
-35.625
-35.25
-29.0
-35.625
-45.375
-36.0
-20.625
-35.25
-42.0
-41.625
-37.25
-29.625
-31.625
-29.375
-36.375
-36.875
-29.0
-36.125
-44.75
-48.875
-40.125
-38.375
-49.125
-40.125
-44.0
-49.875
-38.375
-25.25
-31.5
-47.5
-29.625
-17.0
-35.875
-38.75
-21.5
-30.25
-54.25
-55.625
-58.75
-54.875
-40.25
-50.5
-52.0
-55.625
-59.5
-43.5
-45.375
-47.5
-40.125
-33.375
-49.25
-58.125
-14.875
-6.125
-37.25
-49.25
-35.75
-13.0
-22.125
-41.625
-48.125
-42.875
-28.75
-29.75
-48.25
-48.625
-18.0
-35.375
-65.625
-22.25
-7.5
-25.625
-25.5
-26.75
-22.5
-36.75
-53.875
-39.0
-21.375
-27.5
-40.875
-39.375
-28.5
-24.125
-35.125
-32.0
-17.125
-28.75
-45.625
-43.125
-33.25
-22.875
-23.875
-27.75
-34.5
-45.125
-39.625
-36.625
-42.75
-50.375
-43.875
-27.625
-33.125
-43.625
-28.875
-22.5
-48.5
-58.875
-36.125
-32.125
-42.375
-52.75
-49.375
-28.0
-27.5
-31.875
-45.25
-53.0
-44.625
-46.0
-41.625
-52.5
-59.25
-34.125
-32.0
-48.875
-49.625
-50.25
-68.875
-71.875
-44.75
-34.25
-35.5
-40.0
-54.75
-55.125
-47.0
-43.125
-59.5
-60.375
-52.125
-72.125
-66.25
-53.75
-57.25
-60.125
-75.5
-54.25
-32.0
-58.375
-65.375
-56.5
-57.625
-52.0
-50.625
-47.875
-46.125
-54.75
-53.75
-44.25
-43.375
-46.0
-39.625
-47.25
-38.0
-29.375
-38.875
-31.625
-36.125
-45.75
-43.625
-47.0
-34.5
-14.75
-14.0
-19.875
-26.0
-43.875
-44.25
-23.25
-30.375
-40.125
-26.0
-16.875
-21.125
-27.5
-29.5
-28.0
-34.75
-26.375
-30.875
-50.5
-29.5
-20.25
-36.5
-37.5
-50.375
-43.625
-3.0
-4.0
-31.0
-33.375
-24.875
-19.875
-25.75
-35.75
-36.0
-33.375
-37.0
-41.75
-36.875
-50.375
-54.75
-35.0
-39.375
-30.875
-17.5
-30.875
-34.875
-33.25
-56.875
-61.375
-28.625
-42.5
-54.875
-38.625
-41.875
-44.625
-51.375
-51.25
-44.375
-50.5
-57.375
-57.125
-41.875
-26.875
-32.75
-46.25
-53.25
-49.75
-36.75
-21.5
-28.625
-44.875
-56.125
-64.0
-48.625
-38.375
-35.375
-19.875
-25.25
-35.0
-33.625
-44.0
-55.375
-76.875
-71.625
-17.0
-5.25
-6.625
-17.5
-43.125
-31.875
-32.375
-49.25
-44.0
-32.75
-38.75
-43.25
-38.625
-48.0
-55.25
-52.75
-55.375
-46.875
-43.125
-43.125
-30.75
-35.75
-46.25
-36.875
-41.25
-42.375
-33.25
-57.375
-58.125
-20.625
-17.625
-31.875
-31.75
-38.125
-42.625
-38.0
-37.75
-26.75
-14.125
-18.125
-22.25
-31.125
-22.25
-7.625
-20.25
-28.5
-35.625
-25.5
-10.625
-27.875
-43.375
-27.375
-6.25
-12.25
-20.625
-22.75
-38.625
-39.25
-26.125
-38.375
-36.875
-24.25
-36.5
-29.125
-16.375
-31.625
-24.375
-22.875
-43.625
-34.0
-11.0
-17.25
-26.75
-19.625
-17.75
-30.75
-43.875
-33.625
-37.0
-56.125
-45.125
-36.875
-40.25
-52.0
-67.0
-51.0
-41.375
-42.25
-39.25
-43.0
-46.5
-39.0
-34.375
-46.25
-53.125
-50.5
-47.75
-44.125
-41.625
-43.875
-41.75
-39.125
-46.25
-58.625
-58.625
-49.625
-48.25
-56.5
-49.875
-21.25
-22.875
-45.875
-44.75
-32.75
-32.125
-36.0
-35.75
-40.875
-68.125
-63.75
-42.0
-48.125
-22.5
-7.625
-13.75
-22.75
-48.875
-49.25
-29.375
-21.0
-28.25
-30.25
-22.125
-22.125
-30.375
-32.75
-41.375
-45.0
-27.625
-19.625
-24.0
-20.5
-24.5
-24.125
-20.0
-22.875
-35.375
-56.375
-40.625
-21.5
-46.625
-48.5
-29.375
-29.375
-33.125
-48.5
-49.375
-35.25
-39.125
-42.375
-52.25
-62.875
-39.0
-35.25
-55.75
-41.0
-24.125
-32.0
-31.375
-41.5
-51.75
-35.75
-40.0
-52.75
-58.125
-55.625
-38.125
-48.25
-55.125
-28.375
-20.375
-32.5
-40.5
-32.625
-28.25
-32.75
-28.125
-32.5
-32.125
-23.625
-22.875
-48.0
-49.0
-26.75
-39.875
-47.25
-43.125
-42.25
-44.875
-58.625
-47.625
-25.25
-45.375
-62.0
-41.5
-22.875
-14.875
-36.375
-58.625
-42.375
-26.75
-31.625
-34.125
-35.625
-47.5
-40.625
-36.25
-49.25
-56.125
-53.75
-38.5
-44.5
-57.75
-55.125
-51.625
-33.875
-22.125
-42.125
-51.125
-33.25
-26.625
-33.125
-37.125
-36.375
-34.125
-35.375
-41.375
-47.125
-41.75
-32.25
-45.125
-50.5
-37.625
-31.875
-36.625
-35.875
-25.5
-30.5
-37.375
-35.5
-43.5
-34.875
-17.5
-35.25
-63.5
-55.75
-30.125
-23.25
-29.875
-30.5
-30.5
-49.5
-56.125
-32.125
-16.5
-27.75
-28.25
-19.125
-24.875
-33.875
-27.75
-23.5
-44.5
-48.5
-33.625
-41.5
-55.625
-31.5
-17.375
-38.875
-47.5
-36.5
-32.75
-42.25
-36.125
-36.75
-44.0
-38.75
-25.375
-18.375
-19.25
-28.125
-47.375
-46.375
-33.75
-43.5
-58.75
-46.75
-27.375
-31.625
-41.75
-45.0
-50.875
-46.75
-32.0
-32.625
-44.625
-37.125
-22.125
-33.0
-44.25
-34.875
-36.25
-32.375
-25.625
-27.75
-16.25
-15.25
-24.125
-36.75
-42.75
-34.125
-42.375
-56.0
-45.5
-44.75
-44.875
-33.0
-49.875
-59.25
-33.75
-37.875
-48.125
-40.75
-39.75
-20.75
-23.125
-45.875
-44.25
-22.375
-7.25
-17.5
-32.5
-30.75
-19.0
-20.0
-34.0
-33.75
-4.875
4.0
-16.375
-11.0
-1.125
-15.875
-18.0
-3.0
2.75
1.5
-1.25
-3.25
-1.25
-13.625
-30.5
-10.125
8.75
3.25
-4.625
-13.125
-21.0
-11.0
12.625
6.75
-7.0
2.875
13.75
3.75
-4.5
2.125
4.875
-8.75
-9.25
0.625
-4.625
-4.0
-0.875
6.25
1.0
-15.375
-5.5
4.0
-10.5
1.0
18.625
-7.0
-5.875
10.25
-5.875
-1.0
9.375
-1.375
-11.125
0.25
-1.125
-14.0
2.5
-6.5
-16.5
1.625
-3.375
-13.875
-18.625
-8.375
5.125
-7.5
-29.625
-40.625
-25.375
-20.375
-30.375
-15.875
-5.75
-13.625
-18.75
-26.5
-32.875
-31.0
-33.75
-26.875
-13.0
-21.75
-20.75
-4.625
-7.375
-27.875
-34.375
-23.5
-21.25
-22.75
-25.625
-32.125
-28.75
-24.375
-25.875
-35.375
-49.375
-31.125
-15.625
-19.375
-12.875
-25.75
-26.375
-16.125
-30.875
-28.625
-20.75
-25.0
-29.25
-38.625
-30.5
-11.75
-8.25
-16.0
-21.75
-20.0
-11.625
-10.625
-21.0
-28.875
-21.75
-14.75
-31.5
-23.625
-2.5
-10.5
-19.375
-20.625
-20.625
-30.0
-26.875
-18.0
-26.375
-15.5
-10.75
-19.125
-29.25
-33.375
-28.625
-38.875
-25.0
-14.75
-40.5
-46.625
-24.25
-25.875
-53.25
-46.5
-35.5
-54.0
-47.75
-30.0
-28.625
-24.25
-32.875
-45.5
-41.0
-34.125
-26.625
-35.75
-50.75
-41.5
-20.25
-35.125
-51.125
-32.875
-44.0
-49.125
-29.0
-33.875
-32.75
-34.5
-51.625
-43.125
-33.875
-33.625
-29.75
-37.375
-42.625
-33.5
-26.0
-31.75
-31.25
-11.125
-16.125
-29.25
-21.25
-26.875
-44.875
-51.375
-41.875
-38.5
-45.25
-47.625
-34.75
-23.375
-23.625
-38.5
-47.125
-32.5
-37.375
-52.625
-63.5
-41.25
-3.625
-19.25
-40.625
-34.875
-29.5
-35.75
-43.875
-43.75
-32.375
-28.125
-34.875
-35.125
-39.375
-37.375
-25.5
-26.75
-23.5
-19.0
-27.75
-24.125
-8.625
-14.375
-30.5
-18.25
-4.0
-5.25
3.25
16.0
4.5
-15.0
-2.75
-0.125
-1.625
10.25
2.0
3.0
13.75
13.375
13.0
28.75
31.375
8.625
13.0
18.0
17.625
48.625
48.125
31.25
27.5
3.0
6.0
24.625
22.25
5.0
2.25
19.0
17.375
12.875
11.625
4.625
5.125
18.125
16.375
18.5
37.875
32.375
18.375
19.125
33.75
44.375
33.125
41.5
46.875
36.875
46.625
45.875
34.625
52.25
55.5
47.375
55.625
50.625
57.375
51.875
43.0
54.625
52.0
55.875
48.75
41.75
55.125
54.125
42.75
47.625
57.375
47.625
47.125
65.0
54.25
40.875
60.75
68.375
36.5
19.75
37.0
48.0
46.75
47.5
49.25
33.125
28.875
42.75
32.125
23.375
23.0
15.375
37.125
20.125
-10.5
11.25
28.875
31.25
25.5
30.25
23.875
22.375
31.875
24.875
13.75
7.5
6.75
9.5
14.625
15.625
15.0
8.625
1.25
0.25
15.625
2.25
-23.5
6.75
10.625
1.625
19.125
14.5
-1.375
-3.875
6.625
6.25
-3.0
-6.875
-3.625
2.125
-2.25
-0.25
-2.875
-16.125
-4.625
-0.875
-5.625
-8.75
-28.5
-14.25
19.5
7.0
-3.5
12.625
10.625
-7.125
-12.25
-11.875
-11.75
-3.875
-8.625
-20.5
-9.875
1.0
-7.875
-4.125
-4.0
-18.375
-18.375
-32.875
-45.0
-20.875
-20.125
-16.875
5.25
-5.125
-17.25
-15.5
-18.5
-23.625
-17.125
-14.125
-19.125
-18.625
-17.375
-13.5
-15.875
-13.5
-21.5
-43.375
-28.625
-14.25
-28.0
-32.25
-31.125
-31.375
-32.0
-27.75
-25.375
-34.25
-29.25
-9.875
-11.875
-27.875
-22.875
-16.75
-19.875
-30.25
-31.375
-17.375
-22.125
-30.75
-22.5
-21.875
-28.0
-37.125
-25.75
-11.875
-13.125
-7.625
-12.75
-8.25
-2.25
-11.75
-37.375
-39.875
-5.125
1.375
-13.5
-18.25
-13.625
-22.0
-34.375
-19.25
-13.0
-40.5
-46.125
-13.625
-13.125
-25.75
-29.75
-26.0
-16.25
-29.25
-25.375
-27.75
-51.375
-35.5
-20.375
-17.375
-20.25
-25.125
-35.375
-39.875
-15.0
-33.75
-40.25
-7.25
-5.125
-18.875
-23.875
-29.375
-34.875
-16.0
-2.875
-25.875
-36.625
-27.625
-17.375
-21.5
-49.375
-43.5
-25.75
-26.5
-23.0
-9.875
4.5
-25.375
-39.625
-9.625
-12.5
-17.875
-11.125
-8.5
0.75
3.625
-4.75
0.5
1.5
-14.5
-14.0
-5.125
-1.875
-0.75
9.375
14.0
-4.25
-8.375
-3.875
-15.75
0.0
38.5
27.0
13.625
20.75
14.0
19.75
11.875
4.625
8.875
7.375
15.875
23.75
26.625
22.125
37.0
52.0
35.0
16.75
22.875
26.875
43.375
67.75
40.375
32.5
69.625
75.125
64.375
67.875
54.5
52.25
69.625
64.875
62.125
60.875
57.0
52.125
40.5
47.375
55.25
59.875
64.25
46.0
37.5
64.75
74.875
63.75
61.375
70.625
66.0
54.5
54.75
40.0
42.875
61.25
55.125
29.125
24.75
31.625
31.0
28.125
4.625
2.5
10.5
-16.25
-26.875
6.0
15.5
-8.5
-9.375
-15.0
-28.5
-25.375
-24.875
-28.25
-35.625
-44.375
-36.375
-37.625
-60.375
-58.25
-60.0
-74.875
-68.75
-63.625
-60.25
-57.25
-68.625
-70.625
-66.125
-62.0
-61.75
-79.0
-78.125
-63.5
-53.75
-63.375
-79.25
-80.0
-70.125
-69.375
-88.875
-85.125
-73.5
-79.0
-79.5
-83.875
-82.875
-77.625
-84.0
-81.25
-75.375
-83.375
-84.125
-82.125
-74.0
-75.0
-82.375
-76.0
-82.0
-79.625
-87.125
-101.25
-83.0
-70.25
-91.625
-95.0
-71.375
-61.75
-63.125
-71.625
-74.375
-85.75
-103.375
-82.875
-68.625
-75.5
-74.5
-76.75
-65.25
-70.125
-91.375
-88.375
-82.375
-94.25
-83.875
-80.5
-94.0
-77.125
-84.25
-102.5
-85.375
-72.75
-87.875
-83.5
-72.125
-77.5
-80.25
-75.25
-76.75
-94.125
-107.875
-90.25
-65.0
-82.0
-100.625
-90.625
-78.875
-79.0
-87.25
-99.0
-89.5
-69.25
-95.0
-105.625
-76.375
-81.125
-86.125
-78.0
-86.375
-88.375
-85.625
-89.25
-91.875
-88.75
-80.625
-68.5
-73.25
-96.25
-104.375
-90.5
-71.875
-83.625
-89.875
-73.375
-77.25
-99.125
-98.625
-78.75
-74.375
-77.125
-88.25
-94.125
-83.0
-77.625
-92.625
-90.625
-84.5
-90.0
-80.75
-77.0
-88.0
-121.375
-115.125
-59.0
-54.0
-73.5
-67.5
-63.0
-75.5
-77.25
-80.875
-80.625
-62.125
-67.625
-82.5
-89.75
-67.75
-58.125
-79.375
-68.75
-52.25
-69.875
-72.25
-53.0
-62.875
-68.375
-57.125
-66.875
-58.0
-38.875
-52.625
-61.375
-51.0
-52.125
-39.0
-26.125
-29.25
-19.375
-33.625
-43.5
-28.0
-17.0
-22.375
-40.75
-24.25
7.25
12.75
1.5
-6.125
2.0
5.75
-0.25
7.625
26.875
35.5
31.5
20.375
26.625
37.125
34.0
24.625
8.0
9.75
33.0
40.375
38.125
34.875
27.375
30.25
31.625
44.0
53.25
29.75
25.5
38.875
33.875
23.125
4.25
8.25
19.5
14.75
24.75
27.5
16.5
12.375
5.0
4.75
23.125
24.25
5.5
-2.375
0.875
3.0
2.25
0.25
13.125
-7.375
-32.625
-7.5
-9.625
-26.25
2.5
11.875
-10.5
-10.625
-1.375
-5.875
-20.875
-21.625
-26.625
-28.375
-7.0
-6.0
-13.25
-6.625
-15.375
-21.625
-13.75
-13.125
-20.125
-28.625
-30.875
-28.125
-19.375
-16.75
-33.0
-36.0
-28.5
-26.75
-37.625
-55.375
-26.625
-4.875
-26.0
-29.0
-19.25
-13.375
-21.625
-29.375
-14.0
-21.125
-36.25
-24.25
-32.625
-46.25
-40.25
-49.875
-73.625
-75.125
-58.5
-58.875
-63.375
-60.5
-59.75
-55.875
-66.875
-67.25
-29.625
-28.0
-45.75
-39.0
-33.375
-39.75
-48.5
-43.75
-41.75
-53.125
-63.5
-62.875
-51.375
-32.875
-31.625
-35.5
-26.875
-23.25
-32.0
-41.125
-36.25
-37.125
-33.125
-13.0
-19.0
-23.625
-21.0
-32.25
-38.5
-42.0
-39.375
-31.125
-41.125
-46.125
-18.375
-17.375
-31.625
-29.375
-22.625
-26.875
-38.625
-40.75
-43.375
-30.0
-22.75
-29.125
-26.0
-26.5
-26.625
-26.875
-33.75
-41.125
-39.375
-36.125
-39.625
-45.25
-43.875
-44.375
-48.0
-48.5
-56.0
-57.375
-48.0
-48.5
-58.875
-56.5
-67.5
-60.625
-21.875
-21.0
-47.875
-74.5
-60.125
-33.25
-47.75
-58.125
-51.25
-53.625
-57.25
-50.75
-49.125
-67.625
-81.0
-70.375
-66.75
-68.0
-66.625
-72.875
-71.125
-55.25
-48.125
-59.875
-74.125
-63.375
-42.375
-51.75
-51.75
-48.375
-63.25
-52.5
-42.125
-48.75
-54.25
-63.75
-66.75
-53.625
-43.125
-50.125
-60.125
-78.75
-71.375
-26.5
-30.875
-48.125
-32.75
-33.5
-39.0
-37.0
-47.625
-55.0
-42.625
-36.875
-46.75
-52.875
-52.0
-46.25
-31.875
-44.25
-52.375
-27.125
-45.25
-48.375
-20.75
-29.375
-42.625
-37.375
-22.0
-28.875
-40.625
-42.125
-31.25
-23.375
-34.125
-34.625
-38.25
-42.375
-41.5
-33.25
-23.875
-33.75
-41.25
-35.75
-35.0
-36.25
-45.625
-63.125
-52.75
-32.75
-46.875
-45.5
-23.75
-28.0
-27.125
-23.125
-36.0
-40.625
-37.375
-32.5
-33.0
-34.0
-25.875
-22.5
-34.625
-52.0
-56.25
-48.375
-30.875
-33.0
-56.125
-45.375
-26.625
-30.625
-24.125
-17.625
-31.25
-40.25
-35.75
-36.75
-37.375
-34.0
-35.125
-29.625
-36.375
-44.875
-44.0
-47.5
-41.125
-29.75
-48.125
-61.625
-42.0
-34.625
-23.0
-20.125
-22.375
-19.5
-30.625
-32.25
-29.375
-36.625
-40.0
-41.75
-39.5
-45.5
-53.125
-37.5
-38.75
-58.875
-50.125
-43.875
-73.75
-55.125
-12.875
-29.375
-33.125
-29.25
-40.25
-34.125
-26.375
-35.75
-34.25
-18.75
-24.0
-26.875
-22.625
-23.25
-20.25
-31.75
-32.5
-23.25
-27.0
-26.625
-40.5
-47.5
-18.25
-1.5
-18.875
-28.5
-20.25
-13.5
-19.5
-24.0
-14.875
-13.625
-26.875
-31.625
-16.375
-3.5
-16.875
-29.0
-24.5
-32.25
-32.0
-19.375
-26.375
-22.0
-10.625
-6.5
-11.5
-15.375
-10.375
-14.625
-19.75
-18.625
-14.5
-17.75
-25.0
-33.375
-40.0
-47.625
-35.125
-0.125
-6.625
-27.875
-26.375
-27.0
-24.0
-21.25
-48.0
-59.875
-19.875
-8.875
-34.0
-24.875
-7.0
-21.75
-50.0
-45.875
-24.625
-37.875
-44.625
-25.5
-31.375
-48.125
-48.375
-41.5
-37.0
-40.5
-29.625
-20.875
-24.5
-24.875
-47.625
-42.875
-21.625
-22.375
-12.0
-19.375
-34.875
-20.25
-14.375
-31.25
-24.75
-21.0
-35.5
-32.375
-27.25
-23.5
-25.125
-26.0
-36.875
-39.875
-38.5
-58.0
-34.875
-30.75
-43.375
-34.625
-37.875
-21.875
-6.25
-19.375
-32.875
-22.375
-14.0
-19.5
-22.5
-32.0
-36.375
-41.0
-36.5
-16.375
-33.875
-48.125
-23.875
-17.5
-28.5
-30.25
-22.375
-17.75
-22.125
-21.5
-29.125
-32.25
-20.75
-18.625
-38.75
-49.75
-31.75
-40.625
-63.75
-43.0
-34.0
-52.25
-39.375
-17.125
-26.0
-34.125
-23.625
-26.125
-34.75
-39.25
-32.0
-23.25
-36.75
-46.125
-39.5
-33.125
-43.875
-59.875
-57.375
-52.5
-50.25
-45.0
-50.25
-45.625
-38.0
-39.125
-32.625
-37.0
-48.625
-48.375
-35.5
-38.625
-50.875
-47.75
-45.875
-51.5
-54.375
-49.5
-47.625
-49.75
-51.0
-54.25
-61.75
-53.375
-29.125
-33.125
-57.625
-50.125
-32.875
-44.875
-47.125
-32.375
-29.25
-40.125
-46.5
-46.5
-38.875
-34.875
-51.875
-59.75
-51.25
-41.375
-43.5
-48.625
-50.25
-53.25
-51.25
-46.75
-49.875
-52.875
-48.625
-51.625
-58.5
-60.875
-51.625
-44.875
-53.375
-62.0
-63.0
-65.375
-50.0
-40.875
-76.875
-72.875
-40.0
-49.625
-66.375
-54.625
-53.75
-63.75
-38.625
-39.75
-55.5
-48.5
-51.125
-43.25
-36.0
-45.125
-45.375
-58.625
-80.125
-67.125
-57.5
-65.5
-58.625
-44.875
-46.5
-62.0
-53.125
-49.125
-70.625
-59.25
-48.375
-52.5
-34.5
-35.25
-61.0
-55.5
-39.125
-42.5
-66.875
-60.125
-43.375
-63.875
-64.5
-65.0
-76.375
-66.0
-34.375
-42.375
-75.0
-68.25
-57.0
-66.875
-61.0
-51.75
-55.25
-61.0
-77.5
-66.5
-57.125
-74.25
-63.875
-49.5
-60.5
-79.625
-72.25
-50.125
-65.5
-80.5
-67.125
-62.75
-69.375
-74.5
-72.75
-66.25
-85.375
-88.875
-75.125
-75.5
-48.625
-46.75
-67.625
-59.0
-50.75
-51.625
-71.0
-75.375
-48.5
-51.375
-61.75
-55.25
-61.75
-79.125
-63.625
-45.75
-71.625
-69.375
-53.375
-66.75
-69.25
-60.125
-51.75
-42.25
-39.5
-57.875
-64.625
-50.875
-65.625
-77.375
-62.875
-55.875
-69.25
-75.75
-56.125
-57.875
-71.5
-52.375
-52.125
-67.125
-56.625
-49.125
-54.875
-69.25
-85.5
-69.875
-62.5
-73.5
-63.0
-55.25
-63.125
-64.0
-68.25
-60.875
-53.5
-65.625
-58.875
-46.0
-52.875
-52.875
-56.0
-73.25
-72.375
-67.125
-56.875
-59.5
-69.25
-56.375
-52.0
-58.375
-62.5
-73.375
-61.5
-57.5
-68.375
-57.25
-63.75
-68.25
-44.125
-37.625
-74.375
-87.875
-49.5
-33.125
-60.25
-71.625
-48.375
-46.875
-62.875
-65.625
-60.5
-69.5
-79.5
-75.375
-72.0
-55.75
-50.125
-56.875
-56.75
-56.5
-58.25
-54.5
-54.375
-59.875
-71.25
-77.25
-58.875
-46.625
-52.375
-57.625
-69.75
-73.5
-63.875
-66.5
-60.5
-49.5
-47.125
-51.5
-54.625
-35.25
-38.875
-74.875
-66.625
-47.75
-49.375
-39.625
-44.625
-49.125
-37.0
-41.375
-52.5
-48.5
-47.25
-47.25
-49.5
-53.875
-52.0
-40.75
-17.375
-44.5
-56.625
-30.875
-41.875
-45.125
-32.375
-35.625
-42.125
-33.25
-39.5
-48.875
-41.375
-49.125
-49.25
-42.125
-57.5
-58.375
-48.625
-45.25
-64.0
-75.875
-49.125
-49.875
-53.0
-50.0
-65.0
-53.0
-41.625
-62.25
-84.25
-78.75
-59.625
-60.75
-65.0
-58.875
-64.875
-70.0
-68.125
-62.625
-46.0
-58.5
-63.5
-43.25
-56.0
-72.75
-79.5
-74.0
-63.75
-63.875
-65.5
-64.5
-52.375
-51.75
-67.75
-70.75
-66.875
-64.25
-58.0
-61.875
-58.25
-55.0
-52.25
-49.375
-67.875
-75.0
-66.0
-74.375
-65.75
-57.25
-80.75
-64.375
-45.75
-55.875
-51.625
-58.75
-74.625
-58.5
-33.125
-43.375
-55.0
-45.875
-65.125
-81.375
-49.75
-46.5
-70.875
-71.625
-56.0
-61.75
-66.625
-50.5
-61.125
-58.625
-52.5
-75.25
-80.875
-61.875
-57.5
-87.5
-72.75
-34.25
-48.375
-58.0
-57.125
-63.5
-63.0
-64.375
-77.625
-72.375
-68.5
-85.125
-71.625
-46.25
-43.75
-55.875
-62.125
-62.375
-61.5
-72.375
-81.625
-65.375
-58.875
-70.375
-79.625
-64.875
-57.375
-71.75
-62.875
-61.25
-70.25
-70.375
-65.5
-61.25
-64.125
-65.0
-70.125
-65.125
-56.875
-63.375
-76.75
-71.875
-56.0
-57.875
-52.125
-48.375
-49.375
-45.5
-49.625
-53.5
-60.75
-73.125
-78.0
-70.375
-69.125
-52.125
-46.0
-65.875
-64.375
-64.75
-73.625
-86.875
-93.0
-68.125
-60.125
-68.75
-73.25
-82.375
-79.625
-89.25
-88.125
-79.375
-78.375
-66.0
-64.625
-71.25
-84.5
-81.5
-58.625
-70.625
-83.375
-65.25
-59.75
-68.25
-77.5
-72.875
-62.125
-65.5
-62.75
-66.75
-72.875
-69.5
-63.375
-63.125
-65.25
-55.5
-67.875
-83.875
-76.5
-79.125
-79.625
-76.375
-73.125
-76.75
-89.25
-70.125
-55.0
-63.625
-69.75
-68.625
-64.75
-71.875
-81.75
-78.375
-59.875
-63.75
-77.25
-74.75
-80.25
-81.625
-76.0
-81.625
-84.625
-79.5
-81.25
-79.25
-74.75
-76.125
-89.125
-97.0
-94.625
-92.25
-77.875
-68.625
-77.75
-88.875
-89.875
-89.625
-87.125
-84.375
-95.625
-119.375
-106.625
-75.875
-85.0
-88.5
-70.0
-70.5
-91.375
-100.5
-91.375
-87.25
-98.5
-103.875
-98.875
-94.125
-90.75
-105.375
-105.25
-85.5
-92.5
-117.875
-121.625
-100.875
-84.75
-86.625
-91.625
-90.875
-104.875
-106.125
-101.0
-107.875
-105.125
-108.5
-111.875
-101.125
-102.875
-112.625
-99.125
-88.375
-95.875
-94.0
-97.125
-99.5
-97.875
-109.375
-100.875
-79.375
-90.375
-105.875
-87.0
-82.0
-94.125
-89.5
-89.25
-84.0
-77.75
-100.375
-112.625
-94.375
-92.375
-93.875
-94.5
-110.875
-105.0
-88.375
-96.75
-103.875
-97.625
-87.375
-86.625
-91.375
