-35.25
-9.0
5.125
6.125
10.75
8.5
4.5
9.375
14.625
16.75
15.75
12.0
10.0
12.5
12.5
10.375
11.875
7.5
4.125
9.625
9.125
8.5
8.625
0.875
1.25
10.0
8.5
4.875
7.875
8.0
5.375
4.5
7.25
11.0
7.625
-3.0
-12.125
-10.125
-7.625
-12.125
-6.125
-4.0
-9.375
-18.625
-26.5
-13.375
8.875
23.0
24.25
13.0
0.625
1.25
4.25
0.625
2.375
13.625
18.875
18.625
18.875
14.5
6.125
1.5
-0.25
-4.25
-1.625
2.25
-5.5
-11.125
-10.125
-14.25
-11.875
-7.25
-13.5
-14.5
-3.75
7.625
14.875
18.25
18.125
18.625
14.125
1.125
-4.0
3.625
6.5
9.0
14.875
11.125
6.75
6.25
-0.125
0.25
8.75
9.875
8.5
8.375
5.875
-1.75
-11.125
-12.75
-3.75
3.625
-0.625
-3.375
6.5
14.125
1.75
-21.0
-18.875
-0.875
-11.125
-19.5
1.875
15.75
14.5
10.375
6.625
9.375
16.375
18.875
15.5
15.125
13.25
6.625
5.0
6.5
4.0
5.0
11.5
10.75
6.75
6.125
2.375
-3.125
-8.75
-12.25
-5.0
4.625
12.25
15.125
14.625
18.0
17.75
5.75
-12.75
-9.875
4.875
7.375
10.5
20.0
25.5
17.625
3.625
2.5
10.125
11.75
11.75
8.5
3.625
4.625
6.125
2.875
2.625
8.125
11.5
11.5
14.5
7.375
-24.625
-35.0
-8.25
15.875
23.125
17.375
6.75
0.75
2.625
3.375
0.375
-0.375
-2.625
-9.0
-8.375
-5.5
-9.625
-16.25
-17.375
-8.625
7.25
16.25
13.5
13.125
13.5
9.125
2.125
-6.125
-7.375
-8.5
-20.625
-18.75
4.25
7.5
1.0
7.875
8.75
5.5
7.25
0.0
-9.75
-6.75
-2.75
-2.0
0.375
-10.875
-19.5
-0.125
19.25
22.25
17.625
9.875
-0.625
-3.875
-4.5
-7.625
-0.75
10.125
9.75
-1.375
-2.125
3.875
0.625
-5.5
-9.375
-18.5
-24.125
-15.5
-10.125
-9.25
-3.75
-0.625
5.0
6.625
-8.875
-6.125
6.25
-1.375
2.5
14.5
13.5
9.0
8.375
9.5
7.5
2.875
0.25
1.0
1.875
0.875
4.125
9.875
10.625
0.375
-9.75
-5.125
0.75
-17.875
-41.125
-31.375
-8.875
11.5
21.25
14.25
9.125
9.0
12.375
18.125
20.5
16.75
13.0
13.625
13.875
11.0
1.375
-1.125
5.0
3.75
2.625
2.0
-3.25
-5.625
-6.625
-7.375
-2.75
2.625
3.75
-5.875
-12.875
-3.5
5.5
11.625
12.625
4.0
-0.625
2.125
0.0
-12.375
-19.5
-9.0
-0.125
1.875
2.75
0.0
-0.375
2.5
6.25
7.625
8.25
4.25
-4.375
-4.0
1.25
-5.375
-15.875
-10.125
-0.375
4.0
0.625
-23.75
-39.25
-21.125
2.0
8.75
7.625
7.5
8.25
7.75
2.625
0.375
2.625
-11.25
-22.625
-10.375
2.125
5.125
-0.25
-4.375
4.0
15.0
20.875
11.125
-1.5
-3.5
-6.875
-2.25
5.125
6.125
11.125
12.5
8.25
8.25
14.75
16.375
-1.375
-3.5
8.5
-0.25
-3.625
3.75
7.125
8.375
9.125
5.75
-2.5
-3.0
2.375
3.875
0.25
-5.625
-16.875
-24.0
-22.875
-25.75
-19.125
-1.625
17.75
23.875
18.625
17.75
8.75
0.75
5.25
11.75
15.75
14.875
10.5
7.625
7.875
7.125
6.75
8.625
0.75
-17.125
-25.125
-18.0
-1.75
12.5
15.25
11.0
7.125
-6.375
-30.875
-29.5
-6.625
5.25
10.625
12.25
11.375
11.125
10.75
10.0
9.0
8.5
5.75
4.5
9.125
4.0
-5.75
-2.5
-7.25
-17.75
-13.375
-4.375
-7.125
-16.125
-11.375
-1.25
2.875
2.625
-12.875
-26.375
-15.75
4.875
19.125
17.625
10.125
9.25
4.5
-2.75
-2.375
-3.5
-9.375
-11.125
-2.875
3.5
-4.375
-7.0
-3.75
-16.0
-19.875
-8.875
-7.5
3.125
15.25
12.375
11.5
14.0
14.75
10.875
7.375
8.5
9.25
5.875
-3.75
-7.0
0.75
5.875
2.0
-4.625
-4.625
-4.375
-1.25
4.5
8.75
13.875
6.0
-11.0
-8.625
4.75
6.75
3.625
-0.5
-6.0
-11.125
-15.75
-16.0
-14.75
-16.625
-15.25
-7.875
-16.875
-36.5
-27.25
-7.375
-9.5
-14.75
-9.125
-6.0
-3.5
2.0
0.875
-0.25
9.25
14.125
7.875
2.75
1.5
2.5
3.125
-1.875
-0.5
10.625
8.75
-1.5
-1.75
3.875
4.5
-8.875
-12.25
1.125
3.25
-7.625
-14.75
-11.875
-6.625
-0.875
2.375
3.875
4.125
7.875
13.75
13.625
6.75
-3.5
-0.125
8.875
8.375
9.5
8.875
2.375
-1.25
-14.875
-38.5
-35.125
-5.375
0.75
-17.25
-19.125
-0.25
15.125
16.5
12.875
12.125
11.125
8.875
8.125
8.0
6.75
1.25
0.875
6.375
6.0
-2.125
-11.0
-21.625
-29.375
-19.5
-8.375
-7.0
-6.625
-6.125
-2.625
-1.625
-7.125
-7.0
-3.5
-3.25
0.125
3.875
2.875
-1.5
-1.625
-2.125
-13.5
-17.875
-4.0
8.375
-3.75
-19.625
-11.625
0.5
2.0
1.25
0.375
-9.75
-14.875
-3.5
5.25
9.25
-0.75
-20.875
-15.75
-1.375
4.875
10.125
5.375
-0.375
-5.625
-16.0
-13.25
-3.25
-4.375
-7.125
-7.625
-7.875
-10.25
-10.875
-2.25
-5.5
-18.5
-12.625
2.75
14.625
21.875
18.875
8.375
3.875
4.875
3.75
0.375
-3.5
-7.0
-11.375
-11.625
-3.0
4.5
5.875
8.0
8.0
3.375
2.25
4.375
2.75
4.125
6.375
-3.25
-10.125
-7.0
-6.375
2.5
6.625
-3.75
-6.125
-11.625
-21.25
-24.875
-19.5
8.375
29.625
27.25
22.875
21.125
13.0
1.875
1.0
0.375
-0.375
3.75
0.25
-6.375
-3.625
4.875
10.625
9.375
-1.625
-18.875
-15.375
8.375
19.75
14.75
8.375
5.25
1.875
0.625
2.5
5.375
8.25
9.375
7.75
5.25
3.25
-11.5
-28.5
-16.625
2.125
9.25
13.875
13.75
13.0
11.25
4.875
0.625
-3.5
-29.0
-44.875
-21.375
7.0
23.125
26.75
21.625
15.75
10.125
6.375
6.5
0.25
-8.0
-4.0
-4.5
-9.5
-2.625
3.25
-0.75
0.375
9.125
11.25
3.5
1.25
8.125
4.5
-8.125
-12.875
-5.625
5.375
8.625
13.875
19.25
12.625
5.125
-0.625
-6.875
-8.125
-2.875
2.375
6.125
9.5
10.75
6.75
3.5
4.25
-2.875
-6.375
3.375
9.125
7.875
3.0
-4.5
-22.125
-28.875
-6.875
9.5
14.25
13.875
4.0
2.25
6.125
1.375
-3.25
-2.25
1.875
3.375
-4.625
-11.25
-9.625
-4.75
4.25
6.125
-3.625
-12.25
-7.375
2.625
5.75
0.125
-10.875
-8.5
2.25
8.25
10.875
7.875
1.25
2.5
9.75
14.25
12.625
5.5
1.125
3.5
5.625
3.125
1.0
2.5
-4.125
-10.875
-4.25
-1.875
-6.125
-6.375
-3.25
-4.0
-7.25
-3.25
-3.25
-10.5
-10.5
-3.75
1.75
6.375
3.75
-2.0
1.75
5.625
6.625
10.5
13.125
12.125
8.0
3.875
3.625
-12.5
-34.5
-21.125
6.625
16.625
8.75
9.875
14.375
4.375
-0.5
-2.875
-4.25
5.5
16.875
14.25
7.125
4.625
-5.375
-14.875
-6.875
4.5
5.875
6.875
11.125
14.625
11.0
1.5
2.5
10.625
11.625
10.5
10.125
7.375
1.75
-3.625
-3.75
-3.0
-3.75
-1.5
0.125
-1.875
2.125
9.75
11.375
10.75
7.375
6.25
9.5
6.75
13.375
19.75
15.5
13.0
9.875
6.375
0.625
-15.875
-37.625
-37.125
-13.875
10.0
18.125
8.25
2.375
5.0
9.25
18.0
25.125
25.375
22.875
22.875
17.5
5.125
3.375
10.25
14.5
16.0
13.375
8.875
7.375
7.25
6.75
8.125
5.875
-4.875
-9.0
-5.0
-2.125
0.125
3.5
11.875
12.5
9.125
9.125
1.75
-7.125
1.0
16.125
16.5
12.5
8.25
-1.25
-2.875
2.5
6.375
11.25
13.875
13.625
11.375
1.875
-7.25
-11.625
-12.625
-14.875
-24.125
-17.375
7.375
21.875
21.75
16.75
4.625
-8.75
-1.875
10.125
10.625
8.0
6.125
7.125
8.875
10.75
8.75
5.75
3.625
3.125
9.125
16.625
14.125
-0.5
-6.375
-5.375
-10.375
-12.125
-11.0
-10.75
-7.875
-2.625
0.25
2.0
2.875
1.625
0.25
0.125
-0.375
-0.625
-1.5
-2.75
0.375
3.875
-4.125
-17.875
-19.375
-8.375
-14.875
-52.5
-62.0
-27.5
-0.375
3.875
-0.375
-14.75
-31.0
-31.25
-16.625
5.375
10.875
3.125
-4.375
-9.625
-13.0
-17.5
-21.125
-23.375
-24.25
-26.75
-34.75
-34.5
-27.375
-22.75
-10.5
1.75
5.75
3.0
0.5
4.75
3.5
2.5
10.25
9.75
-2.875
-10.625
-7.25
-4.75
-4.625
-1.375
1.125
2.0
1.125
-0.5
1.375
3.75
-1.375
-12.375
-21.625
-24.25
-14.125
-0.5
-9.5
-35.25
-37.0
-15.5
3.625
16.25
13.25
-2.125
-10.125
-4.5
3.625
5.375
1.5
-5.75
-5.875
-2.375
-7.0
-29.25
-40.5
-21.875
-12.875
-11.375
-11.75
-16.625
-9.75
-5.625
-13.375
-16.75
-14.75
-6.625
-2.875
-16.0
-11.0
2.75
-20.0
-30.75
-5.375
16.0
20.5
15.375
12.25
-1.375
-18.875
-12.625
-2.5
-6.5
-2.375
0.0
-7.625
0.0
15.25
20.625
19.875
16.875
15.125
16.625
16.125
11.5
10.625
13.125
5.125
-6.625
-13.0
-12.125
-2.0
1.875
0.125
0.5
0.875
-7.75
-18.875
-16.875
-14.25
-16.125
-10.75
-2.75
-1.625
-17.875
-30.125
-11.375
9.875
10.5
4.25
1.5
-0.875
-2.125
-3.875
-1.375
-2.25
-10.0
-4.75
5.375
6.5
2.875
-0.75
-6.375
-17.0
-26.0
-25.125
-16.25
-19.375
-24.25
-18.0
-10.75
-6.375
-11.0
-3.875
9.375
4.25
0.375
6.25
11.25
14.5
12.625
10.0
18.875
20.375
12.875
11.625
4.625
2.0
13.25
17.375
13.375
11.875
12.625
13.0
9.75
4.875
-1.0
-8.125
-8.125
-1.375
1.625
-1.75
-7.5
-4.5
-0.75
-4.125
-9.875
-27.625
-29.0
2.625
16.0
9.625
6.875
3.0
1.25
2.0
0.5
-6.625
-14.375
-12.125
-8.125
-10.125
-10.75
-11.125
-17.125
-21.25
-14.875
-9.125
-12.75
-16.625
-16.75
-25.375
-33.375
-23.75
-16.25
-15.375
-12.625
-18.375
-26.0
-22.875
-22.625
-23.875
-16.125
-11.0
-9.0
-7.0
-10.5
-15.125
-15.125
-12.0
-9.0
-7.5
-6.375
-4.875
-7.5
-20.625
-20.375
-0.625
7.75
8.625
6.125
-4.625
-23.0
-25.875
1.5
24.875
24.5
14.0
12.0
16.125
15.0
16.75
22.875
17.25
6.75
8.5
11.125
1.375
-3.625
0.375
1.0
-5.0
-11.5
-11.5
-10.5
-6.5
-0.5
0.375
0.25
-0.125
-0.75
-2.625
-12.0
-12.5
-5.75
-5.5
-0.875
-2.0
-12.625
-15.875
-18.5
-28.25
-28.0
-17.875
-17.5
-25.25
-21.125
-17.875
-20.0
-11.5
-7.0
-9.375
-8.125
-4.625
-2.25
-2.625
-3.0
-3.625
-6.25
-6.625
-6.875
-17.125
-26.5
-22.875
-13.5
-11.375
-19.375
-19.75
-10.5
-5.125
-2.0
-0.375
1.0
3.875
-8.75
-23.75
-9.25
-2.375
-16.375
-3.625
22.875
33.125
30.625
20.625
12.5
12.875
14.25
14.75
14.25
12.5
12.375
11.75
7.375
-1.875
-3.5
5.0
6.375
-0.375
-6.0
-9.375
-16.375
-14.875
-5.375
-2.75
-6.625
-7.625
-0.875
-0.25
-3.0
-2.625
-2.5
-0.875
-1.375
-5.875
-7.5
-16.125
-34.5
-29.75
-7.875
-0.75
-9.125
-17.25
-15.5
-14.375
-22.0
-25.875
-24.125
-25.875
-22.875
-18.75
-16.75
-20.25
-40.375
-45.625
-30.25
-16.25
-1.0
8.0
7.875
8.375
6.625
4.25
5.0
4.75
2.875
-2.5
-8.875
-13.125
-9.375
-1.75
-0.5
0.375
2.75
1.625
4.75
7.625
-11.5
-12.625
10.875
5.25
-1.75
12.375
20.25
17.5
13.25
9.75
2.375
-5.625
-7.75
-4.0
-2.5
-4.0
-2.75
-3.625
-0.625
10.25
1.25
-18.875
-10.125
11.625
20.375
15.875
7.75
-5.125
-10.125
-1.875
0.625
-6.0
-15.375
-14.5
-12.125
-25.375
-33.875
-19.5
-9.125
-11.875
-11.875
-6.25
-0.25
2.0
0.125
-6.375
-9.75
-8.125
-5.0
-10.75
-27.25
-27.75
-16.25
-22.0
-35.5
-33.25
-21.25
-17.25
-17.0
-15.125
-16.875
-16.25
-11.0
-9.125
-8.375
-5.75
-7.125
-12.0
-14.625
-15.375
-17.625
-19.25
-36.625
-67.875
-61.625
-31.125
-10.875
4.75
10.25
11.125
10.5
6.125
-3.125
-10.125
-5.5
4.25
9.125
0.375
-15.375
-17.125
-8.875
-3.25
-0.125
-3.875
-9.625
-9.0
-11.25
-18.875
-17.625
-8.25
-3.5
-6.375
-19.75
-31.0
-22.125
-8.75
-11.875
-14.125
-15.25
-20.75
-17.75
-16.75
-16.5
-17.5
-39.0
-53.125
-35.25
-16.5
-11.125
-11.0
-18.25
-26.25
-23.75
-14.0
-11.0
-18.25
-23.375
-31.375
-38.625
-35.375
-28.375
-20.0
-13.75
-16.5
-28.25
-36.625
-33.25
-26.125
-22.5
-22.75
-26.875
-36.5
-36.75
-27.25
-24.875
-27.875
-31.0
-29.125
-23.625
-25.5
-27.875
-18.0
-22.125
-40.125
-29.5
-15.625
-17.5
-12.875
-7.5
-4.125
-1.125
-4.25
-12.75
-18.25
-18.5
-16.25
-18.0
-12.875
-5.375
-11.125
-17.125
-23.5
-28.5
-20.875
-19.625
-25.5
-18.375
-8.5
-6.375
-9.375
-10.125
-10.25
-14.75
-18.875
-21.375
-22.125
-23.25
-26.375
-29.625
-32.125
-31.75
-30.875
-31.0
-26.625
-20.875
-18.875
-19.25
-19.5
-16.75
-12.5
-9.75
-10.0
-25.75
-37.0
-21.0
-14.75
-25.875
-43.25
-52.625
-36.0
-12.5
-1.375
-2.75
-7.875
-7.5
-6.125
-6.25
-1.125
2.25
0.125
-9.875
-18.0
-13.875
-15.25
-9.625
2.875
-5.25
-9.375
-11.75
-29.375
-27.0
-27.375
-39.625
-25.5
-1.375
16.875
23.125
28.375
31.125
19.0
20.625
26.125
15.375
7.5
2.25
-13.875
-17.75
9.375
18.5
-6.125
-17.25
-13.875
-7.125
22.875
50.625
54.125
43.5
29.875
30.25
39.375
33.125
12.375
15.625
38.5
44.625
44.875
38.375
15.5
3.25
14.0
12.25
-16.875
-23.125
0.75
8.625
-2.375
1.875
16.5
23.375
26.75
15.25
6.25
16.125
17.25
9.875
4.25
0.625
3.625
8.375
6.75
-5.125
-14.875
-12.5
-9.25
-8.625
-9.375
-11.75
-26.125
-38.0
-23.0
-2.625
12.625
7.0
-19.125
-19.125
-0.625
4.75
5.75
5.0
-6.75
-13.25
-7.625
-8.0
-11.0
-4.875
2.625
-2.75
-17.375
-20.875
-11.125
-6.875
-3.375
0.5
1.875
6.25
14.625
17.625
-9.75
-30.375
-6.0
22.25
24.625
5.0
-0.5
10.625
3.125
-6.375
-0.5
0.375
-14.25
-16.875
-8.875
-12.5
-5.875
8.75
9.0
4.0
3.25
3.375
1.625
0.25
-3.25
-19.125
-36.0
-26.75
-7.875
-6.125
-7.0
-0.375
4.0
2.75
-3.875
-10.5
-6.75
6.5
13.375
1.625
-16.25
-19.625
2.25
24.875
22.75
17.125
16.25
10.75
4.625
2.875
3.0
6.625
0.0
-18.25
-18.125
4.625
14.25
-10.25
-23.25
-12.375
-16.5
-20.75
-11.75
-11.375
-22.5
-27.75
-21.5
-10.0
-5.375
-12.0
-10.75
5.875
16.375
0.875
-9.125
0.25
0.875
1.75
4.375
-13.25
-28.5
-14.5
4.875
5.375
-4.375
-7.375
-5.375
-4.375
-6.0
1.25
8.625
1.75
-11.375
-16.625
-8.125
0.5
2.75
3.375
4.25
8.875
5.0
-9.5
-11.5
-1.25
6.0
8.25
8.5
5.625
4.375
1.5
2.125
-0.5
-27.5
-45.25
-22.0
15.0
30.125
24.125
16.375
12.5
9.25
6.5
4.625
-9.875
-17.625
-0.875
7.625
1.375
2.75
8.75
6.875
2.125
3.375
2.5
-7.0
-15.375
-22.375
-32.625
-20.5
-8.125
-15.5
-4.875
3.375
-4.75
-5.375
-8.875
-25.875
-27.75
-8.125
4.375
1.125
-3.625
-11.25
-15.0
-3.625
6.625
14.25
15.5
-3.375
-17.375
-11.125
-6.25
-3.875
-1.875
-17.125
-34.875
-23.5
6.75
23.125
22.75
11.875
-8.125
-6.375
10.375
21.0
27.375
18.75
11.75
13.5
9.375
3.125
-1.125
-6.875
-14.0
-15.75
-6.625
-1.875
-11.875
-14.625
-5.5
-8.5
-11.0
3.75
17.625
17.125
12.5
16.625
18.25
9.75
5.0
12.375
17.625
13.625
-5.25
-14.0
4.0
16.75
22.625
21.5
10.75
6.5
11.875
14.0
-2.25
-12.625
-5.5
1.75
-2.25
-12.0
-3.0
3.625
-9.375
-13.0
-6.875
-9.375
-9.75
-4.0
-0.875
-3.875
-5.375
-7.25
-10.75
-8.625
-8.875
-3.375
-2.125
-20.75
-26.875
-8.625
9.875
12.875
3.0
-1.625
-11.125
-30.5
-27.125
-13.0
-12.0
-12.625
-4.0
7.75
4.0
-21.0
-19.25
1.375
0.5
4.25
18.125
19.125
4.75
-6.375
-6.375
-1.125
6.0
-2.75
-3.625
20.875
9.625
-22.75
-17.25
-12.125
-14.625
-20.75
-43.0
-38.625
-8.875
14.625
17.25
15.5
19.125
4.75
4.25
15.0
7.5
10.375
8.5
1.625
6.875
3.875
-6.125
-6.875
-9.0
-17.625
-7.625
8.375
-0.625
-19.125
-27.25
-24.25
-9.25
-13.875
-26.875
-13.0
1.875
10.0
16.0
10.75
12.0
15.875
5.5
-7.625
-16.25
-12.0
-2.75
3.375
5.875
2.125
-8.0
-12.25
1.0
13.375
2.875
-6.375
-9.375
-22.625
-35.5
-32.75
-19.75
-2.75
2.625
-8.25
0.125
8.875
4.875
10.75
12.375
4.875
8.375
9.0
10.25
20.5
20.875
14.375
3.875
-1.75
-7.125
-27.0
-29.75
-21.125
-14.5
-2.625
-0.75
3.25
11.125
4.25
-7.375
-1.375
11.625
16.0
6.25
-11.125
-11.375
-2.75
-2.375
5.75
7.0
-8.125
-14.25
-7.375
-3.625
-16.875
-18.0
-8.125
-3.875
-0.75
-4.625
-1.5
4.25
1.0
-5.75
3.25
3.125
-32.0
-45.0
-21.625
-0.625
2.5
-6.625
-10.75
-11.75
-10.25
-5.875
-5.875
-22.125
-22.75
3.375
14.625
9.625
0.25
-1.375
5.5
6.625
2.375
2.375
6.125
5.75
-5.375
-3.5
11.0
5.25
-4.0
3.375
5.125
-2.5
-12.5
-12.0
-7.25
-3.5
9.125
16.5
15.625
2.375
-6.25
8.75
9.375
-9.75
-14.625
-5.75
3.0
7.0
17.125
15.75
-8.25
-9.25
-2.875
-13.25
-5.875
13.0
-1.75
-35.75
-25.0
16.25
25.0
3.375
17.625
25.25
1.875
7.375
3.5
-11.25
-0.75
29.625
26.5
-14.375
-23.25
2.75
8.625
-7.125
-9.375
2.5
10.125
10.5
19.125
5.125
-5.875
21.875
19.625
11.875
-2.625
-31.625
-9.25
12.375
-11.25
-25.375
-4.25
6.75
13.75
28.0
-10.0
-35.0
-12.0
-14.25
-5.875
-3.25
-24.5
-30.5
-27.375
-14.875
-12.25
-21.75
-9.0
6.75
9.625
-0.625
-16.25
-9.25
-5.75
-20.25
-22.375
-17.125
-8.875
-22.0
-39.75
-13.25
-2.75
-54.875
-1.25
84.0
-7.5
-84.875
-11.125
15.875
-19.375
-0.625
7.125
-0.875
-5.875
8.0
47.875
28.625
-21.375
0.875
56.625
68.25
37.75
-27.5
-52.5
-20.375
-16.625
-60.625
-28.5
14.5
-5.375
-2.0
-25.375
-26.375
-4.875
-22.375
-8.625
-14.875
-33.125
7.125
-2.125
-21.125
26.625
-14.375
-78.875
-15.75
36.75
-20.75
-59.125
2.875
-2.125
-13.5
11.625
-25.625
-25.75
-8.25
-23.125
-7.375
-16.75
-17.0
-5.375
10.875
63.5
-9.125
-81.125
-38.5
-3.75
17.625
-19.75
-56.625
-18.875
-12.125
-30.0
-30.125
-26.625
86.5
67.625
-76.25
-14.0
37.125
-18.25
-27.375
0.375
-6.375
20.75
14.375
-45.5
-14.75
-17.625
-46.25
16.875
32.0
-4.875
-1.125
-39.25
11.125
64.75
-7.375
3.5
16.25
-5.125
64.75
101.625
-8.625
-110.5
-35.625
-14.375
-73.25
-8.25
11.625
-28.375
-6.125
-26.625
-37.25
36.625
-15.75
-68.75
14.875
10.875
-67.625
-73.25
-24.125
-19.0
19.625
61.375
38.625
-2.75
0.375
-11.375
-25.25
-0.25
-34.625
-35.375
-26.25
-24.125
-44.75
-16.625
5.75
-45.5
-1.125
-43.75
-58.75
46.25
5.375
-17.875
-19.125
-59.5
-2.0
18.625
-59.25
-2.75
72.0
-39.375
-76.75
-32.0
11.125
105.625
-0.75
-107.625
8.75
16.0
-61.25
-31.75
-15.25
-57.375
-40.375
-11.375
-56.875
-14.625
46.625
-46.75
-47.875
15.75
-19.625
16.75
68.25
24.0
-34.125
-75.875
-59.375
3.625
-10.75
-1.75
14.5
-47.25
-7.75
51.125
22.875
-60.75
-78.125
-25.375
-12.25
8.25
-7.125
8.125
62.0
-29.0
-127.875
-65.5
-1.375
-13.375
3.5
36.125
-18.25
-55.625
-2.25
55.25
-26.125
-85.25
0.625
-18.875
-40.75
13.875
-30.375
-27.75
3.375
-49.625
-12.0
-8.375
-39.25
34.625
42.125
-5.75
-11.0
4.125
11.125
-20.75
-3.25
22.75
1.625
3.75
-20.125
-60.5
-30.625
-44.625
-56.375
-1.5
50.625
49.625
-51.875
-75.375
70.125
36.125
-126.375
-50.625
45.75
26.375
-26.75
-64.75
-37.25
-30.625
-7.5
34.375
-2.25
-58.5
-47.125
25.75
37.625
15.75
-35.375
-34.75
-10.625
-50.375
-12.0
47.875
2.0
-40.5
-22.5
-17.875
-55.25
-56.25
-6.125
50.375
30.0
-43.375
-2.25
-18.0
-49.375
-13.125
5.75
-4.375
-6.125
62.5
36.5
-29.875
-8.875
15.375
13.125
-27.0
-43.0
6.0
27.875
38.25
3.375
7.875
105.25
17.75
-92.0
0.25
-2.25
-38.75
28.625
34.5
-25.625
18.75
63.625
-22.5
-46.625
21.875
53.5
-40.625
-91.625
30.125
59.375
-40.375
11.875
64.0
-42.25
-30.0
40.125
33.375
4.125
6.375
-8.375
-40.5
-53.375
6.25
82.375
-9.375
-43.0
-7.875
-3.125
42.5
74.125
-13.625
-53.125
17.0
-33.625
-7.25
51.75
-24.0
-77.375
-82.25
-21.75
11.5
-1.625
-22.0
-40.625
5.0
30.625
9.375
27.625
34.25
25.625
50.875
11.75
-34.375
-32.5
-23.75
-30.0
-5.875
-11.75
-35.125
26.875
13.25
-44.5
-22.125
3.375
18.0
30.75
-7.75
-38.0
25.375
29.875
-45.125
-46.5
16.25
29.5
-30.375
12.375
28.5
-35.0
-43.0
22.0
100.125
11.75
-52.625
-23.5
44.75
91.125
-24.375
-70.375
-24.0
-5.25
12.25
2.5
6.875
74.125
21.75
-67.5
2.375
16.375
-48.875
1.5
6.0
-23.625
24.625
54.875
41.0
-6.625
-20.0
12.75
9.375
-18.375
-7.0
21.625
17.0
-2.0
20.625
45.125
-0.875
-49.75
5.25
105.625
60.375
-93.125
-66.375
27.25
29.875
-11.5
53.25
44.875
-100.75
-34.375
4.125
-30.5
48.375
21.875
-61.375
6.75
56.125
16.25
-19.0
-27.25
43.5
7.75
-24.75
26.0
-27.375
-16.0
38.25
-11.875
5.625
47.125
-21.75
-27.75
30.125
14.375
23.375
26.625
-33.0
-5.375
10.875
52.75
58.125
-7.5
73.0
57.5
-36.75
19.0
10.5
-34.0
13.0
99.375
97.125
-23.625
-38.5
19.75
12.875
-31.375
-20.625
23.0
13.75
33.5
49.875
-10.375
-17.25
30.75
5.0
-10.75
10.875
-22.5
-29.375
34.75
4.125
-87.5
-31.25
17.5
47.625
9.5
-55.5
31.125
53.25
-23.875
-39.125
27.875
37.875
-2.5
55.625
107.5
-3.75
-35.875
51.25
6.875
-27.875
42.0
29.25
-49.25
-28.25
39.25
88.75
106.0
-14.375
-80.375
10.75
70.0
33.625
38.5
81.375
-11.5
-44.25
14.125
100.5
145.5
39.125
-29.5
-20.125
31.25
20.5
9.5
41.625
54.25
47.125
17.375
1.875
-4.75
4.875
14.25
49.0
33.625
-11.125
30.875
53.875
22.125
46.0
27.125
11.25
40.375
-3.875
-15.625
26.625
28.0
-5.125
50.0
56.625
-7.0
25.25
-15.25
-64.75
-21.125
32.5
4.5
-34.0
20.375
63.75
38.25
-2.75
-5.375
43.75
41.375
-39.0
-12.625
29.5
12.125
38.25
40.375
-19.125
-43.875
13.0
29.0
16.875
53.5
18.75
2.5
33.25
-17.25
3.375
59.25
16.375
-35.25
-13.25
36.625
51.375
17.875
-3.75
-1.125
5.75
22.75
18.25
24.875
8.0
31.625
78.875
39.25
-13.625
83.75
77.625
-59.125
-11.5
101.375
35.375
-38.375
46.25
64.125
-19.25
-11.125
57.375
60.75
19.625
12.625
34.75
23.5
-1.375
15.125
52.125
23.125
-14.875
15.375
119.25
98.25
-44.5
-26.25
8.125
-9.75
23.125
26.25
13.5
31.5
63.25
43.375
4.375
13.875
-4.625
8.25
66.375
16.375
-24.5
23.75
16.375
29.0
99.5
20.0
-21.875
35.125
12.625
-2.625
62.25
103.125
21.875
-17.125
45.0
73.5
-8.375
-21.125
21.375
36.875
57.25
0.0
8.625
52.25
-1.75
55.625
141.75
0.875
-26.875
66.125
25.0
65.375
96.375
-34.5
1.0
71.5
16.75
57.75
54.75
17.75
38.0
19.0
19.75
3.875
9.5
30.25
24.625
56.625
14.75
1.75
16.0
0.75
33.125
47.625
35.375
26.25
28.0
-10.625
4.5
67.25
48.25
2.75
7.625
34.125
25.875
6.625
7.5
25.375
69.0
25.5
-28.25
21.875
47.625
15.125
-46.375
-46.0
3.25
24.125
37.25
17.5
-5.375
22.75
33.0
36.375
44.875
-1.125
18.5
90.75
56.375
-7.875
0.75
54.875
22.625
7.125
44.5
37.75
21.875
-26.875
-15.125
22.125
17.75
19.125
16.5
29.875
37.75
13.0
87.875
91.625
17.125
120.875
73.375
-60.375
-9.625
105.75
98.125
-32.75
-24.75
80.375
56.25
2.5
44.625
40.375
16.75
50.75
35.5
4.875
24.75
10.625
6.25
55.0
49.375
-10.25
29.625
63.0
-36.125
-22.625
44.0
-28.375
-1.75
79.25
47.5
9.0
9.125
65.875
80.625
20.875
6.5
-10.625
14.125
16.375
-38.5
-22.75
11.0
23.125
25.5
7.0
-16.875
18.75
41.875
-4.625
27.0
101.5
50.0
1.25
-24.125
13.5
40.875
-8.0
23.625
39.75
29.25
51.5
21.125
-3.375
27.25
2.125
0.625
17.625
25.375
33.75
46.625
71.125
15.125
5.75
68.75
35.25
-12.375
-13.625
-22.5
-2.0
31.875
4.5
0.25
58.375
56.5
7.875
0.5
21.125
44.875
44.75
48.5
5.0
8.25
59.375
27.875
19.75
32.125
41.375
5.0
-9.0
32.875
28.25
23.375
44.375
27.625
-15.625
-0.75
30.5
49.625
30.5
53.75
89.0
24.75
-24.0
28.875
110.25
18.5
-60.0
13.125
24.625
11.875
34.25
30.625
-1.875
33.75
93.5
20.625
0.25
55.5
22.875
7.0
35.625
56.375
16.125
-3.5
51.875
34.625
20.625
-2.375
-35.25
24.625
59.25
72.625
63.875
5.875
-2.25
67.625
11.0
4.25
59.125
18.5
44.875
35.625
16.875
35.0
-2.375
2.875
36.0
23.625
1.25
20.625
44.125
45.25
53.625
15.5
75.625
101.875
-29.75
-3.625
41.875
26.125
62.5
18.625
3.0
67.625
80.75
56.25
65.25
36.625
-24.375
6.875
41.125
23.375
14.5
23.5
22.375
23.75
17.5
13.125
23.0
10.875
-30.75
25.25
80.75
-16.25
-18.375
56.875
35.5
15.0
27.125
-4.5
-42.0
-32.625
7.375
37.5
33.75
46.75
64.375
49.5
26.375
24.375
58.5
10.125
-15.5
48.875
-5.125
-28.5
52.5
42.5
-17.25
28.25
37.5
-3.75
39.25
54.25
24.375
10.625
28.0
54.625
37.25
29.5
82.625
76.75
-1.5
18.125
79.75
30.875
-2.5
69.875
99.375
7.375
0.75
57.625
14.875
46.5
85.375
57.75
68.875
57.0
-7.375
-3.25
77.375
88.5
48.375
47.5
29.0
-0.5
21.875
45.875
22.625
3.75
1.5
-32.5
22.5
71.75
30.0
46.875
40.5
10.625
15.375
17.875
36.75
74.5
36.25
-27.875
53.0
100.25
-2.0
-12.375
29.375
24.5
61.875
57.375
-10.0
-15.375
23.25
20.625
0.125
23.75
31.5
14.5
28.125
35.0
45.5
44.875
30.625
51.5
34.0
1.0
19.0
15.625
19.375
48.375
26.75
25.375
48.625
17.25
26.5
28.625
-6.0
63.75
76.875
-14.0
23.25
66.375
21.125
35.5
51.5
42.75
52.0
55.25
26.0
31.75
74.0
42.0
44.875
47.5
50.875
53.25
-8.125
20.25
38.25
14.0
48.375
57.875
18.375
36.375
55.375
39.75
42.625
16.5
23.875
60.625
28.5
15.625
50.75
36.125
27.25
48.5
11.5
-17.625
33.125
82.625
65.125
10.0
-10.875
16.125
33.0
21.375
23.125
55.5
50.625
24.5
60.875
80.75
36.875
-33.125
-17.75
37.0
38.625
65.875
33.875
4.25
38.25
33.75
8.25
10.25
86.75
49.125
-12.875
28.375
33.375
48.75
24.0
-13.375
17.25
19.25
-12.125
60.375
75.25
-25.625
14.25
30.0
7.25
65.25
51.0
59.875
62.0
-12.375
-13.875
38.125
57.75
28.75
6.875
-7.375
5.375
32.25
28.875
26.125
33.375
25.875
29.75
75.875
44.375
-3.625
23.875
14.25
-6.5
33.125
44.625
15.125
30.0
39.625
34.625
73.375
46.625
-12.375
27.0
50.75
26.0
71.25
93.625
15.5
-0.125
22.0
-1.625
13.125
25.625
31.125
53.625
26.75
25.625
58.125
26.5
18.75
39.25
11.5
-5.875
8.375
27.5
35.25
17.125
27.375
61.625
32.625
10.0
19.375
19.625
8.25
-8.875
19.125
46.5
109.125
81.0
-37.125
9.375
50.125
-13.75
-22.125
33.625
63.375
41.75
6.75
42.875
65.25
33.0
27.875
28.0
32.625
30.25
40.625
63.75
85.25
61.375
37.25
29.125
20.5
-3.625
-24.125
-3.375
16.875
38.0
12.375
28.5
105.75
32.625
-26.625
33.625
33.625
28.25
37.75
32.125
34.5
56.0
34.5
33.75
48.5
-27.375
-0.875
54.125
-18.0
28.0
62.625
-22.0
-26.5
1.25
0.875
2.25
8.875
-0.125
-2.625
36.625
42.75
42.75
53.75
10.5
13.625
63.25
33.75
-31.375
-40.75
7.75
22.5
13.125
53.5
22.25
-17.0
33.0
61.5
51.125
47.75
23.625
1.875
16.0
70.0
93.75
-12.25
-41.625
50.625
70.875
1.125
-13.5
54.875
33.625
-22.875
16.125
33.75
-11.125
-4.0
21.875
18.5
29.0
43.125
40.875
48.75
36.125
23.125
58.5
32.875
32.5
56.25
16.125
7.875
23.25
28.25
29.375
98.0
114.375
-13.125
-22.0
54.0
20.75
-8.625
13.125
52.625
66.625
23.25
0.625
1.0
2.75
16.875
6.75
27.875
75.125
11.0
-3.75
64.75
29.0
7.5
25.25
33.0
51.0
61.0
28.25
-11.25
36.0
52.5
-18.125
-28.0
14.25
55.5
24.875
-8.125
11.625
0.375
18.125
38.0
28.0
19.875
-3.625
16.875
4.375
-3.0
70.25
57.125
-29.875
-1.25
34.625
-7.75
-0.375
6.25
20.5
37.625
10.125
5.125
43.375
60.5
31.125
6.625
7.875
25.625
73.75
54.875
-31.75
12.875
88.375
23.625
-21.75
-17.625
-23.75
23.625
35.125
28.5
13.625
6.75
92.875
48.875
-22.0
38.0
46.5
14.0
14.375
51.5
49.625
21.875
33.25
22.25
8.125
28.25
80.75
101.75
7.625
-59.875
-12.125
7.5
17.625
35.0
5.375
7.125
32.125
26.125
-8.125
-16.125
14.0
26.625
72.375
69.875
-39.0
-32.875
22.25
5.25
6.75
23.25
15.125
6.5
27.5
6.625
-18.625
23.75
55.75
17.125
-12.125
3.875
30.25
29.375
12.125
56.0
27.875
-47.5
-10.375
44.875
17.75
-1.875
10.5
2.125
4.375
7.125
36.625
34.75
-11.875
40.75
43.75
-32.75
-6.25
10.375
12.25
48.125
35.0
12.375
11.0
35.75
37.25
2.125
10.5
17.125
-4.625
5.0
46.125
44.0
71.875
88.625
6.625
20.625
51.375
-7.875
-1.625
48.75
85.75
30.625
-7.125
45.875
25.5
39.125
51.875
5.125
9.375
24.0
6.5
29.375
47.875
55.875
70.75
38.25
19.5
18.5
76.125
90.5
-5.5
-4.375
22.5
-9.75
-3.0
5.375
10.75
35.875
11.875
-30.0
19.75
34.875
-17.375
-20.75
-6.125
-5.125
-6.125
52.125
60.0
8.375
5.875
27.125
43.875
28.375
14.125
20.125
21.0
-2.125
10.25
28.875
21.875
36.375
24.375
23.5
39.375
11.625
4.125
16.75
38.875
45.125
9.75
16.0
35.0
33.0
55.75
49.375
4.375
4.875
25.25
32.25
31.875
24.875
7.75
25.625
46.5
19.0
5.75
-16.125
2.375
40.75
43.75
46.875
26.125
5.875
-6.875
-26.75
-4.75
32.25
-6.5
-29.875
0.0
1.125
-2.625
42.75
31.375
-25.5
11.25
48.5
14.375
-0.125
29.875
11.5
0.125
42.625
20.625
2.875
17.0
15.625
16.375
32.5
23.0
-6.5
-13.5
-2.0
20.625
-7.75
-19.125
13.25
4.0
13.5
46.875
35.0
12.375
20.875
29.25
21.0
14.125
14.5
19.75
30.25
48.125
31.125
3.75
-10.0
12.0
53.5
4.625
-34.25
28.25
58.75
28.25
-13.25
7.75
80.875
35.75
-8.75
31.875
29.25
-0.375
-9.75
5.5
21.375
31.375
18.0
3.75
3.875
10.5
15.5
-5.625
-5.125
10.25
11.375
13.625
1.625
-23.0
-5.75
24.5
-2.5
11.875
50.5
53.625
36.0
5.625
-3.25
24.375
42.75
16.875
11.375
18.125
8.75
4.375
24.125
13.625
18.625
18.25
-11.625
-6.25
-11.375
-16.75
-14.875
1.375
32.25
13.25
-11.375
18.625
37.125
41.0
24.25
-12.75
-11.625
11.0
16.25
3.5
11.0
-1.0
20.125
66.375
-25.25
-49.75
17.5
5.125
7.625
22.625
64.375
57.875
-8.25
24.25
9.375
-14.375
22.125
6.25
-2.625
-11.625
37.5
87.0
26.375
-7.625
18.625
23.125
-4.375
-3.75
4.625
6.875
8.125
14.875
22.5
12.875
14.375
16.875
40.0
42.625
0.625
19.625
73.125
35.75
7.25
33.375
9.5
6.0
-5.875
-19.875
27.5
49.25
-4.0
-35.75
11.125
21.25
-4.125
21.625
21.875
-6.0
10.875
29.375
39.125
19.875
-8.0
34.875
55.5
9.625
-24.625
-24.875
3.375
11.0
28.375
0.0
-34.0
-6.625
2.5
5.0
38.75
41.0
4.875
14.5
15.75
5.0
18.0
27.625
32.75
32.625
21.125
54.5
46.75
-25.125
-11.375
39.875
3.0
-3.875
28.875
13.0
9.125
6.75
3.625
10.0
13.125
3.375
18.5
55.5
17.125
-4.875
22.75
10.875
20.875
34.375
5.875
-7.375
18.375
84.625
29.625
-55.5
8.125
48.125
7.25
-24.875
-14.0
6.25
9.25
-6.5
-1.625
18.75
7.25
-4.25
4.0
11.875
14.375
19.0
42.875
52.125
11.75
15.0
40.0
21.125
21.125
18.375
-5.0
15.125
89.125
42.875
-57.25
-5.125
32.875
-3.0
-7.625
-8.375
-12.25
32.0
59.125
16.75
13.75
45.125
25.75
25.375
58.0
53.0
20.5
-1.75
-6.125
-8.0
-5.75
-10.75
-10.25
5.375
-0.625
-9.875
16.875
18.0
-16.375
19.125
26.125
-53.875
-29.375
15.125
-11.625
3.625
-1.25
-7.625
-5.75
-25.5
-5.5
11.5
19.625
18.125
13.125
27.875
38.375
13.625
-1.0
41.375
25.875
6.75
35.5
-6.0
-11.75
14.75
20.25
7.375
-43.0
-12.25
20.375
7.125
27.875
23.25
7.875
8.375
4.375
-1.75
14.0
16.5
2.125
23.875
7.125
-8.625
28.375
45.375
3.375
-3.75
18.0
4.25
9.75
18.0
2.375
-15.125
1.75
39.25
13.375
-20.75
28.0
19.375
-18.5
6.125
-1.5
-26.625
41.125
67.875
-39.875
-39.0
21.625
15.375
-0.375
-1.375
36.75
5.0
-39.375
-15.0
4.625
-9.5
-10.5
27.125
11.125
1.0
17.25
10.875
7.875
26.625
30.375
-12.875
-11.125
23.875
29.625
29.5
50.5
41.375
-6.0
5.75
29.5
23.375
42.125
29.375
-7.5
1.875
7.0
15.375
39.5
22.25
23.125
42.5
-0.25
-11.375
31.5
16.0
-8.875
17.625
34.0
23.25
12.125
6.75
12.0
32.75
58.5
30.875
-12.75
-15.25
19.75
25.0
-8.875
-8.625
2.625
8.25
11.25
-8.75
-19.375
17.0
31.625
27.75
12.125
-5.125
4.375
7.125
-7.0
8.875
49.0
35.875
-1.75
24.125
36.875
-11.875
-21.25
-10.0
2.0
26.625
29.25
-7.5
-13.0
19.625
25.625
22.25
26.875
46.25
29.5
-32.625
-27.375
7.0
-6.0
2.125
9.125
-2.75
15.0
30.75
33.75
-0.125
-59.0
-50.375
-5.0
5.375
1.125
0.375
-20.0
-0.375
57.75
29.75
-29.625
-25.75
3.625
15.5
-8.75
-31.0
-10.25
2.125
-26.125
-37.625
-11.875
-9.875
3.0
61.0
63.125
-10.0
-42.5
-2.75
17.75
51.125
74.0
-1.625
-31.125
-18.625
-8.25
19.875
-5.625
-13.125
19.125
-0.5
-21.625
-6.0
9.875
15.625
23.75
23.5
13.125
33.375
38.75
2.0
2.125
23.875
4.75
-10.25
39.625
24.625
-49.5
-26.25
2.125
-23.375
0.75
12.875
-16.125
18.125
33.25
4.5
-8.375
-1.375
7.875
-9.75
-29.5
-20.75
-15.125
-13.375
15.375
7.125
-14.625
26.75
36.875
-21.0
-12.375
13.125
12.125
19.75
-16.875
-37.5
-5.25
4.125
0.75
3.875
-4.375
-10.25
2.5
3.0
-29.625
-15.625
-9.125
1.5
26.375
-24.875
-2.375
12.5
-38.875
-16.125
12.375
3.875
-16.625
-13.375
-4.625
-0.25
4.75
-14.25
3.5
23.375
-22.125
-37.875
-6.625
-31.5
-39.875
2.875
3.5
7.75
18.375
-3.375
-14.875
8.875
32.375
9.125
4.625
32.625
14.375
-23.875
-21.875
3.25
-3.625
-16.25
-16.5
-34.625
-25.0
-13.375
-24.375
-0.875
48.5
37.25
-39.375
-40.0
-4.375
-9.25
-27.625
29.375
60.375
-38.75
-34.625
20.25
3.875
-3.125
21.125
-3.0
-40.125
7.875
15.5
-17.875
-2.125
23.25
24.25
6.5
0.375
2.125
15.75
12.0
-4.5
27.75
28.25
-19.625
-20.0
-15.25
-17.5
2.125
-22.0
-4.875
29.0
-20.375
-32.375
7.125
-5.25
-32.375
-11.0
6.5
-2.875
-6.375
2.375
-6.25
0.75
13.0
-2.5
-21.5
18.5
76.125
6.375
-59.0
-30.375
-10.625
-19.875
-9.125
19.875
16.875
-8.375
-24.75
5.625
32.75
4.125
3.875
15.5
-22.25
-22.375
-7.25
-5.75
1.875
16.375
31.375
1.625
-3.625
19.125
2.875
-14.625
-13.125
-5.625
29.75
12.375
-37.75
-12.0
13.25
9.625
43.625
45.875
2.0
4.25
5.375
14.0
13.875
-14.75
13.75
19.375
3.375
14.75
-20.625
8.25
64.75
5.25
-15.75
24.25
4.875
-17.875
-9.375
21.375
8.625
-37.875
-4.375
64.625
31.25
-42.375
-24.375
13.625
2.375
-7.625
14.25
9.5
5.125
24.875
19.75
16.0
25.25
9.5
10.125
13.875
15.375
20.875
21.25
26.5
-23.125
-49.125
-2.5
25.25
-14.625
-29.625
-8.0
-11.625
11.375
6.0
2.0
11.75
3.625
30.125
20.625
-16.375
3.75
26.5
16.625
12.75
16.375
6.125
3.375
16.75
4.125
-5.875
38.0
24.0
-18.25
29.5
52.0
-2.75
-6.5
54.625
34.375
-9.5
7.625
18.5
40.25
35.625
32.125
16.75
-17.5
1.375
19.25
25.75
18.125
-1.125
1.125
24.0
10.5
-1.125
9.25
-12.75
3.375
46.875
3.75
-15.125
33.875
29.0
7.625
27.75
20.375
-11.0
-10.75
3.875
18.25
45.375
22.75
-10.25
21.0
22.125
15.5
6.5
-30.125
-30.625
3.75
10.0
-10.5
-31.75
-27.25
3.125
23.75
38.875
9.25
-42.125
-38.0
-12.0
3.375
16.5
18.625
14.25
23.25
15.375
-21.375
-15.5
44.375
40.375
5.75
-17.25
-30.5
-1.125
16.625
8.125
-8.5
8.375
-3.125
5.0
50.875
5.875
-13.875
15.0
17.875
20.625
19.25
19.75
7.25
1.25
14.375
16.0
-5.5
-3.75
9.25
-10.5
21.0
46.125
4.25
-2.125
-7.625
-20.625
7.375
25.875
-6.5
-21.875
16.5
24.5
3.25
-0.125
22.75
22.5
-31.5
-27.5
11.875
0.25
-1.125
8.875
-5.0
-25.875
2.75
64.625
1.375
-66.75
-1.875
-1.0
-34.875
-0.5
11.75
-16.875
-0.75
21.625
4.75
14.0
35.625
21.125
-5.5
18.875
42.0
11.375
-17.875
-20.125
1.375
7.75
-6.25
-7.625
2.875
12.0
-10.5
-12.875
20.5
38.5
56.5
9.25
-24.875
6.375
-0.125
8.75
37.5
3.5
-27.375
2.375
21.75
36.125
31.375
-10.5
-5.25
7.125
15.25
39.25
-2.0
-28.125
12.75
13.875
5.125
5.125
-11.75
43.375
17.5
-47.625
0.875
-0.5
-12.75
-1.125
16.875
13.625
-28.625
-18.0
-12.375
-9.25
15.125
15.375
18.375
17.75
10.875
10.25
-1.875
-19.5
-12.5
-14.0
-11.375
24.25
4.25
-25.25
20.875
36.25
-11.875
-54.125
-23.0
2.125
-5.375
0.125
-15.0
-10.5
14.875
8.0
-4.125
-2.875
-12.125
4.5
23.875
10.5
6.5
5.25
-0.375
23.625
38.25
-8.75
-12.625
17.375
-5.625
-21.875
-16.25
0.5
18.75
9.75
-9.0
4.875
25.625
9.0
-9.625
-12.375
-0.25
3.375
-14.875
-8.5
10.5
32.125
32.375
5.875
-15.25
-4.25
15.25
-30.625
-30.875
-2.25
-28.0
-7.0
16.75
7.375
-9.25
-2.25
21.5
6.0
15.25
27.375
0.625
18.875
4.5
-22.75
-9.75
-20.25
4.75
1.75
-25.25
-9.375
-4.75
-5.375
2.75
-2.625
-4.125
4.625
13.0
3.125
-19.625
-26.0
-0.375
18.375
12.875
16.875
5.625
15.25
18.5
23.625
34.125
-12.625
-38.0
-6.75
11.25
16.75
32.75
10.5
-18.125
-10.375
3.5
0.25
1.875
2.375
-27.5
-27.875
18.125
6.25
-16.375
11.375
21.75
54.625
72.375
12.125
-29.125
-21.625
15.625
25.875
-11.75
-15.0
0.0
-1.625
2.75
-1.75
-4.625
13.875
0.125
-9.125
19.0
-1.375
-17.125
-20.125
-30.75
4.0
7.5
-7.5
3.125
-3.5
-9.375
-6.375
-23.125
-40.625
-33.0
-10.25
3.125
3.875
-8.75
18.875
35.875
-26.0
-2.875
44.375
-2.375
-17.5
-18.875
-36.0
-4.625
21.75
-4.375
-6.5
16.125
9.875
-8.125
-4.25
12.125
10.0
-1.5
1.5
5.75
-10.75
4.0
33.125
18.375
0.375
7.5
18.25
29.125
73.875
33.875
-34.625
10.75
49.125
33.125
-4.875
2.25
29.375
16.25
-8.0
-17.75
4.25
15.25
-2.625
22.75
48.125
8.625
-8.25
23.5
21.375
27.25
24.0
-8.375
-6.875
-1.0
-1.625
5.25
35.125
15.875
-32.125
-5.75
18.375
7.375
7.75
-6.375
-22.25
-13.375
-7.125
0.5
6.875
1.0
7.625
14.875
-3.5
-5.125
8.0
-5.125
-7.625
2.375
-7.125
-5.375
19.25
10.5
-20.5
6.375
28.25
4.5
12.0
15.5
0.375
-6.625
-15.0
-14.5
-8.25
-7.625
1.75
11.75
-2.5
8.125
21.0
35.875
11.125
-19.125
33.0
28.125
29.25
45.75
4.75
-3.125
29.5
58.75
14.375
-10.375
16.125
-3.375
-24.5
-7.625
28.25
24.0
-1.875
-16.5
-18.0
17.375
29.625
28.125
45.375
34.0
49.625
50.5
7.875
32.25
24.125
10.75
30.875
12.75
16.5
26.75
18.625
-1.0
-6.75
14.25
-11.5
-43.875
1.375
13.25
-9.5
-8.5
-8.25
-0.5
-10.375
-18.75
-5.375
13.875
17.75
-1.5
30.5
23.625
-22.25
-7.25
13.625
16.25
-17.75
-35.25
16.875
22.25
-36.625
-27.25
33.25
8.125
-35.875
-27.0
-24.375
-24.25
-18.625
-11.375
-25.375
-24.25
7.625
-0.25
-39.0
-31.0
0.75
-0.5
0.5
9.125
-6.375
-8.375
-7.5
-20.75
-5.75
-9.75
-10.25
15.75
19.625
23.0
-2.125
-14.5
1.125
3.75
-15.25
-20.5
1.875
10.375
8.125
-3.5
10.375
30.125
5.625
-14.375
24.875
40.875
0.75
11.75
32.125
20.25
-13.75
0.5
59.0
13.625
-17.25
27.25
31.875
20.875
26.125
27.125
14.5
-2.625
-2.25
-8.625
-19.375
-9.0
17.625
-2.375
-41.5
-21.125
14.25
9.75
-25.625
-28.0
-7.5
-3.0
-16.25
13.5
30.75
-28.875
-15.625
48.875
22.625
-45.75
-32.375
-7.5
-26.0
-34.25
-22.875
-18.125
-40.125
-19.0
6.625
-0.25
11.625
8.25
-15.0
-8.5
-6.0
-25.75
-19.5
-10.875
-0.5
6.875
-19.625
-22.625
-13.5
-17.75
-3.375
15.25
16.25
-9.75
-22.375
-19.0
1.25
25.75
15.375
0.75
-2.0
1.25
6.125
18.0
5.875
15.5
48.0
8.5
-36.875
-33.0
-17.375
3.375
10.625
2.0
14.125
26.625
11.875
-16.75
-4.0
47.75
44.875
-0.375
-33.5
-27.875
-15.125
-6.0
-10.0
-20.875
0.75
11.125
-7.625
-14.875
18.0
5.5
-21.125
-31.5
-39.25
1.125
-14.875
-50.125
-23.875
-19.5
-19.75
5.875
-19.375
-31.75
-2.0
-1.625
-5.625
-4.5
-7.375
-10.875
-14.125
-6.375
-13.25
-37.5
-34.0
-28.375
-22.875
-10.5
-22.875
-39.375
-27.25
2.875
-1.875
-34.75
-28.25
-14.75
-4.125
2.75
-8.75
-9.0
-10.5
6.75
-9.0
-36.625
-13.25
-2.25
9.0
25.0
13.25
-41.5
-52.625
-20.0
-21.0
-24.875
-14.25
-2.75
-2.875
-10.625
-12.75
-19.125
-20.5
-22.5
-23.875
1.0
1.125
-21.875
16.625
17.375
-51.5
-4.5
40.5
-29.375
-50.25
-9.875
5.625
-22.375
-34.625
-13.125
-7.5
-12.25
-11.125
-11.0
-4.25
-12.75
-26.5
-1.875
0.25
-30.25
-44.125
-33.625
-22.875
-35.625
-28.125
-13.625
-20.375
-13.75
-16.0
-28.25
-13.25
-11.125
-51.5
-40.875
8.125
-29.75
-58.25
-23.875
-41.375
-48.75
-19.0
-13.75
-25.875
-63.5
-40.25
12.375
-22.875
-41.0
-10.25
-15.875
-34.25
-17.5
-1.375
-20.5
-51.25
-46.0
-20.25
-28.875
-14.875
8.375
-3.375
-14.0
-20.375
-7.25
19.25
5.375
-39.375
-45.0
-16.875
-6.0
-15.625
-18.625
-4.625
0.25
-13.625
0.25
26.625
-8.625
-38.625
-8.875
-4.75
5.0
24.25
5.0
-2.25
-12.25
15.5
52.125
-4.625
-32.75
59.0
71.75
-32.875
-42.25
-4.625
1.875
12.25
-8.75
-29.0
-14.5
9.0
15.125
-3.375
-19.0
-12.875
23.5
30.75
-24.5
-32.5
15.625
13.25
-13.375
0.25
13.625
-19.375
-38.375
-31.125
-14.875
-8.125
-25.5
-18.0
6.25
-8.25
-38.5
-9.125
-15.375
-61.375
-40.125
-24.0
3.625
50.0
5.5
-38.75
-17.375
-7.625
-6.875
-6.75
-7.875
-7.25
-30.0
-39.25
-14.625
-4.875
-19.5
-28.625
-13.875
-29.375
-39.5
-13.0
-25.25
-48.5
-42.5
-21.125
-22.875
-14.75
21.875
2.625
-6.625
9.625
-11.5
-19.625
-12.0
9.0
9.5
-33.625
-41.75
-22.5
-12.375
-5.125
-6.625
4.875
1.625
-11.375
10.0
14.875
-21.5
-19.125
7.5
-3.25
-17.375
-13.0
-8.5
-27.75
-39.625
-21.0
-3.625
-7.75
1.625
0.125
-15.625
4.5
22.125
7.125
1.125
17.0
14.75
-13.25
-17.5
1.875
5.375
8.5
-21.75
-16.875
28.0
-25.875
-47.375
-18.875
-28.0
-9.5
-13.25
-32.0
-23.0
-16.125
-5.125
-4.5
-13.125
-10.875
-22.375
-28.75
-16.625
-3.75
-6.875
-23.875
-22.375
-27.25
-39.25
-29.375
-27.75
-61.75
-63.25
-25.75
-14.25
-28.875
-22.375
-8.875
-12.625
-0.625
-11.875
-35.75
-24.875
-22.75
-27.75
-16.75
-30.0
-35.625
-27.0
-42.625
-19.75
-11.875
-26.5
-28.25
-40.5
-32.125
-15.5
-23.875
-39.5
-18.25
-2.75
-24.0
-20.625
-2.75
-2.875
-6.875
-20.375
-24.875
-15.125
5.25
14.625
-6.75
-18.625
-21.875
-23.75
-12.75
-7.125
31.625
44.625
-26.375
-41.625
-14.125
-14.5
-14.375
-8.25
2.25
-15.5
-37.625
-22.625
-0.25
3.25
-7.25
1.0
19.875
2.25
-11.5
5.25
29.25
3.625
-14.125
5.875
-17.75
-21.25
1.875
20.0
19.875
-28.875
-43.5
-0.375
8.25
-12.625
-12.5
2.875
0.75
-12.125
-1.0
2.125
-13.875
1.75
2.875
-23.5
-19.375
-15.75
-18.125
5.625
27.625
3.875
-39.75
-40.5
-8.875
-3.5
-34.75
-34.875
-24.375
-21.25
-18.75
-36.625
-38.625
-34.375
-17.125
-6.5
-34.125
-27.0
-23.25
-44.5
-30.625
-19.75
-29.0
-35.125
-21.125
-23.875
-48.125
-40.625
-19.75
-25.0
-35.75
-24.625
-26.0
-27.25
-20.75
-20.375
-24.0
-22.125
-17.875
-19.0
-17.5
-15.375
-2.875
-15.25
-18.625
3.125
-8.125
-11.625
2.625
-12.5
-29.0
-21.375
-10.0
-3.625
14.75
-0.375
-25.0
-11.5
-3.0
-20.25
-12.125
52.625
50.0
-22.625
-34.75
1.125
7.375
-3.25
13.5
18.625
1.25
-6.25
24.125
28.625
-50.25
-63.125
-15.625
8.75
25.625
25.0
8.75
-9.375
12.25
42.25
15.0
-16.0
-8.625
1.5
14.125
19.875
4.875
-16.625
-2.0
23.5
-18.125
-44.625
-7.625
-1.25
1.125
5.75
-27.625
-8.375
21.0
-20.25
-43.0
-37.0
-19.75
-7.25
-24.25
-21.875
-20.25
-23.5
-14.375
-16.625
-23.625
-24.0
-24.75
-11.875
-9.5
-34.0
-34.125
-10.375
-18.75
-6.25
-0.5
-25.625
-20.375
-11.25
-20.625
-51.125
-47.5
-9.0
0.25
-33.0
-37.5
-20.0
-25.75
-28.875
-4.5
1.25
-23.125
-14.75
6.875
-9.75
-34.25
-4.375
20.25
-2.5
-19.125
-17.25
-19.25
-20.0
5.375
0.25
-30.75
-12.25
27.5
-1.375
-30.375
-13.625
-4.5
9.875
-7.875
-15.375
-7.75
-8.0
7.875
12.0
28.0
32.625
-7.125
-14.625
-6.875
-11.625
3.5
13.0
-2.125
-12.375
-21.5
-12.5
-2.625
-19.625
-2.5
1.625
-10.625
10.5
0.5
-6.75
10.625
-4.625
-22.125
-16.0
7.875
10.625
0.125
-9.375
-25.875
-19.25
-10.125
-17.0
-25.25
-3.125
3.125
-27.375
-20.625
-13.375
-44.375
-43.625
-13.25
-25.5
-46.5
-23.0
-15.625
-27.75
-16.75
-18.375
-17.75
-16.375
-16.875
-11.875
-26.25
-29.875
19.75
15.625
-38.625
-41.5
-26.75
-7.125
-12.625
-27.75
-21.375
-15.25
-9.375
-19.5
-35.625
-44.25
-42.875
-19.0
-12.125
-25.875
-11.75
26.75
10.375
-8.5
4.75
-7.125
-32.0
-36.75
-22.625
-14.375
3.875
2.5
-22.0
-9.875
-0.375
-16.0
-12.375
30.125
42.5
-10.125
-35.125
-8.25
7.5
-8.5
-13.625
-6.75
-5.25
0.875
12.5
16.25
1.125
-17.25
-11.125
-4.25
-6.875
-14.625
-14.125
-11.375
-18.5
-18.625
-4.875
17.25
14.75
8.0
7.125
21.0
46.75
2.875
-28.5
4.875
4.125
14.125
15.125
-23.0
-27.375
-16.75
-14.75
-20.125
-12.875
1.625
-12.0
-9.625
3.0
-11.0
6.5
43.0
-4.375
-46.625
-21.0
-22.125
-34.75
-14.625
8.25
-8.625
-21.375
-14.125
-11.5
-1.125
-6.875
-22.75
-1.5
8.625
-18.875
-15.125
-8.625
-17.625
-17.0
-6.25
-25.25
-54.375
-39.625
-4.125
14.875
-25.25
-28.375
-6.375
-37.875
-29.75
-9.125
-37.25
-26.5
-7.25
-37.875
-39.5
-26.125
-18.75
-10.875
-18.5
-10.75
1.125
-11.875
-27.25
-18.25
-10.5
-20.0
-16.625
-14.875
-23.0
0.875
14.5
-10.875
-11.25
8.375
-0.25
-20.125
-19.375
-4.0
-7.125
-20.0
-20.375
-22.875
-33.125
-37.5
-9.875
0.75
-19.375
-8.375
-5.5
-23.5
-34.0
-33.75
-16.5
-22.25
-16.375
6.0
5.25
-4.5
-14.875
-9.625
11.5
8.0
-16.5
-9.5
1.875
-1.5
-0.125
8.0
5.625
-4.0
13.5
-1.625
-17.25
25.5
25.625
-23.375
-16.375
4.5
-9.375
-3.125
-1.75
4.0
16.75
5.625
4.0
18.375
16.875
2.0
0.375
-1.25
-7.75
0.375
4.75
-0.875
1.875
25.25
19.0
-4.5
14.5
-2.0
-33.125
-4.0
9.25
11.5
4.25
-31.25
-14.0
27.375
17.5
-5.5
-23.25
-39.875
-17.125
-5.375
-17.875
-9.125
-7.75
0.75
8.875
-12.875
0.0
7.25
-33.0
-28.625
-1.625
-19.0
-28.625
-12.5
4.25
19.75
-14.625
-33.125
-8.125
-22.125
-18.125
5.875
4.0
-10.5
-19.875
-10.375
7.5
-10.625
-35.625
-18.75
-12.625
-15.75
-5.5
-9.875
-10.625
-15.5
-24.5
-2.125
-18.75
-36.875
-14.75
-22.875
-37.125
-24.625
-15.25
-19.375
-39.25
-44.25
-31.0
-31.0
-35.5
-34.5
-18.875
-13.375
-15.0
-11.375
-16.125
-19.5
-19.875
1.375
-5.375
-26.375
-18.0
-0.125
15.125
-26.25
-34.25
-12.25
-30.375
-26.75
-18.25
-17.375
-0.625
-16.875
-16.0
6.25
-16.0
-18.125
1.25
-8.5
-5.0
11.5
16.875
13.625
10.75
10.375
10.5
30.25
6.375
-12.125
14.625
17.125
24.25
-7.875
-30.75
0.625
-9.875
-18.5
12.375
24.625
-20.625
-40.0
0.0
22.125
1.5
-23.375
-30.875
-29.25
-26.125
-8.125
7.875
-27.625
-40.625
3.25
22.625
3.625
-22.75
-29.5
-17.25
-12.5
-28.5
-24.875
-8.125
-0.625
-0.25
-11.75
-54.125
-43.625
8.75
5.5
-12.5
-12.75
-4.0
26.625
15.25
-35.25
-18.75
-4.625
-21.75
-17.875
-11.375
-5.375
-8.625
-17.5
-1.375
1.125
-28.625
-13.5
4.625
-21.5
-7.125
-2.125
-30.625
4.375
28.375
-30.625
-44.625
-22.625
-22.125
-8.0
-6.375
-11.75
-12.5
-0.125
17.125
-12.125
-4.125
23.75
-27.5
-52.375
-28.5
-20.125
-14.875
-5.25
-12.375
-29.625
-26.0
-26.75
-31.5
-10.75
-8.75
-8.75
-5.25
-16.0
5.0
18.875
-9.5
-22.75
-13.875
-20.5
-19.5
10.0
9.0
-47.75
-48.25
-4.375
-21.875
-47.5
-19.25
-21.75
-20.875
26.75
19.75
-12.125
8.0
13.75
-12.375
-8.375
5.5
12.5
9.25
7.75
-3.875
-20.5
-2.5
10.25
-16.5
-28.375
-27.125
0.125
22.75
-30.5
-13.625
22.25
-24.25
-32.375
-15.625
-9.875
5.125
-18.75
-43.875
-6.0
-2.375
-25.75
-19.625
-8.125
12.375
-8.0
-26.375
-5.5
-7.0
-17.0
-13.75
-9.0
-1.75
-1.625
-10.125
3.75
9.25
-0.875
8.875
10.375
-2.75
10.0
-2.75
-34.75
-24.625
15.125
34.5
-38.875
-66.875
-18.125
-11.125
-18.0
-30.625
-33.875
-9.875
-1.375
-23.25
-26.875
-18.625
-23.625
-24.5
-20.75
-22.0
-30.25
-11.5
5.5
-5.125
-14.75
-15.0
6.75
8.25
-21.5
-18.25
0.5
-7.125
-31.125
-11.125
14.125
-9.125
-7.25
3.375
-10.25
-2.75
6.625
-17.875
-25.125
-6.375
5.125
25.125
35.5
-3.25
1.125
24.125
-0.5
-16.5
-6.625
32.125
44.5
17.875
-1.25
19.0
26.625
4.75
10.375
16.375
2.375
-9.0
11.375
20.875
18.5
15.5
28.375
43.625
-3.25
-12.25
18.625
11.25
-13.25
-7.125
38.375
29.0
1.25
14.875
7.25
0.0
-0.875
32.875
32.0
-26.875
-15.375
-7.5
-26.375
-26.375
-11.25
10.875
-11.125
-20.875
20.875
18.875
0.375
16.625
0.0
-13.0
-3.75
-8.875
-1.75
2.875
7.5
20.125
3.5
3.625
6.5
-16.75
-0.625
35.125
21.375
-19.0
-24.125
-21.375
-23.75
-5.125
12.0
11.75
1.375
-7.25
4.375
-6.375
-4.25
16.375
-10.375
-8.75
0.25
-28.625
-18.875
10.5
-0.375
7.125
17.75
6.875
7.625
8.5
2.125
-1.0
5.875
1.75
-8.375
-8.125
-1.75
-4.75
-6.0
-2.125
13.5
22.75
10.5
9.25
16.375
16.625
16.125
16.875
21.25
23.625
14.5
21.625
-5.0
-21.75
11.125
19.625
23.5
20.25
10.875
9.0
3.25
0.875
10.375
7.125
-2.125
5.125
8.875
11.875
19.125
18.375
-4.125
14.875
43.5
-1.125
3.875
30.125
8.0
19.375
23.25
8.375
14.625
41.625
47.5
-7.625
-32.25
-5.75
10.375
7.875
-2.5
12.75
19.625
-5.375
-13.375
-2.125
14.0
-8.375
-18.125
-5.25
-9.125
-7.125
-9.75
-3.375
-0.375
-4.0
-3.75
0.625
5.125
-1.75
0.125
1.0
-4.125
-11.125
-17.5
-7.75
7.875
-1.375
-14.875
3.25
-4.875
-10.125
-8.875
-8.0
8.0
-20.875
-22.625
-0.5
-3.75
-13.875
-1.25
24.375
8.25
-19.25
-8.875
7.375
-11.75
5.375
27.5
-11.75
-13.75
10.5
5.625
1.125
-10.375
-5.125
16.0
6.125
-9.375
5.125
3.0
-24.625
-28.875
-14.375
-4.25
0.75
10.25
-10.625
-10.0
20.0
-11.5
-28.25
-2.875
-8.875
-10.25
11.5
21.5
5.375
-3.125
39.125
47.5
14.0
37.375
26.5
-15.875
-5.5
15.0
8.125
1.25
39.625
28.875
-3.875
1.25
6.5
27.75
16.625
14.875
44.125
33.5
12.625
22.625
49.5
39.75
5.25
-30.0
1.875
47.375
17.375
5.875
13.375
8.5
20.375
29.0
7.375
16.125
14.5
-2.25
10.875
9.25
8.375
-3.125
-9.625
0.5
-6.75
-1.25
16.75
20.125
11.0
0.625
13.0
27.0
15.5
11.0
9.75
6.375
22.875
15.25
7.5
24.0
-5.5
-27.5
-11.125
-2.5
0.5
0.25
-0.125
26.875
7.375
-20.5
-5.75
-7.75
-3.25
-1.5
8.5
24.375
25.625
5.75
7.125
12.125
4.75
24.375
5.375
-4.875
19.0
2.5
-19.0
-17.0
-12.125
-13.75
12.5
15.25
-39.875
-54.5
-21.625
-4.125
-4.125
-0.625
-3.25
-19.75
-4.75
26.375
26.5
-8.75
-27.5
-0.875
8.125
1.75
-5.0
-10.375
-6.875
-11.0
-16.0
-1.625
2.5
-6.375
-9.0
8.125
11.625
-28.25
-1.625
21.0
-5.0
27.5
13.625
-25.0
0.625
17.5
14.5
-0.375
-11.0
-8.0
-11.25
-13.625
-16.625
-0.625
11.75
-4.875
6.5
2.125
-35.25
-24.25
13.75
7.625
-0.375
10.0
1.75
4.125
13.125
17.125
35.125
22.375
-11.5
-10.25
-8.125
-18.5
-11.0
2.375
3.5
8.125
13.875
9.0
9.75
31.625
15.375
-25.875
-4.5
18.5
-2.625
0.75
-5.625
-37.375
-22.375
4.375
11.125
19.5
26.125
0.0
-11.125
-1.75
-1.5
18.625
3.375
-22.375
-9.625
-1.5
-17.25
-22.375
-17.25
-5.875
-4.75
-14.125
-8.875
-23.25
-32.25
-14.75
4.5
-13.625
-30.125
-0.875
-9.875
-21.125
23.5
24.0
-18.5
-17.5
-1.125
-2.75
-3.875
2.125
-7.125
-13.0
-2.875
-3.75
-15.125
-20.125
-24.375
-18.125
-23.375
-37.375
-14.125
-3.25
-17.25
-12.875
-18.5
-16.375
-2.75
4.125
19.875
-4.75
2.0
3.0
-4.25
9.375
-17.5
-9.875
17.5
-0.875
-24.875
24.5
20.875
-59.375
-27.25
15.0
-22.0
-22.875
-7.125
-17.0
-4.75
8.125
-21.5
-25.625
5.125
14.5
15.625
12.5
0.375
7.0
15.125
12.875
1.125
-8.75
4.0
4.375
0.125
4.5
-1.625
-13.125
-0.125
5.75
-18.625
8.125
23.25
-27.375
-17.375
27.75
0.875
-14.375
29.5
19.875
-12.75
-14.375
-15.875
-4.25
-8.375
-30.5
-28.0
-7.5
-14.25
-18.25
0.75
-5.625
-14.125
2.75
-5.875
6.875
10.125
-31.0
-16.25
5.625
5.25
10.625
4.25
0.375
12.125
18.875
25.75
0.625
-30.75
-6.5
10.125
-10.375
-19.125
-14.5
-26.375
-28.75
-13.0
-5.625
-15.0
-6.375
3.875
2.625
2.875
-8.75
-12.875
-25.375
-33.875
-11.875
4.5
11.75
8.375
-6.125
14.5
37.75
40.125
37.875
7.25
-23.25
-15.0
1.375
-2.375
-13.875
-20.75
-10.25
0.0
-15.25
-25.75
-14.75
8.625
7.75
-16.625
-17.125
-6.5
-4.0
-6.5
-10.25
-0.5
-0.375
6.75
9.875
-6.75
7.125
1.75
-19.75
-19.0
-33.5
-28.875
6.0
9.875
-23.0
-36.75
-26.125
-17.5
13.125
-3.75
-49.25
-26.25
-15.5
-29.875
-25.25
-31.625
-36.625
-22.5
-17.625
3.0
22.0
-12.875
-43.75
10.75
22.875
-42.125
-41.625
-10.0
6.375
2.125
-23.0
-31.0
-16.125
5.0
2.5
-12.875
-5.25
3.375
-7.875
-12.25
-16.5
-33.125
-27.375
-18.375
-14.125
0.5
5.75
10.625
26.5
3.75
-37.875
-21.0
-4.125
-9.25
-5.625
7.625
29.5
7.5
-26.125
-23.0
-6.875
-1.875
-10.75
-9.5
-8.5
-7.125
15.25
28.125
-2.5
-27.875
-26.0
-28.75
-35.125
-15.625
-4.125
-16.375
-10.625
14.875
17.5
-25.5
-29.5
16.5
9.875
-20.0
-7.5
-9.0
2.625
19.75
-13.875
-23.5
-5.375
-4.625
6.625
10.375
-8.375
21.875
45.875
-18.5
-28.25
6.125
25.5
22.0
-20.875
-13.25
7.125
-19.375
-29.25
-14.875
-1.5
14.25
2.75
8.5
6.125
-15.625
9.875
23.625
-3.625
-16.25
-16.0
-2.875
28.5
32.0
-18.625
-20.5
0.5
-14.25
-8.625
-8.875
-20.875
-14.375
3.875
-15.75
-32.375
-16.625
-10.25
13.875
-9.75
-54.25
-13.875
2.0
-6.75
0.75
-20.0
-27.625
-16.25
-15.0
-19.625
-18.125
-20.25
-30.625
-20.5
-23.875
-32.875
-24.0
-35.875
-37.25
-8.25
2.25
-24.25
-32.25
-2.625
11.25
-1.875
-14.125
-15.625
-18.125
-14.0
-2.875
2.0
-0.25
-13.125
-4.75
24.125
-13.625
-40.0
-2.375
-4.375
-10.875
27.25
33.125
-16.75
-22.625
-3.875
-18.25
-6.0
23.125
11.5
-4.25
3.375
16.25
17.5
-3.375
-3.5
8.5
0.25
-0.375
10.75
12.25
-11.0
-9.25
12.5
-0.875
12.25
36.375
-9.25
-26.875
12.25
15.0
8.0
10.75
20.125
44.25
31.625
8.75
18.75
34.75
35.0
10.5
9.75
23.5
6.75
2.75
9.125
-13.75
-14.875
10.375
-1.5
-24.125
18.75
38.375
12.75
18.0
18.75
9.375
-3.25
6.5
43.5
24.0
6.125
-2.0
-11.0
31.375
19.25
-1.375
7.0
5.25
31.5
28.125
-13.125
-17.5
-6.0
-8.125
-9.375
6.875
9.625
-6.75
5.625
16.625
22.125
14.0
-8.625
-3.625
5.0
30.5
22.0
-3.625
-1.875
-7.375
-8.125
-8.5
5.0
15.25
-1.625
-3.625
8.875
-1.375
-15.125
-11.0
20.5
-0.25
-34.625
-8.625
-1.125
-3.625
5.0
15.75
10.25
-21.375
-4.625
16.0
-4.5
8.0
19.0
1.0
0.875
7.75
13.625
14.875
-6.0
-25.75
-9.0
4.875
-11.875
0.625
34.625
18.875
-26.5
-5.5
15.75
3.375
18.375
7.875
-29.25
-11.25
21.875
27.875
31.625
26.125
-4.625
-9.125
13.625
12.25
15.875
12.125
-1.125
10.75
26.25
30.875
25.75
9.875
13.75
19.5
18.5
6.75
-21.375
-12.625
25.0
41.0
12.625
14.0
37.0
11.75
-0.75
2.75
10.5
0.875
-20.875
12.5
43.625
15.75
-0.75
17.875
19.875
24.625
50.125
48.625
18.5
-0.75
-0.375
13.625
11.0
2.0
6.75
5.75
1.0
6.5
14.875
8.5
0.0
10.875
12.625
13.0
14.5
8.75
29.875
16.625
-1.25
24.75
7.25
-19.875
-12.125
-2.875
4.625
-1.875
-10.375
-23.0
-28.25
-9.125
6.75
12.125
21.625
23.25
-6.0
-8.375
22.125
3.625
-2.0
7.75
-6.125
3.25
15.625
15.25
2.5
23.625
21.375
-16.5
1.875
7.625
-2.25
12.875
8.5
-2.0
18.0
27.75
20.125
18.25
-7.5
0.25
24.5
22.625
44.875
29.125
-6.5
19.875
34.875
-1.125
-11.375
2.25
8.75
16.5
9.0
-12.75
-7.0
1.625
-18.75
-20.0
-2.625
-2.75
2.25
1.75
-19.125
-23.375
0.625
2.375
-19.125
1.25
27.875
8.25
2.5
31.25
4.625
-14.5
7.0
4.375
1.75
4.375
0.875
-3.25
-0.375
15.625
28.375
-2.75
-10.875
-1.5
-21.375
-22.0
-7.125
1.375
6.125
0.75
-14.125
10.0
19.875
-9.0
3.25
23.25
32.75
36.875
3.5
-13.0
10.875
41.75
43.125
-4.625
-12.25
20.625
15.5
-1.25
7.875
21.25
16.75
4.0
-1.75
-2.625
-3.375
-4.75
2.5
13.375
-2.0
-5.375
35.25
36.75
-9.125
-2.125
21.25
16.625
-11.125
-16.375
-0.75
-6.0
-2.25
4.375
6.75
-2.875
6.625
14.75
-4.75
-6.75
11.875
11.75
-29.25
-14.625
45.375
0.875
-44.375
-7.5
1.5
-12.5
-16.75
-18.375
-21.75
-13.25
0.5
-5.0
4.25
12.875
-7.125
-5.125
15.125
1.625
11.125
12.5
-38.0
-18.125
21.625
0.75
-18.625
-5.0
0.625
-6.125
3.0
7.5
5.0
16.625
11.375
-8.625
-5.375
-9.875
-8.25
-0.375
-12.625
-1.875
-2.5
-20.5
-24.625
-1.0
10.625
1.5
26.625
7.125
0.125
13.5
-5.125
-1.75
1.25
8.25
2.0
-18.25
-11.5
-2.5
-10.125
-1.375
-3.875
-15.25
-22.5
-29.125
-7.875
-30.625
-56.875
8.125
4.75
-73.5
-64.125
-20.5
-3.125
4.375
8.5
2.375
4.25
10.625
-7.875
-15.875
-6.75
2.375
-3.75
6.5
17.5
-11.125
-5.875
11.875
-13.875
-22.375
-12.0
-20.0
-7.875
2.5
-7.625
-10.875
8.375
17.25
-2.625
-13.875
-18.375
-9.75
33.5
14.375
-53.25
-14.375
23.125
-7.625
-13.0
-5.5
-0.625
11.625
18.625
17.0
12.125
8.375
5.75
10.25
15.875
6.625
-6.5
-13.0
-12.0
23.25
61.875
6.0
-41.875
-10.375
-1.125
-15.75
-16.25
-9.875
0.125
3.125
-7.75
-15.875
-37.125
-36.125
-1.75
12.875
14.25
-5.375
-27.5
-17.125
-2.75
3.375
-12.5
1.875
14.125
-34.0
-17.625
11.25
-13.5
-23.875
-7.25
0.5
-4.625
6.125
3.125
-14.75
-15.625
-10.875
-0.625
7.25
-3.375
1.875
20.75
2.0
-24.75
-27.625
-24.375
-15.625
-16.25
-16.625
7.875
28.375
-5.125
-31.5
-11.5
-0.625
-4.625
-4.75
-5.125
1.875
6.875
-10.0
-5.25
12.875
3.25
6.625
13.0
8.25
17.75
-4.25
-19.625
25.75
23.125
-8.375
2.625
13.875
2.75
-21.0
-20.625
1.75
7.875
-14.125
-24.875
-12.625
-19.25
-21.375
-2.0
-5.875
-0.625
1.375
-18.0
-11.875
-7.625
-2.875
-1.75
-12.375
-9.25
-24.0
-32.625
-4.125
0.375
-2.875
-12.25
-35.25
-25.375
-18.0
-24.125
-37.375
-46.25
-19.0
-9.375
-18.625
-1.125
-14.125
-13.75
4.75
-18.75
-25.125
-11.125
-11.75
-13.875
-12.625
-10.75
-6.0
6.0
12.25
-19.875
-45.125
-32.125
-1.0
10.375
-9.0
-18.25
-7.25
8.125
12.625
2.75
-3.125
0.375
-7.0
-5.25
0.875
-29.5
-30.25
14.75
8.125
-32.0
-14.75
12.5
3.75
-6.375
2.625
4.625
-3.25
2.25
-1.125
5.875
-0.375
-16.5
-4.125
2.875
-10.375
4.375
25.125
-8.25
-5.25
1.0
-9.875
2.625
1.375
15.5
4.75
-18.375
-19.5
-10.125
3.25
-1.625
1.625
22.375
24.375
3.375
-5.125
28.25
24.625
-25.25
3.875
27.5
0.625
-1.25
0.125
6.5
11.125
17.125
11.75
-19.75
-7.125
16.0
0.625
10.25
12.5
2.25
29.875
24.5
-6.75
0.375
13.75
3.0
-3.125
0.625
-3.875
-11.25
16.375
28.125
-13.25
-15.0
6.5
-2.875
-9.5
-4.5
9.625
18.375
5.375
17.625
13.625
-14.625
-10.0
-9.125
-27.625
-31.0
-4.0
4.75
-2.875
-13.0
-25.25
-6.75
6.25
5.875
-8.375
-24.75
-6.375
-2.875
-18.0
-6.875
-15.125
-30.25
-21.25
-23.375
-27.875
-13.125
-12.75
-7.625
11.25
2.5
2.75
8.875
6.5
-15.375
-17.875
22.375
19.75
-3.625
-18.5
-19.375
-14.875
-5.5
8.0
5.25
1.0
-7.875
-5.0
-1.5
1.0
2.875
-9.5
-6.125
22.375
24.5
-26.75
-39.0
4.125
-1.625
-12.25
14.5
22.75
20.75
4.0
0.625
20.75
21.375
13.75
4.75
2.625
24.25
16.125
-7.875
9.75
20.75
2.125
6.75
37.125
26.25
4.875
0.75
1.875
16.625
12.25
-2.0
-7.625
0.25
1.625
-8.375
14.125
13.875
-10.625
-9.5
5.625
15.5
-11.375
-10.25
8.625
-20.375
-21.25
2.875
2.25
10.0
3.25
-2.75
35.125
35.25
-7.0
-9.75
-5.125
-6.375
14.375
24.875
4.25
3.875
4.5
-2.0
6.375
-1.375
-5.0
7.875
19.875
22.0
-0.125
-17.125
-3.25
11.125
9.625
9.25
7.0
-11.75
-13.875
-3.375
5.0
10.125
14.375
19.5
-3.25
-9.625
6.5
6.75
21.125
21.25
-17.625
-7.25
21.375
9.875
6.0
11.75
18.875
12.25
6.625
-1.875
-5.75
9.5
9.375
7.125
4.5
0.0
3.625
13.875
23.75
-10.75
-38.75
-13.25
-5.0
0.5
-7.0
-33.0
-19.375
3.625
11.875
-0.75
0.875
2.25
-10.375
-2.75
-6.75
-3.0
-1.625
-21.625
-14.0
13.5
1.0
0.25
7.0
-19.25
-11.5
-20.25
-13.5
38.5
30.5
-5.375
-4.0
19.125
14.25
-7.375
-9.5
-7.25
16.125
17.5
-10.75
5.0
21.0
-1.75
-6.0
10.5
35.875
39.125
1.0
-0.125
35.625
10.125
-14.0
16.5
27.625
25.125
20.125
20.25
35.0
29.5
21.0
15.875
9.625
23.0
20.875
0.5
18.5
20.875
-11.875
2.875
17.0
18.0
27.25
30.125
30.375
17.375
14.25
11.125
24.125
49.875
0.0
-13.75
29.0
25.0
15.875
14.375
7.625
23.75
39.875
10.0
3.875
26.25
17.25
22.25
32.0
2.625
-5.5
15.875
6.125
-9.5
11.375
19.25
-0.25
17.125
35.625
-3.75
-17.5
28.375
40.125
8.75
-2.25
10.5
18.25
6.125
2.875
14.625
14.25
-4.5
-12.25
14.25
17.75
-0.375
19.375
25.875
-3.5
-17.75
3.875
15.125
-0.25
3.375
9.625
-3.625
-18.5
-42.25
-19.0
38.375
3.5
-24.75
-0.25
11.125
10.75
5.75
8.875
5.875
21.5
7.625
-7.875
15.75
12.25
5.25
29.5
19.5
-26.0
-19.375
-0.75
5.875
4.25
-19.625
-14.125
-10.375
3.25
35.625
-6.375
-37.0
0.125
1.625
6.875
22.75
1.625
-0.25
8.875
-1.875
8.625
53.0
47.0
-7.0
-14.75
1.875
7.625
10.25
9.5
11.5
13.875
11.5
17.875
35.375
34.375
35.75
32.5
13.25
7.125
11.75
11.75
16.625
43.375
30.875
6.125
10.75
14.5
15.75
32.375
30.125
0.75
2.125
27.5
44.625
43.0
15.375
-1.75
6.25
23.875
23.625
16.0
35.375
14.0
-5.375
29.5
24.625
-18.125
-12.125
8.625
8.0
7.5
21.5
22.125
11.75
29.375
39.125
-2.625
-33.0
-11.0
32.5
38.125
-7.125
2.25
28.0
23.0
36.25
13.25
-8.0
20.0
19.25
8.5
2.625
1.125
5.125
-19.125
-10.375
13.375
20.375
8.625
-22.0
-12.5
-3.125
-3.0
2.5
19.25
27.5
7.625
0.625
19.0
29.375
-0.125
-26.875
-17.375
5.0
18.375
0.875
2.75
44.75
9.125
-31.125
0.5
5.5
6.0
9.375
-4.375
-14.5
-17.875
10.875
26.625
-12.375
-25.625
2.125
3.625
-2.5
0.375
8.875
35.25
24.0
2.875
-1.0
-2.5
13.25
15.0
7.0
9.25
9.0
17.375
11.5
-0.5
11.75
9.375
4.375
8.75
12.75
5.875
-10.125
21.125
42.5
-6.25
5.25
35.125
0.0
-5.875
7.875
14.5
10.125
4.0
16.5
12.5
-2.875
5.0
14.125
28.0
35.0
20.875
11.875
2.875
6.125
5.25
14.375
62.25
45.0
-16.5
-1.75
14.75
-10.125
-17.125
-5.0
7.75
35.125
21.375
-24.125
-10.75
12.375
16.625
18.25
8.125
-3.875
8.0
23.375
10.375
-2.125
6.375
11.5
7.25
17.0
22.625
11.875
41.75
44.125
-9.75
-1.625
18.875
24.75
22.75
-6.125
-6.625
8.5
3.25
16.5
34.5
-3.125
-19.25
-13.125
-30.625
-27.625
-25.125
-30.0
-26.125
-25.875
-15.75
12.875
-4.875
-29.0
-10.375
-0.625
-1.375
-7.875
-1.25
9.0
-5.0
-11.0
1.625
22.875
23.0
-19.0
-28.0
0.75
-1.375
-12.625
3.0
13.625
2.0
0.5
0.75
6.25
45.625
21.125
-31.25
-0.5
15.0
15.5
16.625
-14.875
-18.125
-8.375
2.875
36.125
16.0
-12.375
16.875
15.25
-0.125
1.25
7.0
28.75
25.875
-1.75
-11.625
10.0
21.875
10.25
3.875
14.625
15.25
-19.25
-30.0
-20.125
1.25
22.375
-15.875
-19.375
2.25
-5.75
17.625
2.5
-28.875
-12.125
-2.875
-6.25
-23.375
-37.875
-16.875
3.75
-7.75
-5.625
1.625
-14.875
12.0
31.125
-9.375
-9.875
6.375
-8.0
-3.625
10.875
-1.875
-21.0
-14.0
1.625
-19.75
-19.25
-1.25
-11.375
-12.125
-16.875
-22.75
-20.75
-19.0
-28.625
-33.625
3.625
54.75
25.125
-18.0
-17.0
-13.125
12.875
5.0
-18.0
-3.125
-2.25
-0.5
6.125
-10.875
-10.0
9.875
5.75
2.125
3.875
-13.0
-13.125
-12.25
-11.0
-7.125
5.625
14.125
-2.5
0.375
8.125
16.5
12.25
0.625
4.75
18.625
18.25
6.375
39.125
71.25
26.0
-41.75
-35.875
-4.875
-6.125
3.5
25.25
28.625
15.375
1.75
-0.875
13.75
6.625
-2.875
9.0
5.375
8.125
18.25
16.25
12.375
11.875
7.0
10.5
11.375
-15.25
-9.25
25.0
20.25
5.875
21.625
7.125
-9.25
21.625
14.75
7.5
29.0
17.75
-19.5
-12.625
22.875
10.75
4.125
-0.875
-26.0
-7.625
13.625
9.125
3.25
-8.25
6.125
25.125
-1.125
-10.0
11.0
5.625
-9.375
8.75
22.625
7.0
-2.25
23.75
30.625
1.375
7.375
16.625
4.0
-3.25
15.25
27.5
4.125
4.375
-1.875
4.625
24.875
-12.25
-8.375
20.25
20.625
20.75
16.75
12.125
-4.125
12.875
38.25
-2.5
-19.75
-3.875
-21.0
-22.375
-6.5
8.625
10.625
-19.5
-13.125
12.25
-2.875
-8.25
17.125
16.625
-2.25
26.375
29.125
-20.125
-11.5
16.375
10.25
11.375
24.875
17.125
-7.5
-12.125
-3.25
3.25
2.5
-10.0
-17.25
-9.0
2.875
5.375
-11.25
-13.625
-7.875
4.125
11.5
5.5
17.625
33.25
47.75
29.25
5.5
21.125
13.875
12.375
18.125
2.625
2.375
12.875
23.0
37.75
44.625
-7.0
-29.0
9.375
30.625
11.5
-10.875
9.375
-3.375
-4.25
37.625
19.125
-1.25
14.625
16.125
9.5
13.125
8.625
3.5
16.875
14.875
4.5
1.875
12.625
35.125
17.375
-9.625
3.5
-4.375
-7.5
34.75
41.875
9.75
3.25
26.625
15.625
-5.25
18.25
20.125
1.0
4.5
1.875
-14.0
-4.75
-3.125
0.875
6.5
-14.5
-10.25
3.625
-7.25
-15.0
-16.5
-14.625
-3.625
7.125
7.625
2.875
0.625
-4.25
-3.625
-4.125
9.875
54.25
33.5
-34.875
-28.875
-3.5
-8.125
-5.75
1.0
-17.0
-26.375
1.875
-2.0
-17.75
-6.25
3.5
6.125
8.25
-7.0
-14.0
-2.375
-2.875
-10.0
-7.5
3.5
-2.0
-6.125
-8.75
-5.875
-1.875
-8.125
0.75
21.5
20.25
12.5
22.75
22.25
11.625
10.375
13.75
19.25
9.875
13.5
25.125
7.0
45.75
57.75
-18.625
-38.125
-0.75
18.5
20.875
12.125
4.125
22.375
25.75
14.625
18.75
25.25
23.875
6.75
7.875
14.5
-0.125
-2.5
19.75
27.5
16.125
-2.0
-14.875
12.375
53.125
38.0
-16.375
-13.0
29.25
25.75
-3.25
20.625
18.125
-15.5
7.75
17.75
22.0
14.75
-6.75
-3.75
-18.0
-25.25
-12.75
-8.125
1.25
-9.625
-23.0
-4.625
0.875
-7.625
-8.75
-5.75
9.125
18.875
-2.875
-4.875
12.75
-15.375
-8.375
24.875
17.25
5.875
-3.5
-6.5
-14.5
-9.75
9.5
4.75
-17.0
-2.625
19.125
3.625
-14.125
-17.375
5.125
6.875
-6.875
2.375
4.625
-3.25
2.625
13.0
-1.0
-9.625
-1.25
-5.0
-7.25
-12.75
-29.875
-7.375
24.625
6.875
-11.375
-11.75
-8.125
12.125
17.875
27.125
18.375
-12.125
1.125
20.25
15.5
11.625
25.25
2.125
9.125
39.625
0.375
-15.625
4.375
2.25
-13.125
-17.875
-4.75
2.125
11.25
21.125
15.375
14.5
25.5
26.625
9.0
8.5
17.25
4.625
-2.25
3.5
-4.125
-4.375
4.25
-3.625
-3.125
-7.0
2.875
30.5
7.75
-12.0
-0.625
13.0
38.875
32.0
-6.375
-12.125
3.375
5.0
10.0
13.0
-4.125
0.0
7.25
-8.875
7.5
41.625
10.75
-18.125
-3.75
4.0
20.5
4.25
-18.875
-10.75
-12.0
3.75
3.625
-12.625
2.75
0.375
-4.125
18.125
17.75
14.875
18.375
-1.125
-11.625
-12.375
0.5
16.625
-0.625
-26.125
-13.875
-14.875
-11.75
17.625
22.0
2.5
13.75
14.125
-11.625
2.0
5.125
-15.125
-9.625
14.375
-18.375
-29.0
2.0
-1.125
1.25
2.625
8.875
-3.625
-5.375
14.125
-6.0
2.25
-2.375
-18.375
0.25
1.125
3.375
1.75
14.875
21.375
-1.0
2.625
28.5
30.25
6.0
10.75
11.75
-12.0
-7.75
2.875
25.25
14.875
-22.875
-1.875
2.25
-11.0
4.0
6.75
-8.5
-2.5
-0.625
-32.0
-24.625
-7.75
-15.5
-12.25
-37.375
-36.625
-18.5
-33.0
-30.125
-3.875
2.125
-24.375
-24.875
-5.0
-3.875
-10.625
-13.375
-13.875
-2.0
-9.625
-26.5
-18.5
-20.0
-17.0
-19.875
-32.375
-21.75
-16.0
-2.5
6.5
-7.625
-5.125
-5.625
-14.625
-20.375
-13.25
-0.25
-18.5
-8.75
16.125
-14.0
-27.0
-11.125
-4.5
6.75
13.625
-7.125
-25.5
-14.125
11.375
2.875
-18.0
-0.75
11.125
20.5
9.875
-4.75
-0.25
-4.0
-8.0
-5.125
4.5
10.625
14.25
11.25
-8.75
-23.625
-18.875
0.0
2.75
1.875
-9.875
-24.75
9.375
15.25
-1.375
11.0
8.75
11.0
49.0
32.75
-21.125
-4.125
8.75
9.5
12.625
-29.75
-35.375
-15.25
-22.75
-6.375
21.875
4.875
-0.25
23.0
9.5
-14.25
-16.125
8.125
26.0
1.5
-14.375
-0.25
4.5
-0.875
2.75
17.0
12.0
-30.0
-14.0
28.625
-1.875
-19.625
2.25
0.0
10.25
23.5
-11.125
-22.5
-1.0
-6.75
-10.625
-3.25
-3.0
11.125
15.25
-14.375
-10.75
-5.125
-36.375
-28.625
-12.0
-13.375
-6.5
13.25
10.0
-8.0
6.125
6.375
-15.875
-16.25
-3.625
4.625
9.25
6.25
1.75
-6.125
-8.25
-2.875
-6.5
-6.5
6.5
0.5
-13.0
8.25
26.5
1.25
10.125
34.125
-13.5
-18.5
11.625
-2.125
-12.5
-11.625
1.375
17.75
24.375
20.25
11.125
31.625
13.75
-20.75
-1.5
8.25
1.0
4.25
20.5
11.875
-8.125
-5.125
-4.875
-11.875
-10.5
-6.5
-15.125
-19.25
-5.125
4.0
6.5
3.75
-4.75
23.0
9.0
-22.875
13.75
45.875
22.875
-8.5
-3.875
7.375
7.25
-5.0
-8.25
-1.0
1.75
14.375
0.75
-31.75
-18.25
9.125
-18.5
-48.125
-39.25
-31.75
-22.5
-14.625
-12.125
2.5
18.75
2.875
-18.125
-5.75
-6.5
-10.125
-5.375
-29.125
-23.0
-2.125
-20.375
-22.375
-1.125
-10.125
-11.5
4.875
-5.375
-17.5
2.125
12.625
-12.0
-16.125
-10.375
2.125
-1.625
-26.25
-12.25
0.875
-8.875
-8.75
-0.875
0.875
-7.5
-3.75
3.875
-3.5
8.125
28.375
-1.625
-18.375
9.875
-14.25
-12.625
20.0
11.5
12.875
6.375
-6.0
16.875
27.0
11.125
2.75
1.125
8.375
14.25
12.875
4.25
-15.25
8.5
66.125
17.125
-37.0
19.375
38.875
1.375
9.0
20.625
-19.625
-19.375
13.375
17.5
12.625
14.125
12.125
17.375
18.0
2.0
-2.375
-4.75
2.75
14.75
16.5
5.375
4.75
-2.5
-16.375
1.0
19.25
24.125
0.625
0.5
37.125
8.625
-18.375
18.25
25.375
-2.375
1.875
11.25
-14.375
-15.625
10.125
9.5
2.5
-6.125
-21.75
-17.625
2.75
28.5
25.125
3.5
19.625
27.125
6.5
2.75
10.125
12.875
21.875
18.25
3.75
2.875
4.375
-1.125
-10.375
-10.375
2.0
6.375
14.25
23.875
5.875
-10.75
2.0
31.5
13.375
-11.25
7.375
19.75
26.75
13.875
-11.875
-10.0
-3.5
4.75
14.125
-8.875
-10.75
9.625
1.0
-0.25
21.625
1.125
-16.125
7.875
7.25
-10.5
-10.125
7.75
21.875
36.375
27.25
-4.25
13.375
45.375
15.125
-10.0
3.0
-7.125
-10.75
1.625
3.875
-2.125
-9.25
13.875
24.0
1.125
9.625
16.75
-3.0
-1.0
1.25
-2.25
10.0
3.125
-11.625
-12.125
-12.5
-10.125
-8.875
-12.75
-28.625
-46.875
-41.0
-18.5
-13.0
-18.125
-10.5
3.5
1.75
-11.625
-11.5
-15.625
-18.625
-6.625
-5.875
-20.375
-3.75
3.25
-17.125
-12.25
-26.0
-29.375
-14.125
-17.625
-12.25
-9.0
-16.25
-6.5
38.75
1.5
-56.125
6.5
2.625
-40.875
-8.25
12.0
0.0
-4.75
-0.25
2.25
3.75
3.625
15.125
6.125
-13.125
0.125
8.125
-9.0
-13.375
-7.25
-5.25
-12.125
-9.625
-3.5
-0.375
5.875
-16.0
-21.5
0.375
4.125
-2.5
-6.0
-6.625
-0.75
-7.375
-12.125
-1.0
5.125
5.0
3.0
13.25
30.875
12.25
-19.875
-29.375
-17.375
-3.125
3.625
9.125
19.875
26.875
5.125
5.125
7.625
0.0
27.125
21.875
0.25
7.625
11.875
17.75
10.375
-1.125
16.25
37.375
9.25
-19.125
-14.125
-15.75
-3.5
14.75
7.625
9.5
22.625
8.25
9.875
16.875
-0.5
-4.25
-6.125
-5.25
1.25
5.75
17.0
15.5
17.75
13.25
-0.25
16.125
12.5
-3.5
2.625
-11.125
-10.875
6.625
-6.75
-20.375
-4.0
1.125
-10.125
-15.625
-6.875
-0.25
-8.875
-3.625
-4.75
-0.125
22.25
10.0
9.125
31.75
5.25
-13.25
-7.0
18.375
6.25
-13.0
-5.25
-35.75
-16.375
7.875
3.875
4.0
-22.25
-18.125
3.25
-7.625
7.875
19.625
1.125
-3.625
12.75
10.25
-14.375
2.25
18.125
4.625
-0.625
7.75
16.625
18.75
9.25
2.875
14.125
2.5
2.875
17.625
6.5
-3.0
4.0
5.375
2.5
15.25
10.125
0.625
6.25
6.25
1.25
-3.0
19.875
35.875
-0.25
-22.125
-5.75
-9.125
-19.0
-10.25
-6.5
-13.375
-16.75
-21.0
-1.25
13.375
-12.375
-13.25
3.25
-0.75
-20.375
-7.0
18.375
17.875
2.0
-28.25
-20.5
8.25
-2.875
-22.875
-23.5
-16.875
-11.5
-15.5
-15.375
-5.75
-4.75
-10.25
-0.75
8.625
6.25
-3.375
-10.125
1.25
1.5
-23.25
-4.875
2.625
-17.875
-4.75
-10.75
-8.5
12.25
11.5
3.875
-6.25
-3.5
-2.25
-0.625
7.125
-0.5
-0.125
11.5
11.375
11.375
11.5
7.125
4.625
6.125
13.25
-2.25
-14.0
0.25
30.125
52.125
-3.375
-34.75
-3.625
0.625
6.0
2.25
-10.625
10.25
21.125
-14.0
-6.625
17.5
-9.25
-8.5
6.625
7.25
1.75
-2.25
14.0
7.625
-4.25
-0.875
1.75
10.75
14.875
8.125
-2.5
0.125
11.5
7.25
-1.0
2.0
10.625
9.0
-10.0
-20.0
-10.875
1.25
8.625
12.375
4.5
2.625
15.125
24.75
1.625
-20.625
-11.75
-2.375
-0.375
3.0
5.625
-5.25
-8.125
-3.625
-7.25
-2.125
17.125
3.25
-11.25
-1.375
2.125
5.875
5.875
-12.5
-22.125
-10.0
8.375
-9.125
-20.5
5.25
13.75
6.75
-27.625
-35.625
-11.25
-7.375
-14.625
-15.375
-16.125
-16.625
-20.375
-22.375
-26.0
-34.75
-10.5
4.125
-6.625
-6.375
-10.125
-18.375
-17.75
-24.875
-21.0
19.75
27.125
-6.875
6.375
6.125
-15.625
-4.75
15.25
7.125
-24.875
-9.0
-2.125
-20.25
-19.0
-7.0
1.25
6.875
5.5
-11.375
-5.625
14.125
19.125
14.625
-5.875
6.375
18.25
-11.25
-11.0
-4.5
-5.0
-0.875
3.0
7.25
-10.125
-9.125
0.125
-15.0
-11.0
-8.25
-7.875
0.75
5.875
22.5
5.25
-25.75
-11.25
0.5
-12.0
-9.125
2.75
13.75
4.125
1.5
18.0
3.875
3.375
8.125
-7.75
-2.25
4.625
-5.75
-5.375
13.625
3.625
-23.25
-17.0
-2.875
5.625
12.75
-22.375
-41.75
-27.625
-19.0
6.125
3.0
-7.0
-13.625
-13.75
-1.0
-2.875
-0.875
-4.875
-6.5
4.125
-1.375
-0.5
1.75
-10.375
-20.0
-26.625
-10.75
1.375
-8.0
-14.375
-17.25
-6.5
-2.125
-11.25
-10.625
2.5
0.0
-8.625
1.375
-0.625
-3.125
16.0
11.0
-1.25
13.375
11.5
9.0
11.875
14.25
27.625
-5.75
-10.25
13.875
-9.75
-8.125
2.625
-4.875
-4.5
-7.5
-15.125
-9.875
-0.375
-3.875
-1.75
-3.125
-2.5
14.625
-0.375
-11.0
17.375
3.875
-15.75
-4.375
-21.875
-29.5
-16.5
-11.625
-0.25
-9.0
-14.0
15.75
-23.25
-73.375
-37.0
-3.375
-2.375
-7.5
-16.0
-39.625
-40.375
-14.875
-10.375
-31.125
-21.875
-12.25
-54.875
-49.125
-15.0
-18.5
-17.25
-19.25
-19.25
-1.25
-22.75
-42.25
-23.375
-22.125
-23.375
-25.625
-21.125
-20.375
-40.875
-32.875
-14.0
-13.375
-28.0
-15.125
8.625
-4.125
-2.125
2.375
-5.875
-12.5
-29.625
-29.25
-6.125
-3.5
-20.75
-33.875
-33.25
-11.5
-5.5
-13.0
-30.625
-26.375
3.75
7.125
3.5
2.75
4.625
20.25
6.125
-33.125
-25.0
24.625
14.125
-33.5
-18.375
-10.25
-17.75
-8.0
-1.25
-17.375
-24.125
-13.375
-6.875
6.75
-3.625
-19.75
-6.75
-1.25
-13.875
-22.125
0.25
3.875
-32.875
-30.375
-7.0
-8.625
-7.625
-2.625
-2.25
10.75
25.375
-7.625
-32.875
13.75
11.125
-41.5
-25.375
5.5
-1.375
10.25
34.875
22.125
-28.25
-13.25
15.125
-10.5
-13.375
-6.75
-2.25
1.0
-7.75
-24.875
-27.25
-11.875
10.125
2.25
-18.875
-12.625
-21.625
-22.375
-4.0
10.125
14.625
-9.375
-7.375
2.625
-8.75
7.625
-4.375
-13.25
12.125
-6.125
-11.25
8.125
7.625
15.375
4.625
-15.375
-3.0
15.625
11.375
2.125
-2.75
-23.125
3.0
18.875
-10.5
-21.25
-20.625
8.0
8.25
-6.125
3.75
-13.5
-19.25
-6.5
-2.875
-1.375
-1.875
14.875
14.125
0.5
1.375
-6.25
13.5
46.125
9.25
-11.0
18.875
15.375
18.375
-7.375
-28.25
-9.0
-15.5
-10.75
-4.25
-10.625
-0.125
6.625
-6.75
-14.375
-15.125
-4.75
11.75
5.25
2.125
17.375
21.375
17.75
16.75
33.75
17.0
-8.125
27.0
-9.875
-42.75
-11.5
-10.75
-24.25
-31.125
-28.875
-23.25
-14.5
-24.75
-21.125
-15.875
-13.125
4.875
-8.375
-19.0
3.25
15.0
8.25
10.625
-15.75
-24.375
0.25
-14.5
-31.0
-32.625
-13.0
-18.0
-45.625
-15.875
-9.875
-42.375
-16.0
-5.625
-43.5
-45.5
-32.5
-34.0
-33.75
-21.0
-16.375
-16.0
-12.0
-16.0
-16.625
-17.0
-33.125
-31.5
-9.5
-18.625
-24.875
4.75
1.625
-3.625
20.375
6.375
-15.375
-6.0
-6.0
-21.5
-13.75
-6.0
-12.125
-23.75
-26.25
-10.875
-10.875
-17.875
-26.625
-19.75
-4.625
-8.5
-33.125
-36.125
-8.625
-4.5
8.75
23.25
15.0
-5.125
-18.0
1.875
2.375
-12.875
-9.875
-16.25
-18.75
-2.875
0.5
-12.0
-14.75
-11.625
-7.75
-2.0
-10.125
-27.0
-14.25
21.25
24.375
3.5
-16.0
-4.625
11.75
-12.125
-5.625
17.625
14.125
5.875
5.0
7.75
21.0
21.875
-15.25
-13.5
7.0
3.125
-3.125
-8.375
-11.75
-8.625
1.75
-5.125
-3.125
3.625
-4.25
3.25
-19.625
-20.75
29.25
16.25
-23.0
-28.125
-29.375
-28.25
-17.125
-12.625
-21.0
-24.875
-19.125
-27.5
-29.25
-24.375
-26.25
-26.125
-14.25
2.625
-9.0
-23.75
-19.125
-10.0
1.75
6.5
12.5
7.25
-15.0
-10.125
6.375
1.25
-14.625
-8.875
-5.75
-9.5
-11.375
-23.875
-16.625
-2.625
-5.25
-5.75
10.25
-4.25
-14.875
13.875
2.0
-7.5
14.0
12.0
18.0
12.625
-26.375
-20.125
9.875
8.875
-5.75
-2.375
1.625
-25.375
-36.75
-37.5
-34.5
-9.5
-8.625
-11.875
0.375
-15.875
-24.5
-12.625
-15.125
5.625
2.5
-22.125
-3.5
-0.125
-11.375
-9.0
-4.0
-16.5
-25.0
-13.125
-12.375
-11.875
-8.875
1.0
-0.75
-0.5
2.625
10.125
45.875
15.125
-39.875
-19.5
-3.5
-5.75
-6.25
-12.125
-13.25
-16.75
-18.125
-7.25
-6.625
-17.5
-9.5
10.625
13.0
-14.25
-18.125
-4.5
-11.0
3.875
11.875
-4.375
-12.0
-1.75
-5.25
-28.125
-26.5
-22.0
-18.5
-16.5
-27.125
-36.375
-45.0
-43.625
-17.125
-11.75
-47.0
-26.0
5.25
-26.375
-32.0
0.5
-22.875
-42.875
-15.375
-20.0
-13.125
4.5
-11.75
-18.75
-0.875
-4.625
-22.25
-16.375
11.75
27.125
-11.125
-35.75
-25.5
-7.5
-7.75
-14.25
-4.0
-4.25
-3.25
-15.875
-34.5
-21.125
-13.125
-13.75
-10.75
-13.125
-8.75
-10.125
-13.5
-11.125
-11.875
-27.125
-26.625
-5.25
-8.375
-1.625
-7.25
-25.25
8.75
22.0
-23.375
-19.25
16.5
-7.625
-19.75
1.125
7.625
-4.125
-9.5
-13.25
-23.25
-14.75
-14.125
-15.625
-6.5
-10.875
-10.375
0.625
7.125
3.5
7.625
13.0
-2.0
-4.875
9.0
22.375
4.875
-5.0
13.0
9.75
-20.625
-17.75
-20.0
-40.5
-4.375
10.625
-23.875
-14.75
7.625
4.0
19.375
5.5
-15.75
7.0
19.875
5.0
-12.75
-12.25
16.75
26.5
-5.125
-9.125
1.5
-2.25
-3.875
-6.625
-10.0
-15.875
-11.75
-11.5
-16.375
-15.75
-9.75
4.0
-14.375
-22.875
3.875
-1.375
-13.625
-15.0
-19.0
-14.875
-14.125
-16.625
-11.25
-4.375
-11.875
-5.125
20.875
3.875
-20.375
-16.625
-15.0
-11.5
-8.5
-11.75
-6.25
0.375
-11.125
-17.375
-9.5
-13.625
-9.5
6.875
9.0
19.625
25.0
-1.0
-0.875
31.375
10.625
-16.875
4.0
3.75
-22.375
-23.125
-16.125
-12.5
12.625
24.125
-7.625
-17.25
8.625
29.0
20.875
-2.5
-0.25
11.875
11.375
5.875
1.875
2.5
0.0
-10.75
-6.5
-3.375
-12.125
-16.125
-12.0
-11.75
-31.75
-33.25
2.375
17.625
-3.0
-3.5
5.25
-10.5
-6.25
5.0
-0.875
-8.125
6.0
23.875
-0.625
-12.25
-6.625
-15.75
-10.5
-12.25
-22.375
-16.875
-13.5
-15.875
-14.75
0.125
-8.125
-33.0
-13.0
-0.875
-11.875
-2.0
-5.25
-21.75
-15.25
-8.125
-1.0
6.375
-3.375
2.0
15.0
16.625
8.0
6.125
15.125
2.0
8.0
-2.25
-31.5
-25.0
-7.5
1.375
-13.5
-7.875
5.875
-12.625
-11.75
19.375
10.25
-2.625
24.75
11.625
-14.75
-8.5
-2.625
-1.625
-0.875
-14.5
-22.875
-15.75
-13.375
-16.75
-35.75
-47.375
-25.625
-25.625
-38.375
-49.75
-52.25
-18.25
-1.0
-34.75
-37.5
-10.25
-31.75
-40.75
-9.875
-2.0
-4.875
5.5
-7.125
-6.5
-6.0
-35.0
-35.75
-19.125
-25.0
-27.625
-17.25
-17.0
-17.375
-18.5
-24.875
-19.5
-15.0
-29.0
-30.625
-15.375
-5.25
-16.375
-22.25
-11.5
-16.5
-5.125
13.875
-1.75
-10.75
0.75
0.0
4.25
5.75
1.75
-12.75
-32.625
-21.125
-8.0
-2.75
-2.5
1.25
-6.125
-27.125
-18.125
-9.0
-24.875
-26.75
-10.625
2.5
-4.625
4.625
40.625
7.875
-23.125
6.5
-15.625
-18.625
-7.625
-35.5
-15.75
-1.0
-3.875
3.875
7.0
15.125
-3.125
-24.625
-18.625
4.125
37.625
5.375
-51.125
-19.5
14.75
-0.625
8.5
27.375
-7.75
-44.25
-27.25
-17.625
-22.875
-15.5
1.625
-0.375
-9.25
-1.25
-4.125
-15.75
-15.75
-22.75
-24.875
3.875
3.5
-16.0
-5.75
1.25
-10.125
-30.625
-25.875
-3.25
-14.125
-23.25
-6.0
2.375
-8.5
-18.375
-13.625
-6.5
-8.5
-14.875
-9.375
-5.375
-8.625
-18.25
-23.375
14.375
10.0
-48.25
-48.5
-6.375
-7.625
-32.5
-16.125
15.875
0.0
-22.75
-8.5
-1.125
6.0
-2.25
-24.0
-8.5
-0.5
-20.25
-38.25
-27.875
-19.0
-22.5
0.625
3.5
-24.75
-35.75
-1.875
26.75
4.375
-18.25
-15.625
11.25
30.75
-14.125
-24.25
2.75
-16.75
-15.5
-0.375
-1.125
-12.625
-23.0
2.5
22.875
8.375
-11.625
-9.125
12.125
15.875
6.25
-0.125
-1.875
7.375
2.875
-13.125
-15.625
-3.125
1.375
-3.125
-12.375
-22.375
8.25
19.125
-14.125
-18.875
-0.75
8.625
-7.5
-5.0
8.75
-10.875
-12.125
17.375
15.125
-14.75
-20.25
-13.875
-10.5
-12.625
-11.75
-17.5
-41.75
-19.125
-15.0
-50.5
-24.125
-10.75
-36.125
-28.875
-16.875
-13.875
-10.625
-14.125
-16.375
-7.625
-6.5
-5.5
-6.125
-22.25
-2.125
-1.375
-20.75
-7.75
-12.875
-23.0
-22.75
-20.5
-7.0
-7.375
-27.625
-15.0
26.875
8.125
-40.375
-20.375
-3.875
-7.375
-5.375
-12.125
-6.375
-13.5
-30.125
-22.75
-14.0
-7.25
-15.25
-30.5
-12.75
-13.25
-21.75
-17.375
-0.125
20.75
-14.0
-40.375
-31.0
13.375
9.375
-44.5
-26.625
-9.25
-11.875
-13.875
-8.25
1.5
-4.375
-3.75
-3.5
-7.625
-22.0
-30.75
-20.125
-30.125
-29.875
1.0
-16.25
-44.25
-19.625
-2.25
-15.25
-21.25
-18.625
-11.875
-4.875
-19.125
-27.75
-23.25
-32.75
-33.875
-16.0
-20.25
-27.125
-24.125
-17.875
5.5
-10.875
-45.0
-28.375
-2.5
0.375
-14.25
-15.375
-11.0
-20.25
-15.75
-1.625
-18.75
-51.375
-50.125
-43.5
-48.125
-38.5
-25.875
-43.625
-57.25
-33.0
-20.25
-43.625
-36.375
-17.25
-20.125
-13.25
-22.875
-39.125
-42.375
-47.625
-51.875
-46.75
-40.0
-39.0
-37.625
-42.5
-49.0
-52.5
-46.625
-32.375
-13.375
-13.0
-44.625
-35.375
-9.625
-32.375
-35.375
-10.0
-22.25
-30.625
-21.25
-26.5
-42.125
-43.5
-29.25
-32.5
-36.0
-21.5
-4.625
-19.125
-30.75
-23.625
-16.125
-13.125
-35.875
-38.125
-32.375
-36.625
-11.5
2.0
-21.75
-29.125
-12.125
-25.625
-39.75
-35.375
-26.875
-6.5
-19.375
-36.25
-23.25
-28.125
-44.5
-27.125
-24.375
-25.375
-8.875
-53.375
-59.625
-11.625
-8.0
-21.75
-27.25
-13.625
-2.25
-7.125
-17.125
-16.5
-3.375
-3.875
-6.625
-8.75
-14.875
-18.75
-12.0
12.5
5.125
-24.875
-10.625
-1.625
-25.0
-22.625
-18.75
-31.0
-30.125
-32.75
-21.375
4.0
-15.0
-15.125
-22.0
-49.375
-29.875
-26.625
-36.625
-29.75
-26.375
-28.0
-23.25
-9.375
-4.25
-20.875
-22.0
-25.125
-40.75
-34.625
-29.25
-25.125
-23.125
-32.125
-32.25
-38.875
-38.625
-21.25
-25.125
-28.5
-22.75
-19.25
-18.375
-11.125
-10.75
-22.25
-27.25
-35.125
-29.0
-19.75
-23.625
-20.875
-12.125
7.125
3.875
-43.0
-45.375
-3.625
4.375
1.625
-2.75
-29.125
-42.875
-28.125
-13.5
-13.375
-13.625
-11.0
-8.125
-11.25
-18.875
-21.375
-16.75
-18.75
-17.375
-9.375
-25.5
-19.125
1.75
-29.875
-34.125
0.375
7.25
-10.625
-35.0
-25.125
-10.375
-18.25
-15.5
-27.125
-30.625
-16.5
-26.125
-29.25
-23.625
-16.125
2.125
-18.0
-29.25
-0.875
-7.0
-27.25
-23.75
-25.75
-18.375
-3.875
-12.0
-29.125
-30.5
-6.25
-10.25
-36.875
-30.0
-22.75
-32.125
-29.875
-16.25
-29.75
-39.75
-24.125
-19.375
-16.625
-28.125
-50.25
-29.375
0.375
-12.0
-24.25
-17.375
-4.75
-8.125
-14.25
-20.375
-24.75
-20.375
-20.125
-19.0
-19.0
-27.125
-32.0
-10.625
-12.25
-38.5
-22.125
-4.875
-9.625
-4.375
-12.0
-13.75
-18.625
-24.5
-10.375
-17.375
-10.875
-5.125
-14.0
-21.75
-27.75
-25.25
-19.875
-18.625
-26.5
-12.5
-1.25
-10.25
-19.875
-11.0
-22.25
-36.0
-10.5
-6.0
-10.625
-13.25
-17.875
-21.375
-21.5
-20.125
-19.375
0.625
-0.625
-38.875
-42.5
-14.25
15.0
9.0
-32.375
-29.75
-7.625
-10.5
-6.75
-11.125
-32.875
-21.125
-2.0
-1.0
-16.125
-30.625
-20.875
-11.0
-6.75
-6.125
-11.0
-5.625
-13.875
-32.375
-23.75
-16.875
-13.0
-11.875
-11.0
-11.0
-20.75
-17.0
-14.625
-8.625
-9.5
-25.25
-29.375
-33.375
-39.875
-48.625
-30.875
-16.625
-42.375
-33.875
-20.0
-39.75
-31.25
-9.125
-2.75
-9.5
-40.25
-45.75
-30.25
-14.375
-2.25
-29.25
-43.25
-48.5
-40.625
-16.75
-27.0
-40.875
-21.875
-14.125
-37.25
-26.5
-10.5
-24.5
-28.5
-25.5
-16.125
-23.25
-36.625
-27.375
-20.375
-15.0
-10.125
-18.75
-24.75
-21.25
-11.375
-21.375
-47.875
-28.0
0.5
-11.375
-22.5
-22.75
1.75
6.125
-15.25
-8.75
-2.375
-0.375
-6.625
-8.625
-21.625
-32.0
-13.375
-6.875
-2.625
1.125
-9.625
-21.125
-29.25
-15.375
-1.25
-17.0
-9.375
3.5
-17.125
-37.0
-26.0
-12.375
-15.875
-16.5
-13.625
-7.0
0.25
29.125
23.625
-19.75
-12.75
-9.5
-13.75
11.125
15.875
3.25
1.75
3.25
-2.625
-7.375
-8.75
-0.875
11.375
-5.875
-7.625
12.375
-1.75
-15.375
4.25
18.5
-7.25
-9.75
18.125
17.5
-0.625
-14.5
-15.75
-10.375
-6.625
-7.875
-2.0
0.875
-29.0
-33.25
-5.0
-13.75
-22.75
-16.875
-11.0
-2.75
-5.625
-1.0
-5.125
-21.375
-11.375
-18.625
-43.0
-19.875
-10.0
-26.0
-17.25
-18.0
-23.125
-5.5
22.375
5.25
-28.625
-13.625
-14.375
-14.375
24.75
-10.625
-52.5
-22.5
-11.125
-10.375
-5.125
-4.375
-10.5
-19.375
-24.875
-18.0
9.25
1.25
-19.75
-1.75
-8.25
-23.25
-15.75
-13.125
-7.875
-1.625
0.125
-7.5
-12.5
-19.25
-4.5
-3.875
-14.0
5.375
-0.75
-13.0
-6.0
-1.25
3.5
2.75
-3.875
-2.375
5.625
2.375
4.625
30.25
18.25
11.625
16.875
-11.0
-22.25
-8.25
5.5
2.0
1.75
14.875
14.125
-19.0
-29.25
-9.875
-25.125
-38.875
-8.5
-10.25
-32.0
-16.0
-11.5
-16.375
-17.375
-23.375
-22.125
-24.125
-27.5
-15.75
-11.375
-26.25
-18.625
-10.375
-15.75
-16.5
-4.875
-3.25
-14.25
-16.75
-19.75
-17.375
-24.625
-37.375
-47.875
-35.25
-15.5
-33.5
-40.0
-18.625
-6.25
-26.875
-31.375
-7.875
-8.625
-11.875
-4.375
-16.625
-25.375
-11.375
0.875
-2.5
-20.0
-13.0
-17.625
-13.0
31.375
-16.5
-40.5
3.0
-17.125
-14.75
12.75
8.5
6.875
-4.75
-19.125
-2.375
7.125
5.75
-0.25
-3.25
-1.375
-10.625
-15.5
-8.5
-9.625
-8.875
1.5
11.375
8.0
-22.125
-17.125
20.625
18.625
4.625
23.5
38.25
11.125
-13.25
-7.25
10.625
12.25
-7.625
-14.625
-6.25
-9.25
-7.5
-3.75
-3.75
-3.125
-19.125
-7.375
15.0
11.125
-13.25
-21.125
7.625
7.125
-2.125
7.0
7.25
-7.875
-10.25
5.25
17.375
3.375
-13.5
0.625
-3.0
-15.875
-11.25
-13.125
-5.375
9.0
-16.0
-35.0
-17.5
2.25
-1.875
-25.625
-26.125
-0.375
6.25
3.75
9.625
0.75
-4.75
9.875
8.0
-17.625
-21.25
-20.25
-34.0
-25.75
-7.25
-8.875
-13.125
-11.75
-3.25
5.5
6.5
-3.875
-15.25
-3.875
5.625
-14.0
-34.75
-34.375
-22.5
-21.375
-31.125
-21.625
-6.375
-10.5
-14.5
-11.75
-1.625
-11.125
-28.375
-16.25
3.375
7.0
11.875
-0.625
-15.5
-4.625
0.75
2.875
6.125
8.125
9.75
1.75
1.375
8.125
10.125
19.5
29.375
18.625
-6.375
-6.5
4.875
18.375
16.125
-3.75
11.625
16.75
2.625
-2.0
2.625
33.375
22.875
-14.875
-7.5
6.875
13.875
8.125
3.875
15.875
1.0
-6.25
12.875
14.375
6.75
14.625
33.375
23.375
4.125
10.5
9.125
14.25
19.75
-12.375
-10.75
-1.125
-20.375
-19.125
-9.0
-1.625
-9.25
-13.0
13.0
18.75
11.25
27.875
16.625
2.25
-3.75
-9.25
4.75
-4.625
-16.125
-1.0
-2.0
-10.375
1.375
-2.625
-7.375
-12.75
-13.875
-1.0
-10.5
-16.625
-11.0
-2.625
-22.5
-29.125
-7.5
-13.0
-24.5
-30.75
-13.0
-8.75
-23.375
2.0
12.125
0.25
-2.125
-16.125
-28.125
-18.875
-11.125
-6.75
-7.875
-3.25
-7.125
-17.75
-11.0
0.625
8.375
-10.5
-6.5
-2.375
-18.875
-0.125
12.0
-11.625
-18.125
-5.25
-13.375
-25.625
-6.375
10.75
-13.25
-21.625
-14.375
-15.625
-26.0
-38.0
-12.625
0.25
-2.25
1.875
-7.625
0.75
3.875
-7.125
-2.875
-19.5
-26.375
-6.875
6.25
3.0
1.0
3.625
-2.875
-4.125
2.0
-11.875
-1.125
24.0
-13.25
-18.25
13.0
15.0
-0.125
1.75
14.875
8.5
7.125
17.0
18.625
6.375
-13.0
-9.25
7.875
4.125
6.0
24.125
22.5
16.75
30.75
15.5
-0.375
-0.75
0.375
12.25
8.5
3.0
5.875
10.625
9.375
-2.375
-6.0
4.375
11.125
7.0
-0.25
0.375
14.375
11.0
-12.5
1.5
5.5
-17.25
-13.875
-7.375
-1.75
13.125
18.125
5.5
-3.25
-5.375
-3.0
0.875
4.0
4.25
14.75
6.875
-14.625
16.125
20.125
-24.0
-28.625
-9.625
-8.5
2.0
5.375
-21.0
-18.125
-6.25
3.5
14.0
8.5
3.5
-8.875
6.75
24.125
-7.75
-12.625
7.25
7.25
-4.75
5.125
30.75
-1.875
-15.0
15.5
8.625
-2.375
11.125
23.0
3.75
-16.875
-10.125
-5.875
-14.0
-4.125
7.625
1.625
0.75
-5.125
-6.0
1.75
-9.625
-25.375
-15.375
2.0
19.25
25.75
18.75
11.5
0.75
18.5
32.125
12.0
6.0
5.875
-8.25
-22.75
-13.125
-3.125
-13.25
-14.625
-16.75
-24.5
-24.125
-27.25
-20.875
-9.125
-13.0
-11.625
-1.5
6.625
17.375
14.75
2.625
-0.125
-6.875
-10.625
-7.25
-5.0
-21.625
-30.625
-19.375
-23.0
-41.125
-38.125
-22.75
-35.75
-37.25
-30.75
-40.75
-26.75
-10.5
-24.125
-27.25
-13.75
-1.75
-22.75
-25.625
6.5
-4.0
-24.625
-17.75
-6.25
-13.75
-11.75
-0.5
-20.5
-34.375
-20.125
-16.875
-21.25
-34.625
-29.5
13.625
14.125
-24.125
-26.875
-11.375
4.875
3.375
-34.875
-42.125
-5.75
-10.25
-21.75
-5.125
1.75
-6.25
-22.25
-11.875
0.75
9.5
-4.0
-26.5
-12.125
-1.0
1.125
3.125
-3.625
-7.75
5.125
-1.875
-10.75
4.25
1.625
-15.625
-10.375
6.75
8.375
-11.625
-25.0
-5.375
7.0
-10.0
-11.75
-0.25
-2.75
1.125
-3.5
-14.625
0.875
21.25
30.375
31.75
34.125
16.625
-6.0
1.875
-0.25
-3.75
9.5
15.375
3.875
-13.125
-9.25
5.75
2.0
-6.5
-2.75
1.875
5.5
10.0
3.375
-11.25
-0.25
22.5
34.375
10.875
-17.375
10.0
23.0
0.375
10.375
12.25
-9.375
-7.5
-0.5
-9.375
-9.625
-4.875
-19.375
-15.25
-9.25
-14.5
-7.125
13.25
11.875
2.0
21.0
30.75
12.875
-0.5
2.625
11.75
13.0
-6.125
-4.125
-3.125
-14.75
-4.625
4.375
-2.375
-3.875
23.25
20.75
-4.875
12.375
0.125
-18.25
14.125
24.875
13.125
14.125
9.0
-0.625
4.25
7.25
12.0
6.875
-13.125
-3.0
18.375
14.0
-2.0
8.375
17.625
-13.625
-6.125
11.5
-0.25
0.625
6.625
6.125
-5.0
-7.125
-15.125
-30.625
-24.125
-2.25
10.125
7.875
6.125
5.75
12.5
23.125
16.375
-0.5
-5.875
-0.375
2.125
-4.75
-4.25
19.75
9.0
-7.125
6.5
-7.625
-10.75
15.625
-0.375
-21.75
10.375
24.5
-15.375
-9.5
31.25
0.625
-15.5
15.25
8.625
-0.5
8.0
0.5
0.25
16.0
8.25
-10.0
-3.75
4.875
-5.125
-6.625
4.625
8.75
1.75
1.5
0.75
-10.5
6.5
-4.875
-23.875
26.875
36.25
0.25
11.125
27.25
19.875
9.125
-2.625
5.625
28.625
24.125
12.0
-0.25
9.25
28.25
7.5
5.75
19.125
-5.75
-2.625
25.375
17.75
3.5
3.375
18.625
19.125
3.75
10.0
16.5
15.75
15.875
1.5
7.75
18.625
16.0
5.75
-11.625
-0.125
22.875
31.125
28.25
7.875
-15.0
22.5
40.625
1.875
-3.125
7.625
6.75
-11.125
-14.625
-0.125
-13.125
-14.25
3.0
3.125
-7.125
-10.125
-1.25
-4.625
-1.5
22.5
17.875
-7.375
2.5
26.875
22.375
8.75
-13.125
-9.25
18.125
18.375
11.625
1.5
15.875
22.25
-4.875
-12.125
7.375
32.875
15.0
-11.75
1.25
4.5
-5.0
-3.0
-3.875
-8.75
0.25
3.375
-10.375
-4.625
5.375
0.625
1.625
9.125
6.25
-7.125
0.75
14.625
15.75
10.125
3.5
-6.625
-3.375
14.875
28.125
14.75
-22.0
-18.875
-0.375
-1.125
-11.25
-15.25
6.875
15.625
-7.5
-7.25
8.0
8.375
5.0
7.25
12.375
8.625
4.25
-0.5
11.625
8.5
-8.25
-6.625
-3.75
15.5
25.125
-1.0
-20.75
-11.0
0.375
-7.0
-1.875
12.5
-0.875
-16.375
3.5
8.375
-2.75
0.375
-13.5
8.375
52.75
1.625
-42.125
-16.25
0.75
9.875
-5.375
-18.125
-5.5
-3.75
-5.875
6.875
-6.0
-16.25
-6.25
-21.625
-26.875
-17.25
-1.375
10.125
-1.0
-0.625
5.75
5.125
-4.0
3.75
15.375
-7.625
-14.625
-3.75
5.375
14.625
3.375
0.25
5.875
-13.5
-21.375
-20.875
-20.625
7.5
30.0
12.75
5.0
7.75
-7.25
-18.625
-3.25
20.875
3.125
-7.125
-6.5
-7.125
16.0
12.0
-16.125
-4.375
4.875
-18.625
-15.875
-14.625
-2.25
1.0
-19.0
-16.375
-23.25
-20.25
18.625
25.25
-22.25
-34.0
6.625
6.875
-19.75
-10.0
-9.75
-2.5
14.75
6.0
-2.875
-14.5
-10.5
-6.875
-21.5
-17.625
-17.0
-24.375
-18.75
-20.5
-3.125
19.0
2.25
7.0
15.125
-27.0
-26.5
2.375
1.25
-6.5
-16.0
-17.75
-10.0
3.25
-0.375
-18.875
-19.875
-5.75
-7.5
-21.75
-11.625
-7.0
-19.25
-9.25
8.875
4.5
-18.25
-8.125
4.625
-10.375
-9.25
-9.5
-0.75
14.75
-4.875
-20.25
-12.0
-22.25
-20.0
-4.125
-4.875
-0.25
-0.375
-3.875
-4.375
-30.75
-26.375
-5.25
-5.75
-13.375
-11.125
7.625
-11.375
-20.375
-9.0
-22.125
-31.75
-31.375
-13.25
-19.75
-36.625
-17.125
-16.0
-9.0
-5.25
-30.625
-41.25
-38.5
-23.0
-11.0
-17.25
-7.875
-4.625
-13.125
-5.0
-13.5
-12.875
15.5
-28.5
-62.125
-4.75
15.25
-4.75
-14.875
-10.375
17.875
20.875
-5.625
-27.5
-27.25
-2.875
2.625
-22.875
-17.5
18.125
5.125
-20.25
-14.875
-16.125
-18.5
3.875
7.375
-12.0
3.125
36.0
40.125
28.375
7.125
-3.75
-9.5
-5.875
14.625
5.5
2.625
27.125
51.0
46.25
15.375
-2.875
6.625
38.625
43.375
11.5
20.375
38.375
35.75
41.25
38.625
38.125
26.125
37.125
56.75
28.75
40.25
63.0
50.0
37.75
25.875
24.5
36.625
38.25
28.5
33.625
40.25
28.0
10.625
27.0
39.375
33.875
58.25
75.75
38.75
16.375
36.875
42.625
43.875
38.875
31.125
39.0
33.625
12.25
15.75
49.75
16.625
-11.875
32.75
22.625
18.625
50.5
36.0
20.0
16.875
25.875
34.875
31.875
28.125
13.125
19.875
30.5
21.75
19.375
13.75
10.875
35.5
23.25
-18.375
10.375
33.25
8.375
13.5
40.125
41.25
5.0
6.875
31.25
20.625
10.375
8.875
14.375
12.25
14.875
26.875
22.125
0.125
-12.125
-5.875
15.0
31.75
30.5
17.625
19.0
25.875
3.125
2.375
14.125
4.5
19.75
35.0
23.25
14.5
9.625
4.75
36.25
24.5
-16.25
-2.875
7.875
17.375
25.5
3.125
-0.875
9.875
8.875
31.75
29.125
13.25
20.25
12.75
4.75
10.125
14.125
15.625
12.875
7.625
24.75
24.125
19.125
12.25
-10.375
7.375
12.5
-6.75
-3.75
4.0
28.125
37.5
24.75
25.25
10.0
9.5
16.625
7.25
12.75
16.875
8.625
4.25
21.75
44.875
2.125
-30.875
30.625
44.875
-1.625
5.0
25.375
12.25
1.0
10.0
17.5
9.375
-5.5
-6.125
4.625
-2.625
-11.625
4.75
23.0
14.375
-7.875
3.5
19.5
-10.625
-35.25
-6.625
29.75
38.375
20.25
4.75
17.75
11.25
-1.375
3.5
11.625
37.125
3.0
-22.375
42.5
19.0
-24.0
5.75
11.75
18.75
17.25
9.5
16.0
14.0
22.75
29.625
-0.875
11.75
36.75
6.375
7.0
21.25
20.75
26.625
21.75
16.125
19.375
22.625
18.0
27.75
54.125
40.625
16.625
25.5
16.875
8.875
19.625
33.875
13.125
-7.375
7.25
15.25
35.625
26.0
-1.5
17.625
28.25
9.0
9.75
29.625
26.5
18.125
31.875
14.875
1.25
20.0
10.75
17.375
30.5
16.25
16.625
29.625
16.125
4.875
18.5
17.125
5.25
7.25
10.625
23.625
23.25
2.625
5.125
25.125
10.625
-6.25
7.625
12.375
11.25
13.625
16.625
0.5
-4.125
30.375
47.5
-21.875
-58.375
-10.125
17.125
17.875
24.625
16.75
6.375
16.375
2.625
3.0
25.375
8.625
-4.125
18.375
31.625
22.625
7.5
2.125
14.25
16.0
11.375
28.375
25.125
-0.625
-14.0
-7.0
4.5
10.5
4.0
-23.375
-25.375
8.125
-11.5
-28.0
25.875
22.75
-14.375
-1.25
4.5
-9.875
-6.875
15.0
20.25
5.0
-2.875
-2.0
0.25
-2.375
1.625
3.375
-12.75
-8.625
10.25
-5.625
-23.5
-9.75
-1.875
-30.5
-32.0
-1.0
-6.125
-13.625
-7.75
-17.125
-29.75
-9.5
23.0
15.625
6.125
0.75
-5.0
-5.75
-7.75
-8.125
-9.0
-7.375
-9.0
-15.625
-2.5
4.75
-6.0
-18.125
-10.125
13.625
10.25
0.875
-8.75
-20.625
-4.125
-4.625
-14.25
15.375
5.375
-20.25
-1.125
9.375
2.125
-12.875
-11.875
-0.625
-18.25
-9.625
10.0
1.625
1.75
13.5
18.875
21.875
22.375
10.875
3.0
-1.125
9.25
11.625
-7.875
-1.5
10.0
-4.375
-13.875
-8.75
1.875
5.875
0.25
12.875
23.5
-8.375
-5.5
21.75
3.5
-6.25
-0.125
23.375
34.375
8.125
-4.375
1.0
7.625
16.125
16.625
12.0
14.5
5.0
9.625
14.25
9.75
19.375
-1.375
8.125
14.75
-17.375
-17.0
-0.625
11.875
11.875
4.0
4.375
7.125
10.875
17.75
11.5
16.875
14.25
9.375
1.75
-10.125
7.75
13.5
10.375
3.0
-2.25
20.0
29.125
6.125
-2.625
-10.0
-5.625
12.0
-4.375
-2.875
15.0
-6.125
-9.375
21.25
33.375
11.875
-7.75
-10.5
-7.625
22.125
33.0
4.5
-4.5
1.5
0.5
7.625
16.0
11.0
3.0
0.5
5.0
8.875
19.25
29.375
9.75
0.625
17.25
15.125
1.5
1.125
12.5
4.375
2.75
8.5
8.5
25.125
10.25
-0.75
-9.75
-3.25
30.375
23.0
10.25
23.25
39.75
15.125
-18.625
-9.75
8.375
10.75
8.25
9.0
17.125
25.375
-1.75
-16.375
9.375
14.5
-0.875
-3.625
8.25
7.875
2.375
15.125
14.0
-5.0
6.375
20.125
1.375
3.25
18.0
10.75
34.25
26.25
-19.375
-9.25
15.125
19.0
-8.0
-2.25
40.625
15.25
-13.875
-1.125
6.5
7.375
3.375
-2.125
3.25
-6.875
-14.375
-3.875
-9.5
-30.625
-30.25
-10.5
-13.875
-10.625
18.5
-13.75
-49.875
13.125
39.5
3.25
-14.75
-1.0
6.5
-8.5
-5.625
-6.875
-6.75
4.625
1.5
-5.25
-5.75
-5.875
-5.125
-5.375
-8.125
-16.75
-15.75
-3.375
-10.0
-17.5
0.875
8.125
-13.0
-11.125
8.75
8.25
-8.375
-23.5
-19.25
-4.375
6.125
3.25
-13.0
-9.625
8.125
10.875
13.875
20.75
-16.75
-37.5
0.375
18.25
25.0
22.875
5.0
13.25
21.625
18.875
7.375
-13.75
3.75
17.0
-0.125
3.875
-1.375
7.75
25.5
-7.5
-6.875
4.125
8.25
20.625
5.5
2.75
11.375
23.0
19.875
-1.0
-4.625
15.75
34.5
18.625
0.125
13.375
6.75
-13.5
-8.125
7.375
15.125
10.375
-4.375
-0.25
20.75
13.375
-2.5
-5.25
-0.125
20.875
34.25
26.375
-3.25
-9.125
8.5
13.75
33.625
9.0
-4.375
21.75
7.75
-7.75
0.0
12.25
8.625
8.0
15.625
18.75
15.25
12.625
16.375
-0.625
-0.375
20.375
-6.625
-16.75
-0.125
4.25
21.0
13.25
7.0
40.375
41.625
22.625
13.875
12.75
18.25
3.25
9.875
13.875
3.875
29.25
31.5
15.625
35.75
13.375
-8.75
20.875
17.5
7.125
20.25
19.75
12.375
8.5
1.625
10.125
21.125
15.125
-7.125
-9.25
17.125
30.375
8.0
5.125
28.875
15.0
11.75
33.875
24.0
11.875
32.5
40.5
36.75
45.375
44.0
50.5
51.0
23.875
41.75
66.0
42.75
20.75
45.5
70.5
57.625
39.25
35.25
42.25
48.75
56.25
40.125
29.5
39.375
45.625
49.5
36.375
38.25
57.125
32.0
24.375
51.875
50.625
59.375
61.25
49.125
65.625
55.375
38.5
41.5
30.875
48.625
67.0
52.0
42.875
43.125
46.0
54.0
55.875
50.5
52.75
54.625
55.875
49.0
40.125
40.75
43.25
42.875
44.75
60.125
70.5
60.875
50.5
51.375
81.0
60.75
18.5
46.0
58.625
41.625
27.875
25.25
34.0
37.5
49.75
62.375
63.875
64.875
47.0
31.875
28.375
38.0
49.875
45.125
41.375
34.375
36.25
59.125
56.375
29.0
34.5
43.25
40.75
31.5
25.125
49.625
62.875
41.5
37.0
48.375
38.25
44.75
41.625
46.875
72.875
54.0
34.25
49.75
59.75
57.5
59.75
46.75
60.375
73.375
55.625
68.5
76.125
58.125
43.0
51.25
68.75
60.0
51.75
71.75
80.75
79.375
85.5
69.0
68.75
76.625
39.375
41.875
64.5
58.0
59.75
67.125
62.875
46.5
46.875
82.25
80.75
49.0
54.5
54.875
38.875
37.5
34.5
22.625
39.125
52.0
51.5
73.625
78.5
56.75
45.375
56.375
52.375
39.125
33.5
31.875
38.375
51.75
53.75
40.125
36.375
45.125
50.75
41.25
37.5
41.125
41.375
44.125
47.25
33.625
27.25
49.875
55.125
41.125
30.625
27.25
41.75
41.5
21.625
20.625
38.875
44.75
36.5
29.875
50.0
68.75
52.5
9.75
9.375
47.5
39.625
28.875
31.875
32.375
32.25
28.25
32.625
22.75
16.0
37.875
34.0
-8.875
0.0
48.125
45.25
25.75
22.5
5.125
0.75
30.875
29.125
24.5
27.125
18.375
39.375
43.625
28.5
13.75
10.875
34.875
42.75
17.75
9.125
20.875
8.25
-2.375
14.625
11.375
-8.0
13.125
39.375
31.375
16.0
19.25
22.5
23.75
5.625
-29.125
-14.375
18.25
31.5
19.375
-7.0
0.25
8.75
-1.5
11.375
24.25
10.5
-0.625
14.125
4.125
-2.375
24.5
9.5
-5.375
5.75
10.875
5.625
9.125
12.875
2.375
4.25
9.625
13.75
25.5
22.5
13.125
21.0
27.0
30.875
20.375
13.25
20.875
15.0
19.5
29.625
26.25
28.625
34.25
35.75
30.625
16.375
14.625
24.125
34.0
44.5
31.75
10.5
16.75
38.125
58.75
71.875
71.5
63.0
65.125
68.125
58.75
65.625
55.0
33.625
39.625
51.375
47.25
3.5
4.125
48.75
36.5
34.75
71.75
65.875
47.125
52.375
55.5
52.75
55.375
48.75
25.125
40.125
81.5
63.0
36.375
44.125
66.375
67.75
33.875
36.375
40.0
42.125
47.875
32.5
40.875
72.125
54.875
31.5
53.875
44.125
19.375
26.5
40.0
45.0
31.375
18.0
25.125
53.875
60.25
19.0
7.25
23.25
36.625
56.125
47.75
15.25
11.25
21.375
21.625
22.875
24.375
33.0
51.25
46.625
16.625
32.375
54.75
23.625
23.875
44.25
20.625
20.75
43.0
34.5
40.625
23.625
-21.0
-18.375
12.25
26.375
19.0
16.5
16.5
22.625
28.75
14.0
16.0
2.75
-7.375
16.5
7.125
-12.375
-1.125
9.125
14.5
36.125
41.5
13.75
-0.375
-10.5
-1.375
19.875
6.5
6.0
12.25
0.875
-5.125
4.375
-0.375
-8.75
-0.25
-1.375
-3.25
7.5
11.5
10.375
20.0
21.5
14.0
11.375
4.0
7.75
13.875
21.875
30.5
27.25
31.125
26.875
28.875
42.5
37.875
41.625
62.0
48.75
22.0
20.0
32.125
36.375
19.375
8.25
9.75
16.5
30.125
42.0
32.625
23.75
16.875
21.875
39.625
16.375
1.875
22.25
39.125
43.375
39.0
24.0
14.125
21.25
12.125
-1.625
9.75
13.375
10.875
7.125
2.0
16.625
15.0
0.625
7.125
5.75
4.5
17.875
24.5
30.25
9.125
-5.375
5.875
11.25
13.125
5.5
15.5
25.25
24.5
3.375
-24.5
4.125
28.25
10.875
7.25
9.75
6.75
6.125
-6.5
7.625
23.875
8.625
-0.5
-16.0
-16.875
5.125
12.75
7.375
-2.125
-1.875
-0.75
-9.75
-6.0
0.625
-11.375
-14.125
-0.25
-9.25
-29.0
-20.0
-5.25
-18.125
-24.0
-23.125
-52.625
-57.375
-15.0
9.75
5.875
-9.75
-24.875
-28.125
-16.375
-18.125
-34.5
-31.25
-21.375
-18.625
-11.125
-12.0
-21.0
-22.375
-17.625
-11.625
-22.625
-26.75
-19.5
-16.375
-7.875
-14.0
-22.625
-17.375
-10.375
-13.625
-18.125
-11.375
-20.75
-22.0
-7.375
-11.0
-18.375
-22.0
-21.875
-12.875
-5.25
-10.75
-18.125
-24.125
-27.375
5.0
14.75
-28.0
-20.25
2.875
-4.875
-14.0
-18.875
-13.375
-13.75
-24.25
-32.75
-27.25
-26.75
-6.375
19.125
4.75
-20.125
-12.875
-0.375
-6.125
-12.625
-23.25
-27.375
-24.0
-19.25
-23.75
-37.875
-33.75
-33.0
-43.375
-41.125
-28.5
-13.625
-20.5
-19.625
2.375
