18.5
17.375
20.5
19.25
16.125
18.375
19.125
17.75
17.75
16.5
13.875
14.875
18.5
15.75
11.125
13.25
16.125
15.5
14.75
14.875
12.875
10.0
11.125
12.875
12.5
10.625
8.625
8.5
7.75
5.0
3.625
4.625
5.5
6.0
7.5
7.5
6.5
7.0
6.0
5.0
4.125
2.75
3.5
3.375
-0.75
-2.25
-0.375
1.5
3.125
6.875
10.5
9.0
8.875
11.625
14.75
19.125
21.75
21.25
18.75
17.75
18.5
16.125
13.75
11.875
9.0
5.75
3.625
1.75
-2.375
-3.375
-0.625
3.625
9.375
14.25
16.625
16.25
15.625
14.875
13.875
14.25
15.75
15.75
12.125
7.625
5.875
5.875
5.25
5.25
5.25
3.125
1.25
-0.125
-0.875
-0.25
1.0
2.625
1.0
-2.25
-5.625
-8.625
-7.75
-5.125
-5.25
-5.125
-1.0
-0.75
-5.125
-7.25
-7.875
-7.125
-3.375
2.0
3.625
1.875
4.5
9.5
11.375
10.5
10.125
10.125
9.5
10.625
13.25
13.375
10.625
8.75
5.625
-1.125
-4.625
-4.25
-3.75
-1.0
3.75
8.25
12.75
16.5
17.125
16.0
16.5
19.125
21.125
20.0
19.25
17.625
15.0
15.5
14.625
11.75
9.0
4.625
0.0
-3.0
-4.75
-5.0
-1.5
1.25
3.25
6.125
6.375
6.0
7.25
8.875
7.75
6.125
6.875
6.125
3.875
0.25
-3.375
-4.125
-6.375
-8.375
-7.0
-5.875
-6.25
-7.0
-6.125
-5.375
-5.0
-1.375
1.375
2.625
4.25
3.625
3.5
4.625
5.75
7.5
8.875
8.625
6.0
2.125
-1.5
-1.25
0.875
2.125
3.0
3.0
3.5
6.75
9.625
8.625
5.5
4.5
6.75
8.375
9.75
12.25
11.875
11.25
11.875
9.75
8.375
10.875
12.625
12.5
10.75
8.0
6.25
4.5
4.0
3.625
2.875
2.75
0.625
-2.5
-2.875
-4.25
-8.0
-9.875
-10.125
-13.125
-17.125
-15.5
-11.75
-9.5
-8.25
-5.625
-2.75
-3.375
-3.125
-2.625
-5.5
-7.375
-6.0
-5.125
-2.875
2.25
4.625
3.125
1.5
2.5
5.0
7.125
7.125
5.5
6.75
12.0
14.625
13.25
12.625
10.375
5.75
4.0
4.125
2.375
0.75
-0.375
-1.75
-0.125
3.375
4.0
5.25
8.25
8.0
7.0
6.125
4.875
4.125
-0.375
-5.125
-4.125
-3.5
-5.75
-4.25
-1.125
-0.625
-2.125
-3.75
-2.125
0.625
2.25
2.5
1.75
2.375
0.25
-1.125
0.875
0.125
-3.25
-6.125
-7.375
-9.5
-12.875
-16.0
-18.875
-16.5
-11.25
-7.0
-2.875
0.0
3.125
2.25
-2.625
-2.5
0.625
1.75
4.875
5.875
0.75
-2.0
-3.5
-6.25
-5.25
-2.125
-0.5
0.25
0.875
2.0
4.0
5.75
5.375
1.75
-1.25
-1.5
-1.375
-1.375
-0.5
-1.25
-5.0
-4.375
-2.75
-4.375
-5.125
-5.0
-4.75
-3.25
-1.25
-1.375
-1.25
1.5
1.75
-1.5
-4.75
-7.125
-8.0
-7.5
-6.0
-6.75
-9.125
-8.125
-5.875
-7.625
-11.125
-10.125
-6.875
-4.875
-1.75
0.125
-0.625
-2.625
-6.75
-10.5
-13.125
-12.25
-9.75
-10.375
-10.5
-11.875
-13.125
-10.125
-6.5
-5.5
-7.0
-7.25
-6.75
-7.25
-6.125
-4.875
-3.875
-2.5
-0.25
-0.125
-0.5
1.625
2.625
1.75
2.375
3.375
1.5
-2.375
-5.375
-6.125
-5.125
-4.375
-3.25
-5.375
-10.75
-12.0
-9.875
-7.125
-5.75
-4.375
-3.0
-3.125
-1.75
-0.5
-0.375
-1.375
-2.875
-2.625
-3.0
-3.75
-4.25
-8.0
-13.25
-16.125
-18.5
-20.625
-19.25
-15.625
-13.875
-12.25
-8.0
-6.125
-7.625
-7.25
-3.75
0.0
3.625
6.125
5.125
3.75
1.875
-2.75
-5.125
-3.375
-2.375
-3.625
-3.5
-2.5
-5.0
-6.75
-7.375
-10.375
-11.125
-11.125
-11.25
-8.625
-5.25
-5.0
-3.875
-0.25
2.75
5.875
9.0
7.875
4.0
1.0
-2.125
-4.625
-4.25
-3.875
-6.125
-5.375
-1.875
0.75
3.0
5.0
6.625
8.125
10.875
13.125
10.5
8.75
9.5
7.625
4.0
0.625
-2.0
-6.75
-10.375
-10.125
-9.25
-7.125
-6.875
-7.25
-5.75
-5.75
-6.0
-4.625
-4.375
-5.125
-4.875
-1.875
1.625
1.625
-0.125
-4.375
-9.75
-11.625
-11.375
-11.5
-8.375
-6.625
-9.125
-9.375
-6.5
-3.5
-1.5
2.125
6.375
6.375
4.375
8.5
11.75
8.25
4.75
1.625
-2.625
-6.875
-8.375
-9.625
-11.125
-9.25
-5.375
0.5
1.875
1.75
4.25
3.25
2.5
2.5
0.875
-1.375
-1.875
-2.75
-8.25
-11.5
-10.625
-9.75
-8.625
-6.875
-6.0
-6.625
-5.625
-3.375
-2.375
-1.125
1.75
4.5
8.75
14.375
18.75
20.875
23.5
25.75
23.5
17.375
11.5
7.5
3.625
2.25
-1.0
-6.5
-5.375
-2.625
-5.75
-6.875
-1.75
1.625
2.125
3.25
5.375
8.625
10.25
11.375
12.0
7.375
0.0
-2.75
-0.5
0.125
-1.875
-3.75
-4.25
-2.25
-1.0
-3.125
-2.875
-0.5
0.625
4.375
8.0
9.25
12.25
16.375
18.5
18.25
14.875
10.5
8.125
6.125
5.25
4.25
1.25
-1.125
-1.5
0.375
2.75
2.25
1.625
-0.125
-1.0
0.25
0.625
2.625
3.625
4.125
8.0
8.0
2.125
-1.75
-0.875
1.625
3.875
2.5
-1.25
-2.125
-0.875
-1.125
-2.5
-1.375
1.625
4.0
5.875
9.875
14.75
16.5
14.125
11.625
11.5
8.375
5.125
6.875
8.625
11.0
10.5
7.5
9.75
10.875
9.625
10.375
8.5
5.25
4.125
3.25
4.75
7.5
7.25
6.25
4.125
2.625
1.5
1.25
5.625
6.0
3.5
5.0
7.0
7.5
4.5
0.125
-1.0
-1.125
-1.75
-2.75
-1.0
4.5
8.75
12.375
15.125
16.75
19.625
24.0
25.75
25.75
27.125
24.875
21.25
19.5
15.875
13.0
10.25
5.75
3.625
0.625
-4.125
-5.0
-6.625
-11.875
-14.25
-12.75
-9.375
-5.25
-3.625
-1.75
2.25
7.125
14.25
16.375
10.75
8.375
7.5
3.0
4.125
7.5
1.25
-7.375
-8.375
-7.25
-5.125
-1.25
0.375
-1.375
-0.125
3.125
2.875
3.625
6.0
5.875
6.25
9.0
11.625
10.125
6.375
9.0
13.0
11.5
11.25
13.75
14.875
15.375
14.25
11.25
8.75
8.25
8.875
11.0
12.375
13.375
12.625
7.75
3.625
4.625
8.25
7.625
5.5
2.875
-2.75
-4.0
-3.125
-6.375
-6.875
-5.625
-6.875
-4.125
1.25
3.875
7.375
11.625
13.5
15.375
15.875
12.5
12.375
13.375
12.25
11.625
11.125
9.875
8.5
9.5
13.25
16.75
17.5
17.5
20.25
23.0
22.625
21.875
19.75
16.0
13.375
13.375
11.625
6.5
2.0
1.375
2.375
2.875
4.75
4.875
2.0
0.25
1.125
1.5
0.5
-2.5
-4.25
0.25
1.875
1.0
4.5
6.375
7.5
7.875
5.125
2.25
-0.125
1.5
3.625
2.625
2.0
-1.75
-1.75
3.0
1.625
3.0
6.375
5.375
7.875
15.375
21.125
21.375
18.875
18.125
20.125
21.75
23.5
25.625
24.875
21.875
19.875
18.0
18.5
19.75
16.875
11.875
9.625
10.0
6.625
1.375
-1.25
-3.5
-4.5
-3.5
-5.625
-5.625
-2.375
-2.125
-1.75
1.5
3.375
1.375
2.375
4.625
4.125
6.625
13.25
16.0
10.75
8.0
8.875
8.625
9.125
6.0
4.125
6.625
5.75
4.5
7.75
10.625
11.125
12.125
12.75
12.75
14.0
16.25
19.0
23.875
27.5
26.875
28.625
31.0
29.375
30.375
34.0
32.75
29.125
26.875
24.25
20.5
17.625
14.125
6.75
-0.625
-4.125
-4.375
-3.625
-4.125
-5.125
-3.5
0.375
4.0
7.125
10.875
13.5
14.375
16.875
17.375
14.5
11.25
6.25
2.75
-1.125
-7.875
-9.875
-7.75
-7.0
-7.625
-8.25
-9.375
-8.0
-2.625
1.875
4.625
5.25
8.375
13.375
12.875
13.75
18.625
21.125
21.5
21.75
21.875
23.25
25.875
26.625
24.625
22.25
20.0
17.875
17.5
20.0
20.625
18.125
18.875
22.0
22.875
22.625
20.25
18.375
21.0
22.375
17.25
11.625
9.625
5.875
1.625
1.25
2.0
1.5
2.0
5.875
6.875
3.5
0.625
-1.0
-1.25
-0.375
1.625
2.375
0.5
-0.375
1.5
0.625
-2.625
-4.25
-8.0
-9.125
-4.75
-2.75
-0.875
1.625
1.5
0.5
0.625
2.25
3.875
5.875
7.25
7.125
6.375
3.875
3.375
6.625
11.375
14.625
15.5
18.25
18.75
18.625
25.75
34.875
39.75
40.125
37.125
36.625
39.25
38.5
37.25
36.75
36.75
38.5
36.25
32.625
30.375
27.25
24.75
21.375
19.5
18.5
15.125
10.0
5.875
1.75
-3.0
-4.375
-2.125
-0.875
-5.5
-8.0
-5.5
-6.25
-7.875
-8.25
-9.25
-10.125
-11.5
-14.25
-16.125
-17.0
-18.625
-19.75
-19.375
-14.625
-13.25
-14.125
-11.375
-12.625
-12.75
-6.0
0.375
2.75
4.75
6.0
7.5
7.375
4.0
5.0
6.875
7.75
11.125
15.125
17.875
16.25
11.5
9.125
12.75
14.125
12.875
18.25
22.125
22.25
25.125
26.625
27.875
31.875
36.875
40.25
40.375
39.25
39.875
41.625
40.125
34.625
30.0
26.875
20.625
13.75
11.875
12.125
10.125
8.625
10.375
9.25
7.0
6.125
3.75
1.75
0.75
-2.0
-7.75
-8.75
-4.75
-4.25
-5.25
-5.0
-3.0
-0.875
-0.125
3.125
9.5
12.875
9.75
7.75
10.0
11.125
9.0
10.75
13.125
9.375
7.125
8.125
6.375
3.25
1.875
1.125
-0.625
-3.125
-4.0
-4.125
-5.125
0.0
6.25
8.875
14.875
18.25
18.875
25.5
30.25
30.625
31.625
33.125
35.875
38.25
39.5
39.125
41.25
45.5
47.125
47.75
47.75
44.25
39.5
36.375
31.625
26.125
24.5
22.625
15.625
7.625
3.375
5.375
7.75
5.375
4.75
7.25
5.5
5.5
12.375
13.875
3.0
-5.875
-6.375
-7.0
-8.875
-9.5
-9.375
-12.25
-15.625
-14.25
-12.625
-13.75
-12.75
-10.75
-9.875
-9.375
-4.0
1.875
-0.625
-2.0
0.625
0.75
-0.375
1.125
1.25
-2.5
-5.5
-7.375
-9.75
-10.625
-6.75
-1.75
1.375
0.75
-2.625
-2.625
3.75
9.5
9.875
13.0
20.875
26.5
25.75
25.875
24.75
22.375
18.75
12.875
10.625
6.875
5.25
9.625
9.75
8.75
13.125
13.75
10.25
11.5
16.875
21.625
24.625
26.125
30.0
33.25
34.5
37.875
35.25
29.375
28.5
29.125
24.75
20.0
19.5
16.5
7.25
-4.0
-5.75
-4.875
-6.75
-1.5
0.875
-1.5
1.0
-1.125
-4.125
1.0
6.0
4.125
-3.125
-5.25
-3.75
-7.875
-8.5
-2.125
-2.125
-4.0
-0.375
2.5
7.5
11.625
11.0
8.5
4.25
4.125
6.75
5.375
2.5
-0.625
-1.0
0.25
0.75
5.5
8.875
4.0
2.875
5.875
10.5
18.625
18.125
12.625
12.875
19.75
22.0
18.75
19.875
20.625
21.5
22.875
22.0
22.25
26.625
28.375
22.875
20.625
21.875
22.875
26.625
30.25
34.125
41.875
45.625
39.25
32.75
29.375
26.0
26.5
26.375
22.75
19.0
13.5
13.625
19.0
18.25
8.75
-5.25
-14.5
-14.375
-8.375
-5.625
-7.625
-4.875
0.25
-2.75
-4.875
-1.125
-4.0
-7.625
-10.75
-14.0
-9.75
-1.75
2.5
0.375
0.125
3.375
4.75
6.25
7.5
6.375
2.625
-0.625
-1.625
-1.25
4.875
12.375
10.875
7.375
16.0
30.0
37.125
28.375
13.75
13.875
17.5
21.625
25.0
21.0
16.5
18.75
24.75
27.125
29.25
26.5
24.875
24.5
20.375
25.875
30.75
25.0
20.0
24.25
37.75
42.125
41.0
49.0
46.375
31.5
22.75
28.375
38.625
38.625
37.375
45.25
48.125
39.875
38.5
36.0
28.375
30.0
36.125
37.0
30.75
26.375
24.625
25.5
30.5
38.25
37.875
31.375
33.875
35.625
29.625
29.0
29.875
22.5
21.5
24.625
19.0
14.875
14.625
18.25
24.375
27.5
31.5
36.25
35.625
26.625
23.125
26.625
23.375
18.875
22.5
30.125
28.375
21.75
19.25
19.375
21.5
21.625
24.125
26.375
25.125
28.375
31.625
34.375
38.75
40.625
42.375
37.375
26.0
24.0
30.375
30.375
26.125
28.5
29.625
29.125
42.375
55.625
45.375
30.0
30.5
35.625
47.125
53.625
44.75
41.0
41.75
43.25
45.125
45.875
48.0
43.875
43.375
49.125
50.25
53.375
56.0
48.375
39.75
42.25
45.375
42.25
38.625
36.5
28.0
15.625
8.375
5.625
8.0
9.75
9.375
12.625
18.75
24.75
25.0
17.375
3.375
1.25
8.0
10.5
17.875
25.0
29.875
29.5
24.5
27.625
30.875
26.25
17.875
16.25
26.375
30.625
19.875
10.5
6.5
10.375
20.5
25.625
23.0
15.25
16.75
27.25
33.75
36.625
42.75
40.625
30.375
28.25
31.25
30.0
24.875
32.125
34.25
24.5
15.5
10.875
16.125
22.375
32.25
46.5
48.75
39.0
44.625
48.5
44.125
48.0
44.75
38.625
32.25
32.625
35.625
31.5
38.25
39.25
36.125
43.625
53.5
63.375
52.625
33.875
25.5
12.75
5.875
26.0
44.875
43.125
40.375
29.0
28.875
47.125
50.75
59.25
68.0
58.625
50.0
51.25
57.125
62.125
66.125
49.75
29.875
30.875
32.625
25.25
10.875
3.125
6.375
8.25
14.5
27.5
22.875
4.125
-4.875
-1.625
7.375
9.875
6.875
5.25
-2.0
-8.875
-21.125
-23.125
-4.875
-8.625
-29.0
-33.125
-18.25
-11.125
-24.25
-30.125
-30.5
-24.625
-21.375
-30.25
-31.125
-36.5
-40.125
-39.375
-37.5
-27.5
-21.0
-23.625
-35.125
-40.875
-38.125
-36.125
-30.5
-30.375
-27.125
-23.125
-27.5
-21.0
-18.5
-25.125
-21.375
-11.5
-4.125
10.375
17.75
1.25
-13.875
-10.875
5.75
18.625
13.25
-12.875
-36.875
-40.125
-36.875
-30.125
-25.375
-27.75
-33.75
-35.0
-33.125
-33.5
-25.875
-11.375
-11.25
-20.75
-15.375
-10.625
-13.875
-18.625
-28.25
-33.75
-31.625
-29.125
-29.625
-26.125
-17.75
-16.375
-20.0
-9.375
0.25
-2.375
-3.375
-12.75
-18.25
-9.875
-2.625
-0.625
1.625
11.0
17.125
14.375
5.375
0.75
3.375
5.75
16.0
22.75
23.375
17.75
2.25
3.875
18.125
22.25
26.5
38.75
37.25
22.75
23.125
31.0
34.25
36.75
34.375
29.25
23.75
17.75
20.125
21.25
15.375
19.625
25.375
26.125
27.625
20.125
15.5
20.0
27.625
33.75
30.75
27.75
28.75
26.375
22.75
19.25
19.25
25.125
30.125
30.625
36.875
45.375
42.0
34.875
37.625
43.75
43.5
46.375
55.25
54.375
60.875
73.625
63.5
50.75
47.625
46.75
45.375
52.875
66.625
58.625
39.375
35.625
31.0
22.75
22.5
24.875
30.0
34.5
42.625
56.5
43.625
13.0
4.875
14.625
22.25
23.75
25.625
26.625
23.5
21.25
20.0
19.625
26.25
34.125
39.5
48.125
53.375
50.375
49.625
50.75
44.625
38.75
37.75
32.625
26.875
32.0
41.375
45.0
46.625
40.25
30.25
26.875
29.5
33.25
38.0
47.125
59.375
68.75
58.75
48.5
52.5
50.5
47.25
57.625
70.25
67.75
62.5
59.875
53.25
43.875
33.5
32.0
33.75
36.25
43.125
36.5
26.125
29.875
34.375
39.5
41.25
39.625
45.375
47.25
42.5
33.625
24.125
29.125
36.125
30.625
23.25
20.25
21.75
21.125
18.375
16.875
12.5
10.625
14.5
15.125
19.75
33.875
39.5
25.375
18.25
30.125
32.875
29.875
37.25
44.75
39.5
29.625
25.875
23.875
27.125
28.25
28.625
38.875
42.875
39.5
40.875
36.875
30.875
37.625
34.75
15.75
9.875
18.375
23.25
30.5
43.0
46.125
38.75
24.875
20.625
34.125
39.5
39.75
42.875
43.25
45.125
45.25
40.375
32.25
32.125
31.75
18.25
7.375
9.375
19.75
23.5
27.0
33.125
33.0
30.625
34.25
49.625
60.875
58.375
56.25
61.125
61.625
54.75
55.75
63.875
68.75
67.25
59.5
61.625
63.875
51.75
45.75
46.625
42.375
42.375
39.75
27.625
22.0
23.375
28.5
30.625
28.5
34.875
42.625
34.625
20.875
23.375
30.875
32.125
27.875
20.75
23.5
27.125
24.125
26.125
28.0
25.625
24.75
23.0
28.375
34.75
30.375
25.0
23.75
34.25
44.75
42.5
37.0
32.625
31.625
30.5
31.5
32.75
27.375
26.375
32.25
33.125
33.25
34.375
33.125
36.75
32.875
19.125
22.5
35.625
35.625
39.25
43.25
41.25
57.0
67.625
63.25
48.375
20.375
14.75
23.25
19.75
24.125
30.5
22.625
13.875
10.625
17.75
24.625
26.875
26.75
22.25
28.125
35.25
33.875
36.125
35.125
30.0
25.125
26.0
31.5
29.25
25.375
25.0
25.375
25.25
25.125
25.75
25.75
22.375
19.75
19.625
19.75
17.0
17.75
25.75
28.375
22.625
20.5
28.625
27.5
14.75
9.5
11.25
9.75
14.25
26.625
30.75
28.125
28.25
27.25
32.25
31.0
19.5
20.0
21.875
23.75
27.875
32.125
36.625
40.125
46.625
52.25
51.75
47.375
48.75
53.625
55.75
51.875
46.25
45.625
47.875
50.375
45.75
41.25
40.5
44.125
45.625
39.0
28.5
21.75
24.875
25.75
19.625
18.25
19.375
18.25
25.5
30.625
25.125
15.75
6.625
16.0
24.375
13.25
13.625
27.0
27.375
22.375
31.125
31.75
20.875
23.0
25.125
21.625
28.75
30.5
20.25
25.75
39.375
33.75
22.375
22.875
23.75
28.75
41.5
47.875
39.375
31.125
37.0
37.75
30.375
30.5
34.5
37.875
42.625
40.875
31.5
26.625
30.875
36.75
33.875
27.875
31.125
30.875
23.0
27.875
33.5
23.0
25.875
40.625
46.75
39.5
24.125
30.625
33.625
15.75
10.125
22.375
23.75
8.875
13.875
30.875
30.25
22.125
15.375
14.375
34.75
42.25
22.0
20.375
26.25
27.25
25.25
19.125
28.75
31.375
16.875
12.5
26.875
44.75
56.125
38.0
3.0
11.5
26.625
18.25
22.375
40.625
55.75
46.0
23.25
27.875
34.375
27.75
25.125
19.5
19.875
24.375
34.625
43.125
22.375
-6.0
16.125
66.0
44.0
5.5
34.75
44.625
15.5
10.25
24.75
27.375
21.875
19.875
32.5
30.25
-4.125
11.125
45.625
39.375
11.125
-1.625
44.5
38.0
-4.125
11.375
33.5
41.5
40.25
38.5
39.625
38.875
13.75
25.125
42.125
12.125
11.625
32.625
35.25
7.375
-27.0
2.5
63.875
72.125
54.25
57.375
47.25
54.75
81.375
75.125
66.875
42.875
59.125
102.0
66.125
24.625
31.375
75.0
83.5
24.875
22.375
29.0
37.625
125.625
90.625
-11.0
11.0
24.75
23.75
51.0
32.375
5.375
9.5
5.5
2.0
20.25
30.25
25.375
13.125
4.25
40.5
43.0
15.375
10.75
17.25
14.125
3.5
22.75
26.5
17.0
1.75
22.125
68.125
11.625
-43.375
11.5
44.375
0.125
-24.375
7.625
31.75
4.875
28.625
54.0
23.875
46.625
40.375
11.125
47.625
50.125
11.625
32.875
63.5
41.75
52.25
57.375
5.75
15.125
68.25
67.375
42.625
45.625
52.25
47.875
13.375
28.75
56.5
38.75
53.25
29.625
-17.5
-18.625
26.0
66.875
42.375
4.375
12.5
33.75
38.125
48.125
71.0
58.375
12.75
49.375
94.625
15.875
-31.0
13.0
46.25
37.25
-9.625
-8.125
17.75
65.125
71.0
-4.125
9.125
19.375
-5.75
38.625
67.25
16.25
-0.625
54.875
53.25
6.625
45.0
79.375
51.5
16.375
-37.0
0.25
78.375
59.75
35.125
55.0
15.25
9.75
47.375
25.25
8.375
-8.625
-19.375
18.875
65.625
53.375
16.125
7.5
31.875
31.625
9.375
38.0
30.625
-14.375
20.75
53.5
26.875
16.875
14.125
20.25
54.0
66.125
61.125
32.25
12.875
21.5
49.125
107.375
48.0
-22.625
15.875
32.875
25.125
12.5
-18.0
41.625
75.375
0.0
30.75
75.75
45.0
34.375
35.875
57.75
69.625
23.0
43.375
59.875
-1.625
38.5
62.75
12.875
9.375
19.75
36.25
40.125
38.125
25.0
10.75
32.75
67.125
40.5
-33.0
-6.875
89.5
86.875
27.625
51.375
61.875
14.75
53.75
57.75
26.375
66.375
72.375
75.25
100.125
44.25
-2.375
43.0
58.125
67.75
87.75
34.375
20.75
86.75
78.625
7.125
26.625
109.75
73.5
21.75
52.0
3.5
-14.875
41.5
42.125
18.25
24.125
63.125
44.125
39.25
35.25
-16.5
-5.125
39.625
30.5
-6.0
10.375
97.75
82.625
-8.5
-9.0
3.5
93.125
99.5
-22.25
-2.375
39.0
5.25
-5.75
-9.875
39.125
53.875
-1.375
33.875
56.375
31.375
38.5
37.5
78.625
61.375
-10.5
40.25
37.25
2.625
38.125
55.125
45.5
24.625
46.875
31.375
34.5
73.0
35.25
19.625
54.875
71.875
56.5
51.375
56.875
43.375
57.375
58.25
22.25
38.0
81.875
51.25
21.25
16.25
-0.875
33.375
38.125
18.25
43.375
32.625
22.625
40.0
23.5
5.125
-7.125
23.125
42.625
28.125
4.125
-26.375
-6.5
54.5
55.625
31.5
22.875
3.0
59.5
50.875
-28.5
20.25
29.875
-29.625
-32.875
-29.5
15.125
49.75
26.375
57.5
60.0
-26.375
-15.625
61.375
55.0
11.75
30.375
24.75
11.875
42.25
71.875
7.875
-31.25
51.875
40.375
8.375
30.5
-10.5
0.75
27.625
5.0
29.125
67.375
20.0
-4.875
54.5
45.25
-22.125
-5.25
47.5
32.5
12.875
16.125
41.75
26.125
-8.25
5.375
39.0
37.25
3.0
-3.25
-2.25
-3.5
54.0
111.375
34.625
-22.25
12.75
3.375
-6.875
61.625
61.0
-3.875
-7.875
-10.625
29.75
79.875
35.0
15.25
75.0
72.875
14.375
3.875
54.125
50.125
-19.75
9.625
73.5
34.5
-10.875
34.375
47.75
37.375
24.125
7.875
51.25
45.625
8.375
18.25
27.125
44.625
74.75
19.375
-5.375
68.5
35.0
-26.125
69.0
91.125
-37.375
-17.25
21.5
-5.75
13.125
24.875
17.25
27.375
63.625
40.5
-12.5
-11.5
10.75
17.5
21.75
35.125
24.25
2.75
25.875
70.625
30.25
10.875
49.75
16.625
2.5
44.625
53.25
4.625
16.375
90.875
75.125
40.375
54.25
40.5
18.25
26.25
49.0
24.625
15.5
45.0
29.375
40.625
52.625
17.375
16.875
49.875
45.5
39.875
40.25
60.625
51.375
-6.0
6.375
-7.25
-37.875
10.375
33.875
11.125
-4.375
-18.25
-2.125
25.875
18.0
26.75
22.125
-33.0
-25.5
13.625
-7.25
-38.125
-1.125
48.125
2.125
-64.75
-27.0
31.625
21.25
33.875
59.625
-10.5
-47.375
0.0
29.75
26.875
-2.75
23.0
27.5
44.25
77.625
-15.125
-52.25
15.875
26.5
24.25
39.625
-11.0
-17.125
44.875
23.5
25.75
38.25
23.75
67.875
55.75
17.625
38.0
24.875
9.375
36.25
56.25
68.75
22.25
-0.5
33.75
9.625
18.0
68.25
13.625
0.875
53.625
15.875
-14.5
28.375
51.875
12.75
24.375
80.875
57.75
-12.875
-21.25
-1.125
19.125
56.75
44.375
-27.125
-74.625
-5.5
39.125
23.75
16.25
11.125
50.625
30.75
-19.0
-3.125
31.75
33.5
-2.25
-21.0
2.625
39.5
42.125
-14.75
-16.125
37.875
1.25
-20.625
14.0
-5.625
3.875
29.25
24.625
23.75
17.875
9.0
1.375
28.75
53.25
26.75
-2.375
-9.625
3.875
32.5
60.5
14.0
-24.625
64.125
103.5
22.25
-31.375
-24.75
11.625
61.5
61.75
37.625
18.0
2.125
9.0
24.625
9.375
-14.375
6.25
67.25
36.875
-6.5
38.5
47.0
11.625
-16.75
29.125
24.375
-0.625
35.5
10.625
6.0
-1.125
-14.625
9.5
1.25
18.25
51.625
8.5
-17.75
27.375
39.5
38.875
36.375
25.125
15.0
-2.125
-9.0
28.125
70.125
18.625
-32.0
8.125
45.375
19.0
12.5
32.0
43.75
27.5
-9.875
8.75
24.75
34.625
28.0
8.25
80.75
86.125
-15.875
-22.75
32.875
61.25
31.375
-19.375
29.875
65.875
21.25
13.625
26.625
67.0
38.75
-40.375
-9.75
44.125
33.5
59.875
94.0
69.125
54.75
-6.875
-37.25
26.625
37.25
22.875
39.125
57.5
62.5
53.375
29.875
17.125
2.625
35.75
78.375
1.25
-9.625
44.5
40.5
34.125
61.0
34.625
-20.375
-13.125
5.75
20.125
1.375
-4.375
41.0
23.625
-30.0
-25.375
11.375
17.75
-2.875
0.0
7.75
34.75
38.0
10.625
-2.25
-7.0
23.875
0.625
-28.375
-2.0
14.0
45.25
50.75
18.125
0.25
4.875
-11.25
-12.625
21.0
15.875
-1.875
21.75
19.375
-8.25
4.375
33.75
47.375
29.75
23.625
34.0
49.875
48.375
39.875
64.25
40.875
10.75
-9.0
12.0
65.25
49.375
13.5
27.5
52.375
31.625
21.25
18.25
-1.375
14.375
49.25
58.625
35.375
23.75
49.75
24.0
-4.125
38.125
19.375
-15.75
28.75
39.75
26.25
33.25
20.25
24.0
24.75
16.5
37.75
11.125
-17.75
6.0
42.75
72.75
33.875
-10.5
13.25
20.875
-16.875
-14.25
31.625
39.25
-5.25
-23.375
0.625
26.75
22.875
-1.75
9.875
8.25
23.25
46.75
16.625
41.125
43.0
-4.5
20.375
53.25
45.25
33.0
14.625
-1.125
5.0
36.5
69.625
50.375
11.125
25.25
40.0
22.25
51.0
50.75
-13.25
15.75
77.625
77.375
38.625
26.75
18.25
28.75
49.25
7.75
-3.375
36.125
19.625
3.375
28.625
18.0
-2.5
0.5
28.125
42.125
17.625
7.75
17.75
33.625
51.5
53.125
26.25
24.875
36.0
-3.0
-13.75
12.625
25.375
14.625
6.75
14.75
28.875
52.25
31.125
4.125
28.75
22.875
20.75
52.875
37.625
18.25
9.875
0.75
32.875
39.0
36.875
38.5
14.875
14.5
1.375
8.75
41.625
18.25
6.25
32.875
38.375
40.5
47.375
27.375
16.625
16.375
-7.25
17.625
60.125
7.0
-30.5
32.75
40.25
-0.125
2.625
10.375
8.0
17.875
61.5
47.125
-7.125
10.875
25.75
14.875
13.0
15.75
18.625
14.875
27.875
22.5
20.625
12.375
-6.625
-4.625
-3.75
16.75
13.75
47.75
114.0
4.75
-61.125
29.375
37.875
33.25
32.5
23.625
36.125
27.5
28.25
48.75
39.125
41.25
62.75
33.0
0.875
6.0
11.625
35.25
49.625
24.75
9.375
2.5
-9.75
-7.0
32.25
38.5
-33.125
-17.5
45.625
26.375
-2.75
2.5
17.75
17.375
-4.875
-29.5
15.0
41.5
29.25
49.125
3.5
-38.0
-0.875
23.0
28.5
23.375
15.5
11.75
1.75
2.875
28.5
19.25
-6.875
20.25
2.875
-1.125
30.5
8.75
16.25
39.25
31.25
15.0
27.375
90.375
89.375
10.0
22.875
79.375
67.625
18.375
15.875
30.75
14.0
47.625
84.75
83.625
74.25
42.875
36.0
64.375
41.75
35.125
75.75
67.5
47.875
55.625
61.25
64.125
69.125
44.5
18.875
45.625
43.0
10.375
31.75
42.375
23.75
16.625
33.375
33.875
25.375
20.5
24.625
18.0
0.5
29.0
17.125
-10.25
34.375
23.25
-28.25
25.25
41.375
13.125
36.75
11.5
-25.875
12.875
33.75
16.625
30.875
19.25
-5.0
5.5
-0.25
-15.25
11.5
36.125
33.125
41.875
16.0
-4.25
29.75
4.25
4.625
62.0
27.875
-7.125
32.375
40.25
22.0
9.125
-2.875
19.0
25.0
5.0
32.75
29.875
20.875
45.0
41.75
89.375
79.5
19.75
45.75
38.625
4.125
22.625
28.75
9.75
9.25
39.5
47.25
19.125
7.125
11.0
14.875
8.5
2.25
20.25
23.875
29.875
61.875
42.5
-2.25
0.875
21.75
22.625
22.875
16.25
36.75
44.0
27.25
31.625
4.875
-16.375
39.125
36.0
-53.0
-25.75
17.5
19.625
-6.75
-21.375
40.5
27.5
-9.75
42.625
78.0
23.125
-12.5
-8.0
21.125
59.375
33.75
9.875
31.0
30.75
-11.0
-6.0
27.25
0.125
16.0
47.75
15.875
13.5
37.5
37.25
30.875
41.625
45.125
40.875
29.875
29.0
29.75
17.75
41.375
47.5
27.5
5.125
-19.125
9.0
49.5
17.875
0.625
16.875
-19.25
-1.5
33.875
25.875
57.5
41.625
-4.75
36.25
62.5
12.0
8.25
49.75
45.125
11.875
18.0
58.625
36.375
1.75
32.375
33.0
13.5
15.5
20.75
42.375
24.0
11.25
36.0
21.5
-3.375
4.25
20.125
20.375
23.75
23.625
9.75
3.625
5.125
10.5
26.5
23.25
-10.625
19.0
38.625
-5.75
22.625
50.375
-1.375
-4.25
31.75
19.25
-11.25
16.25
52.25
23.625
-2.125
1.625
15.625
14.75
5.625
-11.125
-12.75
48.25
76.125
54.5
39.75
17.875
8.125
14.5
25.625
30.25
46.875
54.25
20.25
18.125
60.25
58.125
18.0
23.875
37.25
32.125
30.875
32.375
34.0
48.625
62.375
49.625
30.0
18.625
39.25
30.875
34.875
51.75
7.75
5.0
41.75
45.75
6.375
4.5
20.875
12.625
4.75
-12.5
-2.875
-0.75
-7.375
32.375
28.875
-13.25
-14.125
-17.0
-13.125
-5.25
8.0
12.625
22.75
19.0
4.125
39.125
23.75
3.375
66.5
48.5
-9.5
18.625
30.875
2.625
-6.125
9.75
16.5
43.25
53.75
22.375
3.25
-15.75
15.875
33.375
5.25
8.125
13.5
29.75
34.5
25.5
19.25
9.0
19.875
35.75
43.25
31.125
23.25
26.75
6.875
14.75
17.625
-6.125
-9.875
-17.25
3.375
34.625
16.125
1.375
13.375
17.875
29.0
41.0
28.5
18.875
19.375
26.125
39.75
25.375
34.875
45.875
7.625
3.75
25.25
59.125
57.0
26.0
18.25
-16.75
2.75
67.125
35.75
-8.875
21.125
30.375
20.875
29.5
24.125
24.875
24.375
14.625
13.25
38.875
61.25
27.625
33.0
62.5
16.625
-10.25
5.0
18.25
38.5
23.0
22.625
37.625
23.125
-7.75
-23.0
-0.375
18.375
1.5
-13.5
0.375
6.125
10.5
22.0
37.375
42.875
13.5
6.0
12.125
-16.125
-5.375
18.0
2.625
5.0
-2.375
-9.875
10.75
7.25
6.625
32.5
30.375
0.25
22.375
50.25
16.25
7.625
21.625
15.625
25.25
26.75
19.25
0.25
-11.125
11.25
2.125
-21.0
-6.125
18.625
24.125
40.75
48.0
23.625
31.875
58.0
61.0
41.25
34.625
38.0
42.625
50.625
48.75
50.5
14.125
-7.75
14.125
19.5
7.375
-2.75
11.875
25.5
-0.5
-6.5
12.875
23.625
41.25
18.5
-11.25
19.125
37.875
2.75
-18.75
5.25
23.5
-4.625
-11.75
5.75
-20.625
-26.875
-8.0
-23.125
-29.875
-23.75
-19.25
11.0
14.25
-17.375
-6.5
5.75
-9.5
-3.25
-4.25
2.625
26.0
30.5
25.125
0.625
13.75
14.875
-5.375
30.625
12.875
-20.375
9.5
20.25
20.75
23.625
24.625
25.625
17.25
15.5
23.625
50.25
58.75
24.0
12.625
31.875
62.375
35.0
7.5
50.875
53.75
27.875
24.25
39.875
44.875
33.125
35.875
41.0
34.5
21.875
14.75
27.375
50.875
48.5
41.375
47.25
18.0
2.0
15.25
18.25
17.625
22.625
31.125
48.25
72.5
10.5
-27.0
27.5
56.875
32.75
-3.375
16.0
39.625
18.875
7.625
13.25
-5.75
-15.25
-5.875
4.125
3.375
1.0
15.5
-2.75
-14.5
0.375
-11.0
-8.0
27.0
22.375
-8.5
-14.5
10.0
33.0
24.25
10.5
4.375
35.5
46.5
-5.375
-7.625
42.25
59.125
50.125
40.375
14.125
-2.5
12.25
17.375
5.875
13.75
52.125
46.25
11.875
30.75
51.125
58.75
52.0
14.875
20.125
47.0
41.5
24.625
12.25
37.125
22.0
-8.75
32.875
31.5
-10.75
-6.375
11.625
-8.875
-23.625
-8.5
-16.0
-15.875
6.0
6.625
-11.875
-11.5
3.875
-7.0
-13.625
3.125
6.125
26.125
45.875
12.375
6.875
24.875
-1.625
-17.0
-1.875
28.75
10.625
-30.75
-15.375
3.375
-1.875
3.625
23.5
26.125
30.375
43.0
34.375
9.875
3.25
13.125
23.125
45.375
37.75
18.0
17.125
-0.25
0.75
18.25
8.0
-1.0
15.0
17.0
4.375
12.5
19.375
4.625
12.75
35.875
13.25
-3.875
25.5
40.375
15.875
12.875
28.0
13.125
-2.5
-8.375
-0.25
1.75
-6.375
5.125
38.0
21.25
-15.25
1.875
25.25
21.375
-2.0
-7.25
7.625
18.375
19.25
13.625
18.125
35.625
18.875
3.625
13.25
13.125
24.625
9.625
-5.5
9.875
-11.5
-2.5
32.375
17.0
7.875
11.75
20.625
36.75
31.375
21.125
13.375
42.625
45.375
-5.375
-6.25
13.25
22.375
34.875
27.25
12.25
0.75
-3.625
1.125
-1.5
13.75
9.75
-13.625
17.125
32.875
-8.5
-18.5
20.125
31.5
-12.125
-46.0
-16.5
35.0
18.875
-3.375
50.0
45.0
6.125
12.125
7.625
3.625
15.375
31.375
51.25
33.25
5.25
40.375
23.75
-0.375
38.875
48.0
42.375
23.125
7.75
20.75
23.375
19.625
29.5
36.5
48.875
53.25
19.875
6.375
37.0
31.75
2.25
24.625
41.875
16.625
15.625
43.875
43.625
12.5
14.0
33.375
8.5
-11.375
6.25
29.25
31.625
5.75
-4.875
12.625
32.625
12.75
-10.375
6.375
26.0
38.375
29.5
6.625
-3.125
18.5
46.875
42.875
25.125
-5.875
-16.125
6.25
11.75
13.625
16.375
24.125
20.0
9.125
21.0
35.125
27.125
15.25
29.0
23.125
7.625
27.125
37.375
35.875
29.5
45.875
71.125
41.625
39.375
29.375
-15.25
18.75
33.125
19.5
43.625
21.875
13.25
36.5
46.25
29.125
0.0
32.0
53.75
35.0
35.625
42.125
34.75
49.125
35.0
-17.625
-7.125
21.875
9.875
-16.625
2.5
30.25
0.125
3.75
4.75
-15.625
-3.875
5.375
15.75
9.875
9.0
37.375
42.875
32.625
43.125
62.125
62.5
20.625
25.75
53.5
28.25
15.75
27.625
21.25
33.625
27.5
21.5
56.625
30.25
10.5
26.375
27.75
9.625
7.375
18.875
22.5
35.25
35.0
29.0
8.25
3.375
16.125
20.25
36.375
42.625
23.75
1.75
-4.5
2.875
6.0
-0.125
-1.0
8.75
18.25
4.75
-25.875
-15.625
16.875
9.875
-23.625
-19.0
1.625
-8.375
-10.875
-19.625
-18.625
-0.125
0.875
18.5
37.0
33.5
36.375
20.375
12.625
25.0
39.0
36.875
27.75
32.875
33.125
22.25
26.25
49.625
45.875
46.5
51.875
24.75
47.5
39.875
4.5
46.125
41.75
21.0
54.625
45.75
5.75
18.0
43.75
13.0
-6.375
24.25
31.625
6.25
-2.625
23.625
45.75
5.875
-3.5
22.625
3.25
11.625
44.375
12.0
-4.875
46.0
58.875
0.875
-18.375
9.0
4.0
19.125
13.375
5.75
48.25
10.625
-43.875
-16.75
1.25
-5.125
-15.25
-24.875
-28.5
-23.5
11.125
-4.625
-38.375
16.375
40.375
9.125
22.0
31.625
14.75
31.125
78.75
52.5
0.125
22.25
44.25
38.125
10.0
14.875
24.375
15.75
15.25
33.5
40.875
6.5
12.5
32.625
17.375
9.75
28.75
26.375
-3.875
3.375
34.625
33.625
22.0
17.0
19.0
27.25
33.625
39.125
16.625
8.625
26.5
28.125
6.75
-3.875
33.625
28.125
-14.375
-5.0
11.875
5.625
-0.625
0.875
28.125
58.125
27.0
-14.5
10.0
35.875
14.625
-17.75
-11.875
5.75
-4.375
2.25
14.25
22.75
34.625
24.0
15.0
6.25
-18.625
1.375
52.25
38.0
21.375
7.0
-20.625
-5.0
6.75
15.25
13.625
18.875
32.75
-2.0
-14.25
6.75
3.375
9.5
7.25
10.5
22.875
11.375
13.0
15.125
18.875
41.75
40.125
10.0
-11.75
-5.875
15.375
1.5
-7.75
1.0
-8.125
-3.25
-15.375
-25.875
-18.125
-16.125
-2.875
-0.75
-14.625
-12.375
-2.0
-3.375
-5.75
-13.0
-3.625
17.25
-23.25
-47.5
-13.625
-6.5
6.625
51.0
22.125
-25.125
-9.0
5.125
-0.75
-7.0
5.625
27.375
34.25
19.125
-1.625
-11.625
2.125
8.875
4.5
3.25
10.5
24.75
17.0
5.0
-9.75
-12.75
-5.0
-0.625
23.625
18.875
3.375
28.75
34.75
29.125
63.375
41.0
-5.375
18.125
25.875
11.875
14.125
19.75
0.5
-3.375
16.25
15.0
-6.375
5.375
23.875
-18.25
-15.125
22.375
-2.125
-22.625
-2.375
16.5
5.25
-5.125
4.125
11.125
13.125
19.625
0.25
-26.625
-0.25
37.75
33.25
0.875
-10.5
1.625
-11.75
3.125
39.0
0.25
-16.0
25.125
39.375
5.75
-12.0
2.0
26.875
36.0
0.125
-10.5
-5.375
-5.625
22.75
31.125
5.25
6.25
27.75
25.0
31.125
22.875
21.5
54.875
42.625
28.625
12.875
6.5
12.625
11.0
22.875
5.0
-16.625
-3.125
9.625
7.375
18.0
31.0
9.25
-8.375
1.0
0.875
11.0
18.375
-3.125
-3.0
10.625
-19.0
-42.75
-21.75
-5.25
10.0
2.625
-6.375
-12.0
-31.375
-5.25
21.375
17.0
13.25
9.0
9.625
11.0
11.625
17.25
22.125
11.375
3.75
22.75
44.375
17.875
-12.375
15.875
31.5
38.125
15.125
-19.5
26.125
69.75
43.625
-18.125
-18.25
22.0
4.25
-19.75
-9.25
5.25
8.25
-9.5
-15.875
4.875
7.0
-18.125
1.0
10.0
-7.75
15.375
4.625
0.625
12.875
6.5
5.5
-8.75
-10.0
-0.125
-5.75
-2.25
-4.125
-16.25
-12.375
-10.25
-9.125
-7.875
4.125
25.25
16.25
11.375
7.75
-16.75
-10.125
-1.125
-11.375
7.25
16.0
-4.0
6.875
8.375
-9.0
2.375
5.75
-1.875
3.125
14.625
13.625
-8.625
-13.375
7.875
6.5
7.25
21.625
14.875
-3.5
-4.375
-3.0
9.875
-3.375
-14.75
22.125
42.125
35.125
11.875
-1.5
10.25
21.375
0.5
-21.625
-22.75
-2.625
-16.0
-31.0
-15.625
-32.875
-28.5
3.875
-26.625
-39.25
18.75
14.75
3.625
16.0
-14.75
-10.0
14.25
3.0
8.875
42.5
35.375
5.25
36.875
71.875
22.625
-22.125
-11.5
-1.625
-9.0
2.375
25.25
-4.25
-22.75
-0.375
10.25
0.75
-15.75
7.625
27.0
7.25
10.5
14.625
14.0
14.75
7.375
4.625
-3.125
12.375
23.875
13.25
40.375
37.875
-0.75
26.75
57.75
9.0
-17.625
8.625
8.625
19.625
44.875
37.25
11.375
-14.75
16.0
51.0
29.0
24.375
24.625
41.75
57.125
-4.25
-9.75
27.75
11.125
13.375
18.375
5.25
23.25
58.625
4.625
-22.5
7.5
-1.625
-11.0
-2.75
21.75
22.625
8.75
11.5
17.625
38.625
46.0
38.0
37.375
11.375
-10.25
-7.375
19.75
27.875
15.875
-1.625
-8.25
1.625
2.625
13.0
37.0
13.875
-8.5
39.875
29.375
-17.125
-1.375
18.375
17.375
18.375
7.125
-1.125
14.75
21.375
30.75
51.75
39.0
19.625
20.0
7.5
-6.5
3.5
22.5
22.375
42.375
53.875
26.0
26.125
51.625
33.5
5.625
27.125
25.0
-10.75
12.5
51.0
27.75
24.25
22.75
21.125
27.375
10.875
13.5
8.5
11.375
12.625
1.5
7.25
0.0
2.75
13.5
11.75
9.75
28.0
43.875
14.375
-11.5
4.625
19.625
22.875
37.25
42.75
33.25
8.25
2.75
10.5
1.25
20.75
37.375
8.625
-9.375
20.5
38.75
-3.5
-11.5
25.375
21.0
-6.0
-13.125
0.125
14.375
9.0
-12.125
-6.0
3.0
15.125
30.625
12.125
12.0
32.25
19.875
5.5
13.75
25.125
12.75
9.875
39.25
16.625
15.0
51.375
12.125
-18.125
12.125
22.875
16.875
4.25
-3.625
14.375
17.5
-1.625
5.25
24.0
17.125
14.5
47.75
30.5
-28.25
-8.5
11.25
8.875
-1.0
-8.75
-8.375
-3.5
7.125
-16.625
-18.0
4.5
-13.125
-35.375
-21.875
1.875
22.25
-0.375
-7.125
11.875
2.125
35.0
36.75
-24.0
-5.5
19.75
-5.5
-10.625
-11.625
-10.125
0.0
10.25
-7.25
9.5
36.25
-9.0
-23.75
-13.375
-16.625
7.5
17.125
-15.5
-19.75
-0.875
-1.0
-1.625
-2.375
-10.0
7.75
25.875
-1.75
-12.125
3.75
21.375
11.875
-20.25
0.5
8.5
-11.375
2.0
1.375
-0.625
14.125
11.625
-9.5
-5.375
19.5
10.375
-5.25
9.5
14.375
14.25
19.125
1.625
-22.5
7.375
36.375
-2.875
-23.5
-16.5
-21.125
-15.25
-10.375
-29.375
-13.75
12.75
-0.375
-27.0
-21.0
9.25
7.625
0.75
-1.25
-12.625
-1.875
4.0
-1.25
26.375
-1.875
-37.625
5.375
11.625
-9.5
0.25
-0.25
-3.0
10.0
17.0
4.75
-15.25
1.0
18.375
-3.75
-17.625
-11.625
5.625
22.75
25.0
9.0
16.125
16.625
-23.75
-30.125
-13.375
-17.0
-12.875
-1.25
-10.5
-18.125
3.875
15.375
6.125
4.25
-11.125
-4.625
13.75
7.75
19.25
29.375
9.625
-2.375
3.5
3.5
11.5
29.875
0.375
-12.0
15.125
6.375
0.875
-8.75
-27.875
-23.0
-12.375
-7.375
-12.75
-8.125
2.25
-4.625
-4.875
-5.375
2.5
26.5
16.0
-23.5
-16.5
23.25
17.5
-14.0
-5.875
22.875
17.0
3.875
3.25
-3.375
-0.5
-4.375
-11.5
2.25
12.75
0.625
-11.125
-7.25
-7.125
15.25
15.875
-11.875
3.875
9.25
-2.5
5.375
13.5
15.625
13.25
10.125
5.125
8.125
13.625
19.875
16.375
6.5
7.75
3.25
6.75
23.0
28.75
13.0
5.125
31.25
51.625
21.375
28.375
78.625
40.875
1.125
18.75
42.25
47.0
9.625
-3.25
10.625
25.5
31.875
16.125
7.75
10.5
10.125
9.875
15.25
16.75
8.75
0.25
22.0
24.0
3.0
8.375
-2.75
-0.875
22.25
14.0
-1.75
9.25
25.25
25.625
3.625
0.5
12.625
-26.625
-35.625
-5.25
-1.0
-2.75
-0.5
-14.0
-2.5
43.375
24.875
-22.0
-19.625
-2.375
27.875
38.75
0.375
-21.5
12.625
26.5
8.125
17.5
19.5
5.75
-2.25
1.75
1.375
-10.875
-4.75
2.625
0.25
8.0
9.375
2.0
21.625
17.75
-8.625
4.25
14.75
9.0
-2.75
26.875
45.375
1.25
-8.5
26.125
39.875
11.875
-1.125
16.125
25.375
18.25
18.5
7.25
21.5
59.25
24.75
-17.375
-9.375
26.375
40.875
22.25
32.625
18.25
12.375
39.625
27.0
24.375
34.75
28.5
32.625
21.375
11.875
34.375
36.625
24.25
29.125
39.75
-5.75
-18.125
19.875
-3.375
-26.25
-25.0
14.375
39.375
-18.125
-31.125
-5.375
-10.125
2.125
9.25
-2.25
-9.625
11.125
15.0
-25.625
-30.25
-6.125
-14.875
-1.0
25.0
-8.625
-14.125
7.625
-1.75
-17.125
-6.5
-0.375
-14.875
10.625
37.75
2.25
-5.375
-10.125
-26.625
-2.875
-11.5
-7.75
7.375
-17.625
-21.0
5.125
6.125
-0.875
16.625
21.125
14.875
24.375
32.0
18.875
23.5
51.375
32.125
8.375
24.5
22.25
8.75
7.375
0.5
-8.25
4.625
4.0
-24.5
-7.0
21.75
26.875
44.25
16.25
-5.375
21.625
23.5
10.125
26.625
41.125
22.875
29.375
40.875
1.375
-14.125
-11.0
-23.25
-14.375
-3.0
-2.375
-7.375
-21.125
-8.5
8.5
-8.125
-20.5
-15.125
-7.375
-9.0
-3.125
22.875
27.0
-24.125
-42.375
-15.125
-2.75
-3.625
-6.375
0.125
-25.625
-43.875
-31.5
-33.75
-32.0
-24.875
-22.5
-18.5
-5.375
10.5
-9.0
-8.25
17.875
-9.25
-27.75
1.5
23.0
2.75
-7.125
26.25
30.375
3.125
-17.625
-30.5
-4.375
7.5
-4.375
10.875
1.75
-0.625
11.0
3.625
8.75
1.625
4.375
29.625
19.625
-13.5
-8.625
-5.5
-12.25
33.125
25.125
-29.5
19.875
62.75
-4.875
-43.375
-11.875
-1.5
-8.375
-4.25
-1.125
4.0
12.875
13.875
4.5
-7.125
-8.875
6.25
12.25
-15.5
-3.125
32.5
1.75
-7.375
20.875
3.5
-21.625
-18.125
-26.75
-23.5
4.75
-4.75
-35.5
-13.0
14.0
4.25
-12.875
-10.25
12.375
-0.875
-11.125
-3.5
-10.0
-3.625
-2.125
-10.5
9.5
-5.375
-26.5
-8.5
-23.625
-24.875
-2.0
0.375
-1.0
-8.625
-2.875
21.375
3.375
-19.75
-3.25
12.375
10.375
-3.5
-8.875
-6.75
11.5
23.625
3.375
5.75
16.375
34.375
36.25
-27.625
-26.25
7.625
-19.375
-25.875
-12.25
-7.0
-2.5
-4.0
-0.25
-8.125
-14.25
1.125
5.0
-3.75
-4.875
-12.5
-26.75
23.5
42.625
-5.875
32.875
36.0
-24.375
-13.375
15.375
23.25
4.375
-15.0
-8.5
-6.25
0.875
-12.875
-28.25
5.375
10.625
-19.75
-17.875
-3.875
-5.375
-24.0
-27.5
-24.75
-15.875
2.625
-20.125
-29.125
-8.875
-9.25
-36.0
-23.875
-5.75
-36.875
-41.875
-18.5
4.125
-12.75
-41.25
-38.125
-28.25
-14.75
-13.75
-23.125
-6.25
-5.0
-26.125
-28.375
-13.625
6.875
12.375
0.375
-13.125
3.125
6.375
-25.625
7.25
16.25
-30.0
-9.625
4.875
-16.5
-16.5
-19.0
-33.5
-29.375
-3.5
0.5
-20.0
-14.0
-8.5
-11.375
1.75
17.125
47.5
16.625
-32.125
8.0
25.5
6.125
21.375
20.625
-22.75
-17.75
27.25
29.0
-2.625
-13.375
5.625
11.0
-15.25
-21.875
-6.5
-8.75
-2.875
0.5
-2.625
-3.0
1.375
2.0
-21.0
-9.5
15.25
7.0
13.875
12.0
19.25
50.625
-7.25
-35.5
10.75
-1.875
-21.25
-0.375
0.5
-23.5
-22.125
-20.125
-25.0
-33.625
-37.375
-23.375
-15.875
-34.375
-39.75
-30.75
-50.125
-50.375
-23.0
0.25
-19.875
-31.375
-10.125
-22.125
-29.25
-9.375
9.25
5.375
-10.0
-8.5
-14.875
-19.875
-10.0
-9.375
-15.0
-25.75
-18.25
-15.875
-28.75
-33.125
-40.0
-18.25
-19.25
-40.625
-2.25
9.125
-33.0
-22.5
-4.75
-9.875
2.375
-0.5
-15.5
15.75
50.125
15.5
-16.75
-4.125
4.5
0.5
2.875
21.125
9.125
-17.375
0.25
10.125
-3.125
0.125
-8.625
-22.875
-15.375
-4.625
7.625
-12.5
-22.0
-2.625
-15.125
-13.75
-3.0
-9.625
-6.5
-3.125
-5.125
-6.75
-1.5
-7.625
-14.25
-11.125
-13.75
-0.875
12.0
-2.375
2.0
-15.375
-22.0
18.375
-7.875
-43.0
-5.625
23.75
-1.5
-13.125
-8.375
-21.5
-29.875
-28.125
-24.0
-28.5
-38.25
13.75
23.25
-62.125
-57.0
-13.0
-2.125
-4.75
-32.125
-42.25
-20.0
-19.625
-45.75
-38.5
-22.125
-25.25
-20.875
-25.0
-22.875
6.25
7.0
-0.75
6.625
11.125
-2.5
-7.125
10.25
-18.75
-43.625
-27.125
-26.375
-21.625
-4.5
6.125
1.625
-14.125
-6.25
-5.875
-13.0
13.75
-4.125
-30.125
-11.5
-15.375
-15.375
17.75
4.625
-27.375
12.875
9.25
-37.0
-20.125
-6.5
-16.125
-12.875
-3.375
16.375
4.875
-22.5
-4.25
24.5
8.875
-14.625
-3.5
21.625
19.875
-2.625
2.5
-1.125
-8.875
-5.625
-13.125
-10.5
-1.75
0.625
-2.0
-10.375
4.75
-2.25
-12.375
8.875
-6.375
-17.375
-6.125
-7.375
-2.875
5.5
-12.25
-9.125
-22.25
-47.25
-26.5
-22.75
-33.5
-23.25
-20.75
-40.625
-33.25
-12.0
-26.5
-42.25
-21.625
1.625
-2.875
3.125
-8.5
-40.75
-28.75
-24.25
-23.5
-14.125
-16.375
-9.375
-29.875
-46.25
-34.0
-33.0
-39.0
-38.125
-38.625
-49.0
-51.0
-25.375
-4.25
-39.375
-47.5
-19.75
-16.125
-26.0
-29.375
-17.375
-29.125
-35.875
-16.125
-10.5
-10.625
-9.0
-2.5
-14.0
-37.0
-15.75
20.125
-3.75
-40.375
-33.125
-23.625
-15.5
-18.25
-32.125
-30.5
-27.0
-29.375
-16.25
-4.75
3.0
10.125
-7.125
-24.5
-13.125
-2.375
-21.625
-4.875
12.625
-43.625
-44.75
2.0
11.5
17.75
11.875
-6.5
-3.5
8.75
6.875
-4.875
-3.625
11.125
7.875
19.25
55.125
32.25
-16.125
-8.625
-0.375
14.5
33.5
2.75
-12.5
-6.25
7.625
21.75
-14.875
-32.375
7.0
5.25
-2.25
14.625
-16.875
-29.25
0.75
8.0
-18.625
-24.375
-24.75
-39.25
-11.125
7.875
-30.125
-25.875
-2.5
-8.25
-13.75
-28.125
-27.625
-28.625
-24.5
-14.875
-22.25
-22.125
-8.125
-12.625
-35.125
-25.75
-16.25
-34.75
-41.125
-29.375
-16.5
-13.5
-7.0
-6.125
-9.25
-20.625
-16.75
-5.625
-15.5
-1.25
10.625
-4.375
-18.5
-10.875
1.0
-11.25
-17.5
-21.875
-26.0
-10.0
-3.125
-6.0
-16.5
-21.125
1.75
9.375
-7.375
-6.625
-6.375
-5.5
16.5
9.25
-16.25
-7.75
-2.125
-17.875
2.5
15.75
-14.375
-8.125
5.0
-19.75
-14.5
20.875
2.375
-26.125
-11.75
-6.75
2.125
22.875
8.625
-10.875
-2.0
9.5
4.625
8.5
30.875
31.5
7.375
-2.375
10.0
19.5
13.0
-6.25
-12.75
11.875
24.875
5.125
-11.375
0.625
-8.375
-24.375
-16.0
-22.875
-20.875
-9.25
-20.875
-17.375
7.25
-25.0
-49.125
-22.5
-2.75
20.75
12.125
-25.625
-37.5
-27.5
-37.5
-30.125
-9.5
-22.375
-22.875
-22.375
-16.875
-5.75
-6.375
-11.5
-31.75
-18.25
9.875
-23.75
-36.625
-20.125
-18.0
-30.5
-52.0
-15.5
17.875
0.75
-27.125
-38.875
-24.0
-22.25
-23.125
-15.125
-9.625
18.75
9.625
-8.125
7.75
2.875
8.5
20.75
5.5
-17.5
-3.375
-0.25
1.125
12.25
-21.25
-13.5
21.0
3.625
-18.125
-10.0
-8.125
-8.875
1.625
6.125
11.25
12.875
4.25
20.875
24.125
-15.5
-8.375
31.5
27.625
-5.5
-23.125
-8.125
5.5
-0.625
18.0
8.625
-12.0
37.625
58.125
-0.25
-18.875
11.25
14.625
5.875
1.5
4.875
7.875
11.875
0.375
-17.25
11.625
8.25
-45.5
-13.5
47.375
37.625
-21.875
-30.625
0.125
-2.375
-6.5
-11.25
-5.25
7.25
10.125
-1.875
-13.875
-18.875
-22.125
-21.375
-8.375
5.75
-6.375
-5.75
2.375
-5.5
5.125
21.375
13.875
-19.0
-18.375
3.125
-2.5
-2.875
-2.5
-10.75
-5.125
-6.625
-21.25
-18.625
-22.625
-7.375
24.625
-5.75
-39.25
-37.125
-37.5
-24.625
-33.75
-55.0
-35.5
-12.625
-13.5
-15.125
-9.0
-0.75
-20.25
-22.125
13.75
17.0
7.5
2.125
-5.5
-3.0
-0.125
4.125
4.0
11.75
10.5
-0.875
4.625
1.25
14.125
26.25
11.625
24.25
9.375
-7.375
14.375
17.0
13.25
2.625
2.375
3.625
-14.0
-14.75
11.5
22.25
-13.375
-26.625
-4.5
0.0
11.875
17.125
9.625
15.625
20.75
-9.0
-15.375
10.0
7.125
-5.75
-8.625
-5.75
0.375
9.25
8.5
6.875
9.875
-3.0
3.75
11.875
-1.5
7.5
21.875
5.875
0.625
6.375
-3.25
8.0
15.5
-6.875
-2.625
15.5
1.0
3.125
25.0
7.125
-6.875
10.0
35.25
4.875
-37.875
-7.125
-7.375
-22.25
4.0
30.625
-9.375
-44.875
-17.875
-17.5
-21.375
-17.875
-17.5
6.75
10.625
1.75
12.75
-6.25
-17.125
1.125
1.25
9.25
-0.25
-33.125
-27.125
-1.875
2.5
-27.0
-32.25
-22.75
-29.375
-4.75
-10.625
-49.375
-27.875
-10.625
-15.625
-3.5
-19.75
-18.375
3.125
-9.25
-1.375
22.75
-13.5
-14.25
12.75
-5.875
-9.625
1.5
10.75
-7.5
-27.375
-5.875
-1.75
-14.5
13.125
17.25
-12.5
-8.0
-7.25
-18.0
-7.375
-3.75
-10.25
-7.375
3.25
4.375
-12.0
-16.0
8.875
-8.5
-37.0
-20.75
-9.0
-8.625
-24.125
-38.25
-14.75
7.625
-17.875
-28.375
-16.75
-21.25
-13.625
-6.375
-4.0
1.0
-1.25
5.875
11.125
19.0
34.625
26.5
33.0
37.625
7.375
8.0
1.75
-4.375
26.125
17.875
-0.75
17.375
34.0
24.75
-2.875
0.375
14.0
9.0
22.125
14.875
10.875
34.125
32.25
9.75
-7.25
-23.0
-15.75
16.875
-8.125
-28.625
8.5
7.25
-4.625
0.375
-14.125
-22.5
-7.0
-10.75
-26.0
-24.625
-15.625
-1.75
-4.0
-12.5
-3.375
-10.0
-36.75
-26.0
-10.75
-18.5
6.375
-8.75
-34.5
-18.75
-5.75
11.5
4.25
-6.75
10.0
18.25
-8.0
-15.125
3.375
1.75
-6.875
-11.375
-11.625
-11.0
-8.625
-3.875
-16.125
-24.625
-18.875
7.625
12.0
11.75
22.875
-19.875
-33.0
6.5
-1.75
-48.375
-26.25
9.125
-12.125
-14.0
0.5
4.0
14.625
17.25
-3.75
-19.25
6.75
10.875
-9.25
-3.0
-3.125
6.375
-1.75
-14.125
-3.375
3.5
-0.625
-11.875
-6.375
-2.875
-25.875
-21.125
11.375
-7.5
-26.0
15.75
16.125
-27.25
-17.25
0.875
-6.25
-12.875
-9.125
-3.375
-2.875
-1.875
-2.0
-20.5
-26.25
3.875
24.5
4.375
-15.0
-10.625
-8.375
-16.5
-2.875
20.75
-12.5
-32.625
-5.375
1.875
6.25
15.5
6.5
-8.75
-30.5
-15.25
-2.875
-26.5
-20.75
-5.0
26.625
27.75
-22.125
-19.25
4.75
0.75
-7.25
-2.875
41.375
33.0
-18.875
-14.375
-2.0
12.875
0.125
-22.875
5.75
16.875
-19.875
-12.875
11.625
-0.5
1.5
4.75
20.625
40.125
10.875
-8.625
15.0
20.0
-10.125
-9.625
11.75
15.875
32.375
35.5
20.125
8.75
5.5
-6.5
-5.0
8.5
-1.25
-6.75
-8.75
-0.5
11.0
-1.0
-5.25
9.125
2.375
1.25
17.75
13.75
4.0
-8.375
-16.375
0.125
9.0
3.25
7.0
8.0
5.25
19.0
15.75
-6.625
14.25
36.125
5.625
-19.625
-6.625
11.25
4.125
-9.75
2.625
6.625
1.875
27.5
34.125
4.875
34.375
61.5
11.875
-3.0
18.375
38.5
28.0
-2.875
0.5
18.25
20.5
10.0
17.75
38.75
30.125
-1.75
9.5
24.375
0.125
20.75
62.625
39.5
9.0
14.875
20.0
21.5
30.25
14.875
-17.125
-0.875
23.5
16.25
20.875
13.375
-10.625
-11.375
-11.25
-8.875
17.5
27.75
38.375
21.875
-25.625
-18.875
-0.25
16.0
19.0
-6.0
-13.625
-5.125
-16.125
-18.0
-14.25
-22.375
5.875
14.25
-12.125
-9.875
-2.375
4.625
12.25
-7.125
-3.0
42.875
27.125
-25.375
-5.0
15.25
0.875
8.125
10.375
13.5
25.375
9.0
-2.0
-3.375
3.0
21.125
6.375
-9.875
-6.875
4.125
11.75
13.75
12.625
1.875
4.125
3.75
-6.0
-13.25
-5.625
9.25
-3.875
-4.375
30.75
17.875
-12.5
0.125
-1.125
3.75
13.125
-6.25
-18.0
-5.875
2.0
-2.625
19.25
24.25
10.125
21.875
23.75
34.875
13.375
-29.75
12.875
48.5
5.375
-5.375
21.625
16.0
-15.5
-18.625
10.75
19.125
14.25
-3.0
-17.5
-10.875
-0.25
2.25
-1.125
3.375
14.875
22.875
10.0
1.75
19.25
23.0
18.75
0.25
5.375
19.875
-0.625
3.375
9.5
12.125
11.25
-2.0
6.375
9.75
-10.25
-4.0
13.625
5.375
-11.75
-8.5
-1.5
-2.375
11.375
3.75
-20.125
-5.625
7.5
-3.375
8.25
16.625
-8.25
-22.0
-6.125
4.125
-13.875
-19.0
-12.0
-8.75
-10.375
-30.125
-41.75
-36.125
-15.0
6.5
3.375
-24.5
-33.625
-14.375
2.875
-3.5
-13.0
6.5
16.75
7.0
-8.375
-10.0
13.125
25.25
14.875
-11.5
-18.75
-0.5
-5.5
-18.875
-10.125
0.875
-5.0
-4.375
-1.625
12.25
5.125
-19.25
-6.375
12.625
8.375
-20.25
-27.375
2.25
28.875
18.125
12.0
12.375
1.875
20.125
18.125
8.75
11.125
-7.5
-1.125
17.5
7.5
5.625
16.875
16.375
3.25
-9.25
-0.875
12.625
14.875
22.625
19.375
7.75
4.125
-3.875
1.375
25.5
31.75
22.75
19.25
34.625
41.25
16.875
14.0
30.75
34.375
22.625
22.375
27.125
-1.125
-1.25
22.875
12.875
5.75
18.375
38.5
15.875
-10.625
7.875
11.75
23.125
37.125
15.875
2.875
1.75
-8.125
-5.375
4.5
18.5
16.375
-15.125
-15.75
1.375
-6.125
-4.625
7.875
4.625
-7.5
6.125
33.625
16.375
-22.25
-30.375
-19.875
-23.625
-10.0
5.125
-21.125
-34.25
-13.25
-0.25
-20.0
-32.25
-14.125
6.625
0.0
-13.5
6.75
8.25
-12.625
4.875
14.625
-9.0
-1.0
6.625
-3.75
10.25
17.75
-17.125
-29.625
-0.125
-24.25
-26.75
19.875
-17.125
-54.75
-31.0
-24.0
-31.0
-26.25
-11.125
-10.0
-29.25
-43.5
-26.75
-11.5
-25.25
-9.0
-5.0
-17.375
-11.0
-21.625
-21.875
-6.25
-9.5
-24.0
-19.375
0.625
14.5
10.125
5.75
-12.625
-4.875
19.25
-15.625
-14.375
5.25
-9.5
-12.25
-2.375
4.125
-12.625
-19.5
-1.125
13.5
-1.125
-10.5
-13.875
-14.0
4.75
-4.0
-29.625
-14.0
24.5
13.625
-21.5
-36.0
-17.75
-7.875
-21.75
-15.5
-15.375
-10.0
2.5
-15.875
-21.25
-6.75
-5.625
-10.25
-19.875
-26.125
-14.25
-0.375
-6.25
-5.375
-2.25
-1.875
9.75
10.875
8.875
15.0
19.25
28.875
13.625
21.875
44.5
13.375
16.375
36.75
8.5
-1.25
17.625
15.375
3.5
-9.75
-20.125
-9.625
-4.25
-14.0
-13.25
-13.375
-15.375
-8.25
3.875
-1.125
-21.75
-31.5
-23.75
-10.0
3.625
7.875
-12.875
-24.625
0.5
17.625
-2.75
-10.375
1.125
-5.625
-7.0
-3.375
-11.75
-6.5
4.5
-7.5
-17.625
-13.75
-15.625
-2.875
-7.125
-21.125
7.5
7.375
-7.25
-5.25
5.75
17.625
-12.375
-13.5
-19.375
-32.25
-12.125
-23.75
-22.75
-16.375
-16.75
-1.375
-11.875
-15.375
-1.375
2.5
7.0
8.25
-0.875
0.125
18.75
23.75
5.75
10.375
22.5
16.75
28.125
16.875
1.875
30.125
44.5
16.875
-6.0
16.875
27.125
-4.5
-13.0
14.875
28.625
25.75
31.25
30.125
26.25
11.625
0.0
7.625
8.5
8.625
-11.875
-28.75
-6.25
36.25
30.75
-20.0
2.125
17.125
-17.125
-19.5
-4.375
-6.375
-21.5
-19.125
-8.0
0.875
-3.75
-15.375
-14.0
-21.125
-26.375
-16.0
-11.625
-10.75
9.125
11.875
-25.0
-28.375
7.375
8.25
-16.5
-5.5
-0.625
-11.0
-8.0
-12.25
-19.25
-15.0
-4.125
0.0
-8.0
-8.25
-2.125
-11.5
-22.625
-19.75
-15.375
-19.625
-22.25
0.0
21.875
-3.5
-24.5
-11.375
-8.0
-14.0
-10.5
-4.75
-5.75
-9.5
-13.125
-12.0
-11.375
-11.0
-2.125
-10.75
-15.375
-24.125
-50.125
-37.0
-28.5
-26.75
-15.875
-15.0
9.5
10.875
-13.75
-23.75
-18.375
-5.375
-8.5
-9.75
-28.0
-31.0
-11.125
-18.375
-14.0
-3.25
-11.75
-16.875
-17.375
-16.625
-21.0
-20.875
-22.875
-39.625
-26.25
-2.375
-23.875
-46.25
-38.25
-45.375
-49.75
-35.25
-32.625
0.125
12.25
-39.125
-37.375
-6.875
-13.625
-16.875
10.125
-1.5
-42.625
-32.375
-16.625
-25.25
-21.875
-8.125
-18.75
-34.375
-31.5
-15.125
-7.25
-12.5
-9.0
-16.625
-16.875
9.25
21.25
-8.125
-12.5
15.25
6.5
-8.875
-6.75
7.0
2.125
-19.25
-9.625
7.75
11.125
15.5
2.25
-28.375
-31.0
-10.0
-3.0
8.5
8.5
-11.25
-17.625
-13.75
-3.875
8.0
3.625
-4.625
-11.5
-30.5
-24.75
-6.75
0.5
1.375
7.875
1.875
-29.625
-18.75
-8.875
-23.625
-17.625
-23.25
-22.5
-11.625
-28.25
-13.5
11.75
-24.5
-22.75
-8.875
-28.875
-13.125
-16.5
-26.25
-19.0
-31.875
-34.375
-11.375
-2.875
-13.0
-19.5
-24.125
13.625
41.25
-8.625
-26.25
-1.625
-2.25
-18.5
-19.5
-16.375
-24.0
-8.375
-8.875
-38.125
-25.0
-6.375
-9.5
3.375
-1.625
2.875
27.375
0.875
-27.75
-21.125
-17.875
-0.125
11.875
3.875
-11.375
-26.75
-14.875
-16.25
-30.625
-11.875
-11.625
-38.125
-34.0
-24.875
-23.25
-27.0
-41.125
-26.0
1.25
-24.75
-57.625
-36.125
-16.375
-39.375
-56.875
-38.25
-28.25
-31.0
-15.0
-3.0
-10.625
-7.5
2.5
-9.625
-16.875
-17.0
-19.375
-11.0
-14.375
-42.625
-47.375
-24.875
-29.5
-31.375
-16.875
-24.25
-40.875
-21.25
-3.125
-12.25
-8.0
12.875
9.625
-25.25
-30.5
-3.875
-2.375
-9.5
-12.875
-1.875
-7.375
-29.125
-16.375
-9.375
3.875
4.875
-14.125
-13.625
-9.375
-9.75
-18.0
-17.5
-4.75
0.5
6.125
2.125
2.875
11.75
9.125
13.125
17.5
1.0
5.125
21.875
0.25
-18.25
-14.25
-7.25
-7.625
-16.5
-4.0
14.0
21.375
8.75
-5.125
25.875
34.0
-6.75
2.0
21.375
-0.875
-6.5
11.0
18.75
5.5
18.375
9.625
-29.625
-16.625
9.625
22.25
13.375
-6.625
0.375
23.625
10.75
-6.625
-1.625
-0.25
-2.0
8.0
14.0
-13.0
-3.5
11.75
-2.875
-3.875
-1.5
13.375
15.75
5.0
-6.0
-13.0
9.0
3.75
-12.375
-1.25
-8.125
-16.0
-0.5
16.375
9.125
0.875
-0.25
-7.875
-6.5
-4.375
9.875
12.5
-5.125
-12.375
-12.0
-13.125
-6.875
-3.625
-18.125
-17.75
-18.0
-22.5
1.625
5.125
-15.375
-9.5
-0.5
-0.5
-5.5
-6.25
5.375
9.875
4.375
6.5
-2.625
-7.75
9.625
-8.75
-14.25
22.5
18.25
-6.75
20.875
23.125
-17.25
-15.625
7.25
8.375
-8.25
-8.0
3.375
1.0
-6.25
-7.625
4.25
19.375
10.375
18.75
23.375
-2.625
4.625
25.5
15.875
-2.75
17.75
26.875
9.375
14.0
32.375
30.75
14.625
31.75
46.5
12.375
-9.0
14.0
16.0
11.0
22.0
15.0
22.625
37.375
7.625
-18.75
-12.875
-3.625
5.875
5.625
10.625
19.125
4.625
-4.875
23.75
30.375
-3.5
0.75
9.625
4.875
9.125
1.25
6.25
19.0
16.125
7.75
4.25
0.25
3.375
31.25
17.5
-36.125
-27.125
3.75
-4.25
-10.25
-5.25
-10.625
-3.25
1.125
3.375
20.0
3.125
-12.75
4.125
11.125
-0.125
-18.625
-0.5
30.375
9.875
-12.5
-17.125
-14.5
4.5
4.625
-2.875
10.5
1.375
4.375
13.0
-0.875
13.375
14.5
4.125
12.75
3.0
-13.0
8.25
45.0
21.875
-29.0
-26.0
-12.75
-10.0
-3.875
-1.125
-1.625
-5.5
10.625
15.0
0.75
-2.625
-2.75
10.625
14.375
27.375
34.375
-5.125
-35.25
-15.0
-10.0
-42.0
-33.75
-20.5
-27.5
-22.25
-12.125
-7.125
-15.375
-37.375
-44.875
-26.375
-6.875
-23.125
-48.375
-30.0
-18.5
-10.625
-21.75
-43.125
1.375
15.25
-10.5
7.875
29.875
20.75
8.625
-12.375
-16.5
0.875
-3.75
5.0
35.25
23.375
-14.0
-18.125
2.0
7.125
4.0
1.375
-12.625
3.125
23.375
6.125
-0.125
6.125
22.0
17.25
-15.625
-5.5
23.0
24.875
-3.125
-15.5
13.25
27.875
7.25
8.375
19.125
10.75
11.625
21.5
24.0
14.875
8.25
10.125
12.5
13.75
16.375
10.5
10.25
8.875
1.375
16.375
32.625
39.375
28.375
11.625
20.25
24.5
20.75
25.5
27.875
23.25
12.25
11.0
14.5
2.5
-6.5
-8.375
-15.625
-30.0
-25.875
-15.25
-27.25
-17.25
19.875
15.5
-20.5
-21.375
4.875
13.125
9.125
12.375
14.0
11.0
15.375
17.0
14.5
12.5
12.0
15.375
11.875
4.0
-5.375
4.0
23.625
-9.75
-35.0
-14.0
-12.75
-17.625
-10.0
-6.25
-9.625
-11.25
-5.875
16.0
22.75
-0.375
-8.25
0.25
6.875
7.125
13.75
31.125
24.625
7.75
12.625
16.25
10.25
25.875
16.875
-26.125
-2.5
12.125
-24.125
-24.125
0.5
-11.625
-34.125
-25.5
-18.125
-17.375
-11.875
-1.125
-5.5
-26.625
-25.75
-21.0
-26.375
-28.25
-29.875
-35.0
-19.875
-2.125
-10.625
1.375
21.75
3.0
-4.25
15.625
22.125
37.625
34.0
14.375
-3.375
-28.5
-21.625
-1.875
14.5
6.875
-10.25
-14.75
-12.0
0.875
-6.75
-11.0
-12.5
-20.625
-13.0
-16.0
-19.875
0.375
7.5
-1.875
17.5
29.25
-7.25
-8.125
20.875
18.0
5.875
5.375
13.125
9.25
-6.875
-5.875
34.625
33.0
-7.375
3.125
16.625
-0.75
-7.875
8.25
26.0
21.0
18.875
9.0
-22.375
-10.375
24.5
22.0
4.25
10.75
24.5
-0.5
-12.75
7.125
15.75
12.875
0.0
-6.875
-12.875
-18.625
-12.375
-4.0
1.625
-2.75
-8.75
-9.25
-9.75
-13.125
-23.0
-34.5
-33.25
-10.875
-3.0
-21.75
-23.5
-14.0
-5.25
-14.0
-5.625
30.25
21.375
-11.375
-26.5
-19.875
-25.875
-22.75
7.25
-1.25
-11.625
3.25
10.75
4.875
5.5
11.5
1.0
5.375
24.25
28.75
-2.25
-22.375
-1.75
7.0
-0.25
0.5
8.625
3.0
4.75
3.875
8.0
18.0
-7.25
-14.625
9.375
13.375
6.25
12.5
9.0
-8.0
-3.75
14.625
15.625
-5.375
-12.0
9.875
11.125
-17.5
-14.125
-0.125
-18.625
-3.25
13.125
-8.125
-15.125
-8.25
-10.375
-8.375
15.625
8.5
-10.625
-0.375
6.0
-7.125
-23.0
1.125
6.25
-8.75
7.875
-4.5
-19.0
2.625
-1.25
-26.375
-8.25
-6.5
-37.5
-40.375
-18.875
-12.75
-27.875
-29.0
-14.75
-13.0
-9.25
5.125
-8.625
-25.125
-14.625
2.375
0.625
-10.125
-14.375
-15.125
-5.0
-6.25
-6.375
17.375
14.125
-13.125
-18.625
-13.625
-8.5
5.25
5.0
-2.125
20.5
20.25
-21.5
-16.75
5.375
-9.0
-17.75
-5.25
15.125
23.25
6.875
1.75
10.125
-6.125
-11.125
11.0
22.5
3.75
-11.375
-6.875
-0.375
0.625
-9.25
-12.125
-9.75
7.75
3.5
-8.5
17.5
-1.125
-16.625
24.625
20.375
-7.5
2.625
35.5
47.875
17.875
4.375
22.875
28.125
16.625
20.375
55.875
46.75
-10.75
-4.375
12.875
-6.75
-7.625
-1.625
2.25
7.375
7.125
1.375
4.625
17.5
26.0
16.125
-7.375
-8.0
2.375
-2.375
7.75
20.25
11.5
19.0
11.0
-10.0
8.125
21.125
3.0
5.5
24.625
10.625
-5.625
-11.5
-9.25
-0.5
2.875
-4.625
-16.875
0.875
36.625
30.625
-17.125
-29.0
-3.5
-2.0
-11.75
-11.125
-7.375
-13.375
-28.75
-14.25
5.125
2.625
18.25
28.5
-5.125
-23.5
-29.875
-25.625
-1.125
-14.25
-27.25
-18.0
-17.375
-15.5
-7.5
-5.125
-2.875
10.625
4.875
-2.5
13.875
0.75
-4.875
-3.25
-7.625
7.875
-7.375
-12.75
21.5
2.75
-15.25
6.125
4.625
4.5
7.75
0.25
-0.625
14.75
6.75
-3.875
9.0
10.375
24.0
28.875
-6.25
-3.375
22.25
19.125
11.125
4.375
16.875
25.375
15.375
10.875
4.75
3.875
7.75
24.875
44.375
24.0
-3.625
-4.125
2.25
15.5
10.375
-7.75
19.375
31.5
0.875
-1.0
10.875
16.75
16.25
0.875
-6.375
-11.625
-20.25
-16.375
-3.125
4.25
9.125
-10.0
-5.5
8.375
-24.75
-9.25
5.0
-5.0
4.625
16.125
16.25
7.375
9.375
-1.0
12.125
28.5
14.875
16.125
34.0
15.5
-16.625
11.375
18.875
-17.875
12.25
62.0
16.5
-32.0
-3.0
16.125
11.25
15.125
4.5
-1.375
32.5
30.25
-7.0
2.375
4.0
-4.625
2.75
-1.75
-4.5
-4.625
-6.0
-2.5
-11.5
-0.875
33.875
15.0
-5.625
5.75
9.375
-4.25
-8.75
1.75
-2.25
-7.125
-5.5
7.625
2.375
-0.5
3.125
-1.75
16.75
-11.0
-45.0
-16.0
-2.125
-21.25
-23.25
-3.875
-10.5
-9.875
6.125
-13.625
-6.0
5.875
-23.75
-24.25
-15.75
-9.375
5.25
-5.0
-11.0
-5.625
5.125
22.375
7.625
3.5
-0.625
-21.75
-1.875
40.25
25.375
-17.375
-10.125
8.0
21.375
30.125
0.25
-18.625
7.25
17.125
13.125
11.125
8.125
0.75
-6.75
2.0
-0.25
-8.375
-4.125
-4.75
-14.875
9.0
27.75
-7.875
-22.75
-1.25
17.5
27.875
37.5
31.125
12.625
13.375
21.875
22.375
7.875
3.25
12.125
13.625
15.75
14.5
5.875
5.375
14.125
16.625
16.625
3.75
27.625
47.75
-15.125
-15.5
25.75
15.875
17.625
17.625
19.375
25.625
5.75
6.0
18.625
16.0
16.0
8.375
8.375
9.875
1.25
8.625
24.125
25.375
15.125
7.75
-0.5
11.375
27.125
1.625
-18.5
16.0
36.75
13.25
22.0
11.5
-11.125
10.125
34.375
38.25
5.875
-25.875
-20.5
7.625
14.375
1.625
-3.375
-8.75
-3.0
6.75
5.0
1.5
-13.375
-20.0
-16.625
-12.75
8.125
4.625
-17.875
-23.875
-4.25
0.875
-20.125
-20.75
-22.125
-15.5
-12.125
-25.125
-19.125
-18.875
-19.75
-0.375
-3.125
-2.125
19.875
25.625
26.5
6.5
2.375
20.875
8.125
1.75
59.25
57.625
-34.125
-28.625
-4.625
-25.5
13.875
25.75
-23.25
-21.5
0.0
-1.5
-2.5
-0.125
-0.125
-1.875
0.5
10.5
14.5
9.875
29.875
47.25
17.25
-4.125
2.375
17.5
35.75
20.625
9.75
21.625
6.25
-3.75
16.875
28.25
19.75
1.625
-2.75
7.75
17.375
42.0
39.875
11.375
15.875
32.875
5.0
-20.375
-1.875
21.625
8.625
-22.5
-6.75
15.625
7.25
9.625
16.0
16.0
10.75
12.625
14.5
-14.375
-16.375
8.125
18.5
20.875
21.0
-1.5
-8.625
2.875
-2.875
-16.0
-13.875
-10.625
-7.75
8.625
9.125
1.375
2.0
11.0
35.625
28.75
7.125
12.25
2.25
-3.875
21.25
38.25
18.125
13.125
15.875
-5.375
-10.125
-3.125
-1.375
1.875
-5.625
-6.75
14.875
14.25
-8.875
-2.875
1.25
-12.375
5.75
10.75
-10.75
-14.0
-15.875
-27.875
-24.5
5.625
7.25
-2.875
19.75
14.5
-22.375
-18.5
22.125
23.0
-8.75
-9.5
10.25
10.375
7.0
16.125
1.75
-14.875
-10.125
-5.0
-13.5
-32.0
-21.75
-1.0
-0.875
-7.0
8.5
25.75
24.625
15.125
7.75
26.75
38.375
30.5
27.0
3.25
-3.875
-0.25
-7.375
-8.375
-6.375
5.125
11.625
20.75
12.75
-2.875
21.75
55.5
47.5
9.875
2.75
15.125
31.5
39.875
14.75
18.75
32.875
21.25
19.125
26.5
21.125
1.625
5.75
17.75
3.0
6.5
27.5
14.25
5.5
19.5
11.0
18.25
23.5
15.625
22.25
16.375
10.0
13.125
20.875
24.125
13.625
6.75
6.875
8.625
18.75
22.625
18.25
6.875
0.5
-3.75
-14.0
9.375
52.25
68.0
19.0
-41.125
-21.125
0.125
-8.125
9.875
31.375
17.375
5.0
12.25
15.875
8.125
4.25
9.375
6.25
-1.25
-4.375
-5.0
6.625
24.625
-6.0
-29.625
-13.875
-9.375
7.625
10.375
-14.375
-24.625
-23.875
-22.0
-1.5
24.875
-6.0
-23.625
20.0
31.875
16.125
3.375
3.125
14.25
24.5
17.0
-11.75
-14.5
-1.75
-13.375
-22.5
-12.5
-11.625
-41.375
-46.125
-14.375
6.25
0.0
-26.875
-26.0
-3.125
14.5
19.625
16.25
7.25
13.0
17.875
6.375
34.75
42.375
-9.0
-20.625
3.125
2.125
8.875
13.625
3.25
-11.5
-17.375
10.625
6.875
-11.75
-1.5
11.125
21.875
7.625
3.375
-2.375
-24.5
-1.375
-4.0
-17.875
-7.0
-18.75
-17.75
-7.25
5.75
-0.75
-20.375
-16.125
-8.375
-4.875
-5.0
6.75
9.875
-20.125
-36.125
-16.875
-2.125
-7.5
-14.875
-12.625
4.0
27.75
5.875
-10.5
3.5
-2.0
3.375
5.75
2.375
7.0
4.25
2.875
8.25
-2.25
-21.25
-11.25
3.5
-0.375
23.25
21.75
-16.5
-12.0
-0.5
-8.5
-3.375
13.125
13.0
-0.5
-2.125
6.375
-2.5
-1.625
21.25
12.375
-16.5
-9.125
17.875
19.125
10.125
8.75
7.75
1.0
6.375
30.875
47.375
51.75
17.875
-2.5
25.75
12.5
6.125
34.875
27.625
3.875
3.625
12.5
16.375
17.875
11.25
14.0
25.625
19.0
12.75
15.125
4.125
1.25
9.0
8.125
13.25
23.875
31.625
9.5
-10.25
-1.5
-12.625
-24.875
-9.75
17.0
24.25
14.5
5.75
-4.375
-4.375
15.5
31.0
13.0
-6.0
10.625
37.0
20.875
-3.625
13.125
35.625
22.125
14.25
10.375
-3.625
17.375
15.375
-1.25
9.375
26.75
33.75
13.875
2.875
16.625
24.875
18.875
5.5
-0.125
2.75
-6.75
-0.375
17.25
15.0
11.875
6.625
9.0
24.625
27.75
18.75
11.625
9.0
-4.375
-5.125
9.625
17.875
23.875
3.375
-9.625
11.875
8.75
3.0
14.75
-10.875
-10.625
19.375
16.625
8.375
2.75
2.0
6.875
20.5
8.75
10.0
22.125
-8.25
-8.5
9.75
8.625
-2.5
-17.0
16.625
23.25
-34.375
-42.0
-24.875
-26.5
-22.125
-18.625
-13.625
-4.875
-14.625
-22.875
-10.75
-7.25
-5.625
3.375
1.375
6.0
13.5
-3.625
-5.25
20.75
30.75
13.625
-15.625
-14.25
5.375
-10.0
-25.25
-13.375
3.125
-2.0
-15.625
-0.625
23.375
21.0
0.0
-1.375
26.375
22.875
-0.75
8.625
13.875
10.75
13.25
11.5
0.125
-3.625
30.625
42.125
-0.25
-9.375
16.0
15.5
1.25
19.5
23.25
11.625
42.0
29.5
-10.75
11.5
26.625
3.625
5.0
25.0
8.375
7.125
19.25
11.75
17.0
12.0
13.375
31.25
32.0
7.375
-5.75
22.0
26.75
6.625
-4.375
4.5
20.625
17.375
29.0
15.25
-0.125
7.75
-0.25
-3.5
-0.375
-16.125
-28.625
-7.5
6.75
10.75
44.875
26.0
-27.0
-18.875
-8.125
-4.625
5.75
12.125
7.75
-1.0
-6.5
-14.875
-15.375
-18.75
-22.125
-13.5
-13.875
-9.625
-2.875
-9.625
-12.25
-16.625
-7.625
2.125
-13.625
-30.75
-14.125
8.875
-1.75
-12.125
-11.0
-11.625
-7.25
18.0
22.625
-6.0
-17.125
-4.375
3.25
-2.0
-6.875
-8.375
-4.125
-4.375
7.125
15.25
4.875
13.0
16.625
13.25
13.0
2.5
5.25
4.75
-0.625
23.125
22.5
0.625
0.875
0.375
13.625
27.25
20.875
6.75
16.75
32.0
14.125
21.0
40.375
23.625
5.875
11.0
15.0
13.5
12.625
9.0
17.125
0.125
5.75
37.125
25.75
13.0
3.375
-14.375
11.625
36.875
-6.0
-21.0
7.875
20.5
15.625
-3.375
-16.75
-7.625
0.0
1.0
5.875
11.125
3.375
-13.125
1.75
11.375
-4.0
-5.5
-7.75
-20.125
-19.25
-2.5
4.5
-18.875
-30.375
-11.0
-0.75
-14.5
-21.875
-3.125
-7.625
-33.5
-25.0
-10.375
-7.625
-2.375
-18.375
-28.75
-21.0
-27.625
-40.375
-25.375
-8.5
8.875
24.875
-10.0
-15.625
13.0
-0.875
-7.375
-5.875
-10.25
-8.875
13.875
25.75
7.875
15.875
-2.625
-24.0
13.0
14.0
-17.75
-28.0
-16.25
18.125
19.875
8.875
0.0
-4.625
19.75
11.375
-13.125
-5.75
8.625
5.125
15.25
26.25
13.75
11.625
15.375
8.25
25.75
38.5
23.5
39.625
38.25
22.125
29.625
13.5
14.625
38.75
15.0
1.0
12.125
-2.375
2.0
29.5
17.0
-12.375
-7.75
0.625
-13.0
-10.5
9.375
20.625
11.125
4.125
8.375
4.5
8.375
4.375
1.375
22.5
36.375
17.25
-7.875
0.375
4.0
-15.875
-12.125
-4.25
0.875
11.125
-0.5
-7.5
-1.375
-5.25
-0.375
20.375
11.5
-4.5
12.375
6.0
-10.875
-15.125
-20.0
-2.125
37.5
61.625
-7.25
-42.875
-13.25
-23.5
-6.0
11.125
8.125
17.125
12.625
17.875
23.0
1.875
-11.875
-14.625
4.625
32.25
24.25
6.0
17.875
27.875
13.625
-4.375
16.125
43.625
8.25
-7.5
3.375
-20.625
-10.625
3.125
-10.25
-8.25
10.0
11.375
-5.875
-3.375
6.5
9.875
7.375
2.25
6.875
25.125
19.5
5.0
2.875
16.125
38.25
10.25
-4.625
12.0
2.0
2.75
5.625
13.0
41.5
38.25
-7.125
-13.375
10.375
9.25
10.75
15.75
0.125
-11.75
9.625
11.625
-15.875
-21.0
-6.625
-0.625
-12.125
-23.625
-21.125
-0.25
10.375
12.5
-5.5
-34.75
-25.75
-19.375
-26.125
-26.0
-26.375
-5.25
-16.5
-36.0
-13.0
-14.125
-24.25
-8.875
3.875
-20.25
-10.25
31.75
-9.375
-26.0
-1.25
-13.0
-9.375
-15.0
-24.875
-16.0
-2.25
7.125
-15.625
-17.25
-13.25
-22.125
1.5
-11.5
-30.875
-12.25
0.625
11.5
5.875
-21.375
-16.375
-3.5
-7.875
-9.125
-2.125
27.0
22.125
-13.0
-17.625
-1.5
12.875
8.625
1.25
13.75
41.125
40.75
7.375
-13.75
-4.625
3.5
-2.0
0.25
-4.375
-9.125
-3.125
0.0
19.25
23.375
-19.375
-26.75
1.25
2.75
-10.875
-13.125
6.625
-7.875
-19.875
-3.125
-18.25
-11.875
-11.75
-24.5
15.125
13.0
0.75
2.75
-28.75
-21.25
-3.5
-4.0
-9.375
-21.25
-3.625
0.0
-20.625
-12.625
-15.375
-17.5
-2.0
-2.0
-17.125
-28.625
-22.375
2.75
5.125
4.5
3.625
-9.875
-8.75
-4.875
1.125
19.625
26.5
-16.5
-36.875
-10.5
-5.625
-14.25
-14.625
-4.75
-6.25
-25.5
-22.0
-0.5
-12.875
-44.75
-39.625
-11.875
-15.75
-35.875
-29.625
-11.5
-3.875
-5.25
8.125
6.125
-12.625
-10.25
-0.375
3.125
-0.5
3.875
-5.375
-13.875
3.0
13.75
-7.0
-6.875
16.875
-21.0
-35.5
-10.0
-21.5
-30.375
-17.375
-15.625
-16.625
-16.125
-19.125
-17.75
-16.875
-3.25
-2.25
-12.75
-16.5
-26.5
-11.125
-4.375
-3.625
2.5
7.75
4.5
-21.375
-15.125
-10.125
-8.25
-5.125
-16.75
-25.0
-31.0
-19.0
-15.125
-30.875
-15.25
-1.625
-22.25
-27.375
-23.125
-28.875
-20.75
-7.5
-6.375
-9.125
0.875
18.125
10.5
-6.5
6.125
26.625
0.625
-24.875
-8.75
-13.5
-38.375
-33.25
-12.0
-29.875
-45.25
-24.5
-29.5
-44.75
-49.0
-47.875
-33.5
-24.75
-18.75
-18.0
-28.0
-21.625
-18.25
-20.25
-8.0
-14.875
-8.625
14.5
13.375
-15.375
-32.0
-18.25
-12.5
-5.625
-0.375
-13.875
-21.125
-4.0
-7.875
-20.375
-10.125
-10.0
-12.375
-10.25
-4.0
-4.375
-2.125
8.625
-6.375
-16.875
-0.375
4.75
-10.75
-7.75
1.5
-1.25
18.5
28.5
-3.875
-9.625
13.75
8.25
-0.5
15.0
13.375
-2.0
4.125
14.875
32.0
26.375
7.5
19.5
26.125
12.25
-5.125
-0.875
16.5
11.25
12.0
8.875
-8.25
-11.75
-4.75
10.75
22.25
12.75
-7.5
-4.0
-1.0
-2.5
4.625
-0.625
-4.0
-5.25
-0.25
2.0
-8.5
3.875
6.0
-20.625
-22.0
-21.0
-24.25
-16.875
-13.5
-3.625
5.5
3.375
-20.5
-12.125
9.5
-29.625
-39.125
-7.875
-8.875
-16.125
19.625
18.0
-26.375
-30.125
-5.875
4.875
-15.875
-17.5
-16.75
-33.5
-24.75
-2.375
-6.625
-14.875
-13.875
-26.25
-25.125
-16.375
-10.0
-17.25
-26.625
-15.875
-0.75
-4.5
-25.0
-26.625
-3.625
16.125
7.875
-5.625
-6.25
-8.75
-10.625
-13.5
-2.875
-2.75
-13.125
8.0
15.75
12.0
16.875
-14.375
-33.25
-5.625
5.0
-5.0
-7.25
-4.75
0.625
16.625
-5.0
-17.875
-10.875
-27.375
-23.0
-1.625
12.25
-0.125
-14.875
-14.125
-8.625
3.5
-3.25
-3.375
11.0
9.25
5.25
9.75
8.5
-1.625
9.75
19.125
11.5
-0.25
-8.0
-3.375
3.875
14.25
6.0
12.625
38.375
5.0
-27.75
-20.125
-10.375
-13.25
-33.875
-29.125
-20.625
-39.5
-44.75
-20.75
-17.25
-31.0
-17.875
-22.125
-35.75
-21.0
-13.625
-10.375
-13.5
-22.625
-7.25
-4.5
-12.875
8.875
-7.875
-54.125
-53.0
-29.125
-23.25
-19.625
-1.0
-5.375
-28.75
-17.875
-7.5
-20.25
-4.5
-2.875
-10.125
27.125
30.5
-5.125
-7.375
-6.625
-9.5
-7.875
-15.875
-8.375
-4.375
-10.5
-2.125
-3.375
-3.875
3.75
-1.625
9.375
27.0
-3.75
-28.75
-2.125
-10.125
-7.625
25.625
25.375
19.0
-8.25
-20.5
1.5
7.5
4.75
6.125
3.625
-7.625
-12.875
-2.75
4.375
2.375
0.0
-0.875
1.75
4.375
-6.625
15.0
32.875
7.0
16.75
-1.75
-19.75
-6.875
-17.625
-14.25
-6.875
5.75
5.5
-7.25
0.875
-0.625
-8.0
4.875
24.25
16.375
-13.625
-21.5
4.0
33.125
12.875
-19.375
-6.0
4.5
-1.875
11.5
6.625
-18.75
-4.875
23.625
7.75
-22.5
-22.375
-10.625
-14.5
-14.125
3.375
-0.125
-7.875
-2.875
-9.0
1.5
-4.25
-18.0
-3.875
-6.75
-1.375
16.75
3.25
-1.0
3.375
-11.875
-9.875
-13.875
-19.125
-10.875
-11.375
4.75
3.875
-30.75
-26.5
-7.375
-11.25
-12.75
-6.875
-6.375
-13.125
-24.125
-18.0
-12.75
-14.125
-15.0
-17.5
-6.625
-7.625
-23.0
-6.75
21.125
0.875
-17.125
-16.625
-11.125
-3.5
-14.875
-13.75
-6.0
11.625
5.125
-18.0
-3.75
1.5
3.875
9.125
8.75
2.75
-6.625
5.0
27.25
28.625
4.0
-9.0
-6.0
-2.25
0.875
-7.0
-7.0
-3.125
-14.625
-10.375
11.0
5.875
-11.0
-16.375
0.5
14.75
3.75
-22.75
-31.875
-7.125
1.5
-4.625
-4.625
0.0
4.875
5.75
2.625
-17.625
-19.75
-17.0
-14.625
6.625
-6.625
-25.625
-14.625
-14.5
-6.375
10.125
-6.5
-12.0
-17.875
-19.0
-4.75
-5.75
-20.625
-21.0
-12.25
-17.5
-14.25
7.375
17.0
3.625
-1.875
-0.125
3.0
-3.0
-13.0
0.375
21.625
8.25
-10.5
9.75
26.75
13.625
7.125
16.25
17.125
21.25
27.625
8.5
15.25
27.5
14.875
18.125
13.25
16.375
13.875
9.25
12.875
0.75
3.375
3.875
2.125
12.875
15.875
20.75
21.875
10.125
10.375
11.0
5.125
15.75
1.0
-11.125
2.25
6.125
-1.625
-14.375
5.75
24.25
11.0
7.75
25.5
12.125
-5.375
10.25
6.25
-1.0
7.25
13.875
0.25
2.125
10.0
0.875
16.375
37.625
16.25
-14.125
5.0
22.625
8.875
-2.625
10.625
10.875
-4.25
-2.125
0.0
10.125
9.5
-14.875
-16.625
2.875
17.125
16.5
-3.5
3.125
21.375
4.875
2.625
-2.625
-27.25
-23.875
-13.125
-9.0
-4.0
6.125
-1.5
-22.5
-12.25
6.25
-5.375
-14.875
-18.0
-21.5
-5.25
-5.375
-28.5
-36.5
-18.0
-3.125
-12.5
-27.5
-22.875
-15.875
-22.0
-18.75
-12.625
-0.375
2.375
-24.625
-27.375
-17.125
-20.5
-12.0
-15.125
-19.875
-12.5
-20.375
-26.375
-12.875
16.0
10.375
-36.375
-38.125
-12.5
-4.0
-12.75
-12.875
-0.875
1.0
10.875
0.75
-3.125
25.125
21.5
6.25
7.875
16.25
23.0
9.75
-7.0
-8.5
5.0
14.625
3.875
-13.0
-2.125
4.125
-3.0
2.25
-9.0
3.5
28.5
3.875
-11.125
3.75
9.75
18.375
16.25
4.0
8.375
12.875
2.25
4.25
14.75
14.875
29.875
29.875
-3.0
-15.125
-11.0
-7.625
1.125
2.5
-7.0
-10.25
-4.125
-9.25
-12.875
5.375
9.5
-5.25
-10.125
-6.0
15.75
26.0
26.25
-2.875
-47.25
-6.75
39.625
20.0
0.125
1.875
4.625
6.625
6.625
7.125
13.75
10.5
-8.75
-7.875
17.625
6.0
-10.5
9.0
13.75
-9.625
-4.375
42.75
33.25
-9.625
-3.0
9.75
11.75
21.125
15.125
-2.875
3.625
10.125
0.5
-7.875
-6.75
7.0
16.375
12.75
9.75
12.125
3.625
4.5
30.5
27.875
16.375
10.625
-1.125
10.0
28.625
15.875
1.0
17.625
20.0
9.625
0.5
11.375
36.25
31.625
15.25
6.375
-1.25
-1.0
13.375
25.875
9.5
-4.5
15.5
30.125
17.125
14.625
35.0
25.25
-10.875
-30.0
-18.75
-17.25
-41.125
-35.75
-4.5
-6.375
-15.5
-16.875
-15.375
-13.75
-25.625
-9.625
-14.375
-35.0
-33.375
-7.75
6.5
-36.25
-36.375
-14.75
-22.375
-23.0
-27.125
-8.0
15.5
-19.125
-44.125
-25.75
-20.0
-19.25
-11.25
8.875
14.625
-8.25
-19.0
-20.875
-21.875
-7.125
-1.875
-20.5
-18.375
-8.375
-16.375
-17.5
-18.875
-10.125
1.25
-16.625
-12.625
4.5
-15.75
-7.5
14.25
-1.5
-16.5
-22.125
-11.5
10.75
10.625
1.25
1.25
-3.875
-13.375
-8.875
-7.625
-9.125
20.375
31.625
0.75
-12.25
-9.375
-10.75
-0.5
7.875
11.125
6.125
5.5
13.875
-9.625
-27.625
-19.0
-14.875
-13.875
-2.75
0.75
-14.5
-5.75
-7.5
-15.625
-7.625
-12.25
1.875
10.875
-12.375
-10.875
24.25
-1.5
-39.875
-7.375
11.625
-7.5
-7.0
5.0
1.625
-16.875
-30.5
-2.0
18.75
5.125
-13.875
-17.125
-9.875
-7.875
-3.875
-4.25
6.625
9.375
-2.5
7.625
18.25
-3.125
-29.25
-11.5
-3.0
-2.0
13.25
-15.25
-23.5
-3.75
-29.0
-43.375
-20.875
-9.5
2.875
-14.0
-44.75
-25.125
-8.5
-15.125
-10.5
-3.375
-4.0
-9.125
-9.125
-6.375
2.75
-1.25
-14.25
1.875
5.375
12.875
18.125
-15.625
-29.375
-14.5
-5.75
-4.25
-9.875
-9.25
-3.0
-0.625
18.625
11.75
-14.375
-4.0
-1.875
-11.5
-12.25
-20.375
-16.5
-9.0
-18.625
-8.25
7.125
-4.25
-4.375
12.25
7.125
-7.875
-2.25
17.375
16.0
-2.25
-17.0
-16.0
5.0
-0.375
-5.5
-7.25
-21.25
-10.625
-7.75
-17.0
23.75
27.25
-32.0
-32.125
-25.625
-30.625
-25.5
-15.0
7.375
-11.625
-34.0
-19.375
-3.0
0.625
2.375
-10.375
-26.25
-13.375
-5.5
-9.5
9.375
17.25
-10.25
-18.0
2.75
7.5
4.25
-0.875
-13.5
-9.5
-16.875
-35.5
-19.75
-4.0
-23.125
-39.625
-25.375
-17.375
-30.5
-37.875
-56.125
-57.875
-25.125
16.25
18.0
-32.375
-48.5
-30.625
-14.75
-19.875
-23.75
-10.125
-16.5
-15.375
8.625
0.875
-24.0
-12.5
-19.0
-48.375
-30.0
-0.875
-23.5
-45.0
-18.0
-18.875
-35.875
-26.875
-18.625
-11.625
-10.5
-17.375
-12.875
2.75
-0.75
-9.125
-6.5
-8.25
5.875
22.125
0.0
-14.75
-8.125
-6.0
-5.125
12.75
8.5
-2.375
18.875
7.25
-7.625
-3.75
-16.375
-7.875
5.75
4.875
9.375
0.75
6.0
23.75
-9.5
-32.625
8.125
19.5
-5.625
-9.5
-14.125
1.875
13.125
-14.375
-16.25
2.125
3.375
5.0
4.625
-6.625
-4.5
-0.625
-12.0
-15.875
-16.375
-10.5
-10.5
-21.875
-15.25
8.375
-1.5
-17.125
-1.625
-2.5
-5.375
-9.0
1.0
1.0
-15.75
-6.125
6.25
4.0
-15.625
-21.0
-12.25
-18.0
-25.5
-24.375
-28.875
-28.375
-15.875
-6.375
-12.375
-4.25
20.0
-12.5
-41.125
-24.0
-16.625
-10.125
8.375
17.625
9.5
1.375
6.75
30.125
-3.25
-37.625
-11.5
6.375
5.375
-19.5
-22.75
0.25
-17.75
-39.5
-35.25
-24.0
-15.75
-25.375
-18.25
3.0
11.125
5.125
-10.125
7.625
16.875
7.25
27.25
11.5
-9.75
-5.875
2.125
17.0
7.625
-7.75
-4.0
10.0
-1.875
-19.0
-17.125
-18.5
-20.625
-19.0
-20.25
-25.0
-20.25
5.5
15.125
-5.25
-4.375
-16.875
-27.75
5.375
28.125
19.5
-6.5
-8.5
5.375
9.0
18.625
12.25
-1.125
8.875
14.375
1.75
-2.75
4.0
17.0
19.375
-1.875
2.0
16.125
-9.125
11.0
34.375
-3.75
-6.625
14.0
25.625
5.625
-17.5
-0.875
7.875
3.0
0.0
-3.125
-2.75
0.375
4.25
15.75
23.375
-8.625
-28.625
-3.25
5.375
-16.25
-26.375
-20.625
-16.75
-9.875
-15.875
-30.25
-8.25
22.25
-22.0
-69.125
-8.5
18.75
-59.875
-74.375
-10.375
7.375
-17.0
-19.0
-0.75
14.875
13.5
5.625
8.25
17.5
13.625
1.125
-0.375
8.625
14.625
5.375
-14.625
-27.375
-26.5
-10.0
0.875
-13.875
-24.75
-19.75
-1.875
2.5
-17.125
-19.375
-4.25
-1.0
-0.625
3.875
1.875
-1.875
10.5
18.25
-0.5
0.25
7.375
5.875
9.75
3.875
-2.125
-7.875
1.625
27.375
30.25
-5.5
-23.125
-3.375
-5.125
-16.0
-14.375
-10.125
-1.5
10.875
10.375
3.875
8.5
17.125
17.625
0.875
-5.125
3.375
5.375
-1.5
-0.125
-1.875
-8.5
-7.375
-0.5
-3.125
-28.75
-36.125
-15.75
-10.25
-6.0
7.875
-7.0
-10.25
16.5
31.125
14.5
3.375
11.75
18.5
16.75
12.25
16.25
13.875
-6.5
2.875
0.0
-33.25
-32.75
-14.875
-10.125
-21.75
-28.875
-20.375
-3.25
-9.0
-26.5
-27.0
-26.25
-10.625
5.125
-8.375
-16.625
-10.0
3.0
10.75
-10.625
-19.5
1.5
3.75
-0.25
-1.875
-7.125
20.375
29.0
-5.5
-12.875
-20.125
-15.5
1.25
-3.75
11.75
7.375
-19.0
-19.875
-6.0
2.875
-11.375
-15.625
3.125
5.375
-8.875
-1.0
12.125
-9.75
-13.125
8.5
-2.625
-10.5
-2.75
1.0
-5.125
-11.625
-16.5
-25.375
-11.125
4.375
24.625
15.25
-19.75
-19.625
-24.875
-20.25
3.5
6.5
-4.625
-3.375
-0.375
-6.0
-19.25
-18.875
-3.375
-2.5
-15.125
-29.0
-20.375
-4.25
-24.875
-43.375
-14.0
14.0
-3.875
-14.0
3.625
1.75
-1.0
11.25
12.25
-2.875
4.125
20.125
12.875
-12.125
-19.125
1.0
0.125
-6.75
-5.75
-6.875
-3.5
2.375
8.75
9.375
16.0
11.75
1.25
10.375
16.625
22.875
18.125
0.375
8.375
19.875
19.625
19.75
-4.75
-27.0
7.5
8.375
-16.375
10.5
7.25
-10.0
7.125
12.875
6.75
11.125
1.125
-2.125
17.25
-0.125
-16.25
-1.25
-0.25
3.375
-3.375
-16.0
4.125
-2.25
-27.25
-5.125
9.0
-14.25
-29.875
-19.625
-29.875
-39.375
-18.125
-23.125
-35.875
-27.625
-15.125
-12.375
-22.25
-28.5
-22.875
-18.375
-27.5
-17.75
0.875
-22.0
-25.25
-6.5
-30.75
-30.0
-15.875
-23.0
-15.625
-12.75
-12.75
-19.75
-32.0
-29.5
-25.0
-14.25
-20.375
-31.625
-16.5
-20.125
-24.75
-21.0
-32.0
-37.875
-35.625
-24.625
-17.875
-28.375
-21.0
-6.25
6.375
3.375
-17.625
-9.0
-16.75
-19.125
11.875
11.125
-5.0
-3.0
-3.625
15.625
29.0
-7.0
-18.625
-1.125
5.0
-4.5
-22.125
-20.625
-15.0
-14.0
-7.0
-5.125
-1.25
6.875
5.625
-0.125
12.75
30.625
7.875
-12.375
2.625
13.125
-3.25
-10.375
4.0
2.75
-1.5
12.5
6.75
6.125
12.0
-21.75
-23.125
-6.875
-11.0
2.875
8.875
-2.25
-20.625
-33.625
-23.0
-0.375
3.25
-15.875
-17.75
-4.375
-3.0
-3.0
-4.75
-14.375
0.5
11.75
-15.25
-17.0
-1.375
13.125
23.625
-5.375
-8.875
-2.625
-17.875
-20.375
-23.0
-5.625
5.75
-14.375
-19.25
-1.375
4.5
6.375
10.625
-7.5
-19.875
-11.375
2.625
7.5
-13.625
-26.375
-8.375
1.25
-21.5
-27.875
-19.25
-11.5
22.125
29.875
-3.5
-38.25
-25.75
9.75
-2.0
-18.75
-11.875
-9.125
-11.875
3.75
12.375
-9.5
-25.875
-30.375
-9.625
9.0
-17.0
-18.5
-3.5
-19.25
-34.5
-34.625
-11.125
1.625
-9.25
-2.75
0.625
-4.5
6.625
13.25
10.375
0.875
-8.5
15.75
14.375
-3.875
7.25
-16.375
-18.125
11.0
4.875
4.0
13.0
-11.0
-12.625
7.125
-8.25
-14.0
-3.25
-8.625
-16.25
-9.0
7.75
8.875
-10.625
-4.625
-4.625
-21.0
-16.625
-26.125
-17.25
0.0
-7.75
-9.875
-16.125
-12.625
4.5
-1.375
-15.125
-9.5
-0.75
3.25
7.25
2.125
-11.625
-27.125
-39.625
-23.375
13.25
-6.25
-64.375
-43.5
-20.125
-51.125
-41.375
-26.5
-23.5
-10.25
-5.75
3.0
-5.875
2.125
28.0
11.125
-0.375
7.75
-2.625
-7.625
-1.5
-3.0
3.75
4.625
-11.125
-15.25
2.875
10.375
-10.125
-25.375
-22.5
13.5
26.875
-2.75
-9.625
-2.75
-1.375
3.25
17.375
14.375
12.125
23.75
14.0
-1.375
3.25
10.25
5.0
-8.75
-12.625
-4.375
-7.25
2.625
22.75
14.0
-4.125
0.25
4.375
-5.375
-12.25
-5.5
1.375
-0.375
-4.625
9.0
26.5
0.5
-18.125
19.5
14.875
-25.875
-1.125
0.75
-33.75
-29.625
-17.75
-16.375
-17.75
-7.375
6.75
2.75
-4.375
3.5
15.125
4.125
-12.625
-7.75
-2.875
1.375
11.875
11.25
-10.25
11.125
21.75
-25.5
-0.125
48.875
23.375
1.25
13.875
26.875
8.75
-14.0
-5.125
-2.0
-12.0
-13.5
-9.875
-22.0
-28.0
-25.0
-26.75
5.0
7.625
-40.25
-52.125
-25.25
-18.25
-40.5
-28.25
-1.75
5.0
-19.875
-57.25
-40.5
-4.25
-20.75
-38.375
-22.0
-16.25
-24.75
-27.875
-27.25
-21.75
7.875
2.375
-39.75
-35.25
-0.25
15.875
-15.375
-38.125
-25.625
-17.125
-13.375
-17.125
-12.875
-23.75
-43.375
-32.875
-22.625
-22.75
-16.875
-10.75
6.5
20.375
7.125
-5.0
7.375
11.875
-1.125
-15.625
-6.75
6.875
-0.75
9.625
12.125
-13.5
-19.375
-10.5
-18.25
-28.0
-22.625
-9.125
0.5
-8.25
-18.625
2.0
5.375
-9.625
-3.0
-3.875
-7.0
-6.25
-2.875
15.375
26.0
9.0
-1.0
5.75
1.125
2.375
21.625
21.125
-2.625
-5.0
5.375
3.875
9.125
12.375
-1.125
-16.75
-19.375
-11.625
-8.25
-4.875
17.0
26.875
-6.75
-4.375
11.875
-6.25
-8.625
-14.125
0.75
12.875
-23.5
-18.125
-7.625
-18.75
-9.25
-30.375
-35.5
-29.25
-23.25
-3.5
-17.125
-12.0
7.875
-17.875
-42.0
-40.5
-27.375
-28.0
-40.0
-23.125
-8.5
-9.5
-16.0
-34.125
-34.75
-23.125
-22.0
-22.75
-22.25
-15.0
-15.75
-25.0
-16.375
-4.75
-30.5
-46.125
-26.75
-17.75
-8.0
4.0
-8.75
-26.625
-24.125
-22.375
-24.5
-20.5
-18.625
-13.25
-11.375
-9.5
-9.0
-11.0
-8.5
-8.75
-4.0
2.125
4.0
0.875
-8.5
-16.875
-14.0
-8.0
-10.0
-25.875
-31.625
0.25
-1.125
-27.75
-32.125
-27.125
-11.375
-5.375
-25.25
-36.5
-16.75
-13.0
-30.25
-32.5
-26.875
-27.5
-30.625
-33.375
-25.625
-12.625
-10.25
-21.875
-29.0
-18.5
-5.5
-7.625
-24.0
-23.25
-3.125
-14.875
-14.875
-3.5
-21.875
-18.875
-19.75
-30.375
-17.375
-22.125
-37.375
-31.75
-18.75
-9.0
-34.375
-36.125
7.25
9.0
-5.625
-14.75
-26.875
-16.375
-5.5
-1.5
-6.5
-25.875
-14.875
19.25
-17.375
-56.125
-37.0
-20.25
-19.75
-22.75
-20.625
-31.125
-22.875
-11.0
-8.875
-11.0
-19.25
-7.375
-0.25
-15.375
-22.75
-4.5
5.25
-8.625
-14.875
3.25
-0.875
-27.75
-8.125
-2.375
-30.625
-6.125
14.0
4.375
-17.5
-25.5
-12.0
-19.0
-13.0
7.0
5.375
-7.5
-8.625
-2.125
-8.875
-17.0
-11.75
-7.375
-6.5
-7.125
-19.75
-23.5
4.0
15.25
-4.5
-12.5
-0.25
-0.25
-24.25
-27.625
7.875
23.125
-1.75
-3.625
0.875
-4.625
-2.375
-21.375
-33.875
-24.125
-19.375
-21.75
-17.0
-7.5
-9.75
-11.5
-6.125
0.5
2.5
-0.25
11.5
8.375
-1.375
-2.75
-16.5
-21.5
-18.0
-30.625
-41.0
-11.0
3.25
-28.875
-35.25
-41.5
-43.75
-22.875
-21.0
-19.125
-9.0
-29.875
-44.625
-11.875
-12.25
-33.875
-24.875
-26.0
-24.375
-4.25
-21.0
-38.625
-20.25
-4.125
12.375
-10.25
-36.25
-26.375
-23.0
-5.75
-3.25
-24.375
-17.25
-13.75
-10.25
6.25
3.375
-12.5
-24.25
-24.5
-22.125
-17.375
-6.75
-15.375
-19.75
-12.5
-14.25
-20.5
-24.125
-13.75
-6.375
-10.875
-1.875
11.5
5.375
-13.0
-22.0
-17.375
-8.375
-3.375
-4.0
1.125
2.375
-3.75
-10.125
-11.375
10.5
-5.125
-39.5
-12.625
4.5
-0.875
-5.0
-9.25
5.0
5.0
-11.625
-18.125
-15.375
-1.875
-1.0
-14.0
-11.25
-14.875
-2.25
13.25
-3.0
23.5
27.375
-21.375
-19.75
-10.375
-21.75
-21.5
-9.75
10.125
-6.125
-32.875
-18.0
-5.875
-9.125
-10.375
-8.0
-13.0
-12.5
10.0
22.125
12.5
-2.125
7.5
27.25
13.625
1.875
6.875
-15.75
-4.125
17.125
-12.75
-24.625
-20.625
-19.625
-25.5
-18.625
-20.375
-32.625
-19.75
-10.25
-16.625
-5.375
3.75
-19.25
-25.5
-14.875
-16.875
-21.75
-25.125
-25.75
-29.875
-25.625
2.125
-9.875
-40.875
-11.5
3.625
-28.375
-42.625
-16.125
4.375
-10.25
-10.375
-5.125
-11.625
-10.0
1.75
-0.5
-11.75
-10.125
-2.25
-10.375
-22.625
-11.625
-10.625
-8.875
10.125
9.875
-9.625
-5.5
-3.375
-9.75
0.5
-5.5
0.625
16.75
11.0
10.0
-1.0
-15.125
-5.125
6.375
4.875
-4.25
2.125
7.375
-8.375
-7.25
13.875
-8.5
-27.5
0.375
4.25
-6.125
-9.125
-14.875
-8.75
-9.625
-11.5
2.0
-0.25
-26.625
-34.25
-18.0
-11.5
-12.375
16.125
29.75
-19.25
-43.0
-0.375
12.875
-16.5
-17.25
0.625
-1.375
-17.125
-14.625
-0.75
7.75
-4.75
-17.375
-13.5
-2.75
-11.125
-36.875
-34.875
-22.875
-26.5
-15.375
20.25
1.625
-30.5
-10.75
-9.625
-28.75
-29.75
-12.125
-8.625
-17.625
-10.75
-8.125
-0.75
-13.625
-45.25
-35.5
-26.0
-39.5
-44.5
-30.625
6.375
18.125
-15.125
-13.5
5.0
18.375
28.0
14.0
9.75
11.5
4.375
8.625
25.625
36.0
19.125
-1.5
4.5
8.75
4.125
7.125
15.5
18.625
10.125
3.625
-2.375
1.875
20.625
45.875
50.625
1.875
-11.25
23.25
31.375
18.625
15.5
26.0
24.75
15.875
12.625
10.375
11.75
14.625
8.375
-0.75
0.375
5.625
-4.125
-3.625
17.75
16.875
-6.625
-6.0
6.5
10.625
37.125
15.75
-17.25
4.375
-1.25
-16.25
-15.875
-10.375
-4.0
4.5
13.375
0.0
0.75
11.625
6.125
4.75
-3.25
-16.125
-1.625
26.5
22.75
16.875
15.75
0.875
-7.125
-10.5
3.75
20.25
8.75
-16.625
-16.5
-12.875
-21.75
-19.625
-3.125
-1.25
-0.75
13.5
22.375
15.375
-7.875
1.25
5.5
-18.375
-22.0
-20.625
-18.25
1.0
9.875
-8.25
-22.375
-20.25
-5.25
-2.875
-25.0
-23.75
-4.125
-18.125
-34.5
-19.875
-15.875
-20.25
3.625
19.125
-3.625
-10.625
2.125
-0.25
2.125
4.75
22.375
18.75
-14.875
1.5
20.375
10.25
2.5
5.5
25.125
34.125
12.25
3.625
16.125
16.75
-10.625
-11.625
14.875
8.625
7.75
11.625
1.625
4.875
8.875
15.875
20.125
6.5
16.25
30.75
23.5
33.0
40.5
30.625
27.875
21.875
7.5
8.875
18.125
19.25
20.875
13.75
11.375
-7.5
-21.625
7.875
16.0
-1.875
-5.875
-2.75
5.5
10.375
7.625
24.25
16.0
3.375
20.125
18.125
6.125
16.0
19.875
1.125
11.375
28.25
14.0
-9.25
1.25
36.125
18.125
-26.5
-16.0
2.5
-15.75
-21.625
-3.5
-2.75
-14.0
-14.625
-4.375
1.0
-4.375
-2.625
6.625
-11.125
-24.5
-7.375
-15.5
-10.875
12.125
3.0
-1.375
-0.625
13.5
15.5
-2.875
-3.75
-0.125
6.375
-14.875
-18.375
-2.875
-13.375
-8.625
-1.5
-6.75
-10.125
-7.25
-6.375
-10.75
-6.25
0.5
-4.0
-5.625
2.5
-4.125
-5.25
0.375
-6.625
-10.125
-20.75
-23.625
-3.625
-0.25
-7.25
4.25
25.625
32.625
15.625
-12.125
-12.25
4.5
7.875
10.625
0.125
1.875
23.125
20.125
-4.125
-12.5
-2.875
-1.875
-9.125
-10.125
-9.125
-4.375
16.125
32.625
24.25
20.875
13.0
18.75
37.625
21.5
10.75
13.25
22.25
28.0
20.75
32.25
29.625
4.625
13.75
27.75
28.0
42.25
63.125
30.25
-34.75
-9.375
30.75
15.875
6.375
14.875
28.625
7.375
-3.25
15.25
12.25
9.875
14.625
15.75
3.125
-0.125
0.875
1.0
15.625
-11.25
-29.875
3.0
5.125
-6.75
-3.625
0.5
9.75
-3.25
10.125
47.5
27.25
-10.125
-12.625
3.375
11.625
9.875
30.5
32.375
-3.75
2.25
13.125
26.25
35.25
7.125
21.875
26.75
6.875
25.625
27.875
19.25
26.5
20.75
9.125
-6.75
-1.5
23.625
32.875
17.375
1.75
29.875
41.875
25.75
32.125
11.0
-1.875
20.875
25.5
12.0
13.375
30.0
18.625
4.625
4.375
-2.25
4.5
22.0
37.125
28.625
4.25
9.5
21.125
24.875
30.0
35.5
30.0
5.125
10.625
28.5
23.375
21.0
28.625
23.75
10.625
25.25
24.5
0.625
22.5
26.125
19.0
17.0
-11.375
-4.5
-0.625
-8.875
-7.5
-5.625
11.0
3.75
-31.5
-19.125
3.625
1.375
14.75
14.125
15.875
26.75
-3.125
-17.125
24.0
36.375
-4.75
-15.375
-11.625
-21.625
-21.25
-28.5
-37.0
-17.25
-4.25
-35.5
-57.375
-24.375
10.25
2.625
-15.375
-8.75
3.875
-9.25
-6.375
1.875
4.0
27.125
22.875
-8.125
-16.375
-17.0
-10.0
-1.125
-14.25
-22.5
-23.0
-17.875
1.875
6.25
-20.375
-25.625
-12.0
-1.25
19.875
4.5
-27.0
-15.25
8.125
18.75
10.75
-10.25
-11.125
9.5
10.625
-13.375
-10.5
-3.5
-4.5
6.375
4.75
13.5
23.0
12.5
4.25
-4.0
3.0
24.75
10.125
-15.125
-1.0
8.5
-3.375
-4.625
4.125
12.125
15.0
2.75
5.25
16.25
0.125
-21.0
-10.0
8.375
9.25
-0.75
-16.5
-15.25
17.375
22.125
-13.125
-15.0
8.75
12.5
8.625
33.0
15.0
-25.125
-5.875
14.125
4.5
-5.25
-5.5
-6.5
-13.875
-15.125
-9.75
1.625
10.0
10.125
-19.0
-52.125
-36.125
-18.0
-30.125
-17.5
-2.0
-9.375
-14.0
-22.25
-4.0
28.125
21.25
-2.875
-13.125
-4.375
14.625
7.75
-14.375
-11.125
-3.625
-5.625
2.5
-0.375
-16.25
-21.375
-8.25
0.375
-14.375
-34.375
-31.5
4.375
2.5
-28.875
-24.125
-17.0
-16.125
-0.375
10.0
0.0
1.75
13.25
3.0
8.5
18.875
-6.625
-9.875
7.625
0.5
4.0
20.25
6.0
1.125
11.375
7.625
5.0
2.5
8.125
14.0
10.125
-2.375
13.375
50.125
6.375
-33.375
-6.375
3.5
-8.0
-7.5
2.0
-9.0
-4.5
20.375
26.375
13.875
3.0
3.25
4.375
22.125
20.25
-4.125
4.25
21.875
17.875
13.5
9.0
-22.0
-3.125
39.0
17.875
2.875
2.625
23.125
14.5
-21.5
-0.75
25.625
23.25
-1.75
-5.75
8.25
22.25
39.0
20.75
10.125
16.0
12.0
17.5
26.75
36.5
21.0
4.375
27.125
29.875
17.375
11.75
20.0
24.875
7.0
11.75
20.375
15.625
14.5
13.75
17.25
15.625
22.375
37.75
33.25
14.5
3.5
21.5
44.25
26.625
-4.625
8.0
25.125
12.5
27.875
39.375
12.0
-5.25
-2.25
4.25
-1.625
8.125
27.375
20.375
3.625
-1.75
6.25
15.375
19.25
10.75
-2.75
0.375
14.125
19.125
24.0
21.5
-5.0
-13.625
6.625
15.375
5.25
32.5
42.625
-10.25
-17.0
22.375
16.5
10.625
20.5
-2.375
-13.75
-6.5
-22.0
-33.125
-13.5
-13.875
-24.875
-25.5
-32.0
-31.75
-37.875
-47.5
-26.25
3.75
0.25
-27.125
-33.75
-26.375
-16.25
-11.125
-40.625
-39.25
-11.75
-16.875
-19.875
-22.125
-23.125
-26.875
-27.375
-20.5
-39.5
-47.375
-35.375
-36.125
-27.875
-17.125
-20.5
-43.0
-36.75
3.625
-31.875
-63.0
-29.125
-17.25
-25.875
-38.5
-31.875
-22.875
-33.25
-27.875
-13.25
-18.75
-28.5
-30.25
-27.25
-4.375
-0.375
-28.75
-9.75
6.875
-2.25
5.75
15.75
18.25
14.0
-2.0
-15.25
2.125
12.375
-10.375
-21.625
-9.625
6.0
11.25
-2.125
-11.375
-19.75
-12.0
-1.875
-15.0
-26.0
-19.375
-7.5
-11.125
-18.0
4.125
8.625
-18.375
-30.75
-28.75
-23.625
-22.125
11.0
29.0
-27.125
-48.5
-24.25
-14.25
-5.5
-15.875
-33.625
-22.875
-3.875
-7.625
-16.625
-8.625
-13.125
-29.0
-26.375
-32.0
-23.75
13.0
18.5
-13.75
-33.25
-3.875
32.125
-9.375
-34.25
1.875
-1.5
-19.375
-0.5
18.75
1.875
-11.25
-1.125
6.125
-4.75
-6.0
-4.125
-8.5
-0.125
-0.5
-10.25
10.5
17.625
-31.375
-38.25
-8.625
6.0
-6.875
-19.375
10.25
12.75
11.375
24.625
1.625
-13.625
7.75
28.375
24.875
20.875
19.75
4.25
-5.5
4.5
19.375
22.125
-6.0
-10.5
29.0
28.375
-5.5
-7.875
1.5
12.375
12.75
11.25
13.25
8.25
22.625
11.125
-0.375
33.5
37.625
9.75
4.25
5.0
-2.875
8.25
18.375
4.75
5.25
11.75
14.375
25.375
16.875
6.375
-3.125
1.75
42.0
21.125
-14.875
4.75
11.625
16.625
12.625
-2.25
9.25
26.5
9.5
-6.625
21.75
39.875
28.75
-0.125
-7.25
13.375
16.625
15.875
15.625
15.0
8.375
2.25
26.0
52.5
37.75
-1.625
-12.125
-2.75
1.25
3.25
21.125
39.125
27.125
9.25
-5.0
-7.25
4.375
-1.125
-12.75
-13.5
-13.0
3.625
1.875
-11.75
6.5
8.625
-7.0
-18.75
-27.375
-15.375
-16.75
-16.625
0.0
7.25
18.75
9.875
-14.5
-3.875
-5.125
-24.125
-10.0
5.0
-5.25
-9.5
3.625
5.625
-0.625
-6.875
-9.0
18.25
35.25
2.125
0.625
-11.25
-24.125
16.25
15.375
5.75
8.5
-2.75
-13.625
-16.0
9.125
8.25
-24.625
-6.875
1.625
-32.5
-29.25
-3.625
7.125
-12.875
-34.0
-10.375
-13.0
-39.25
-32.25
-12.625
-25.375
-53.25
-50.375
-28.25
-21.875
-39.0
-42.0
-19.625
-14.0
-42.875
-43.5
-21.875
-10.5
-8.625
-23.5
-3.125
15.375
-30.0
-50.0
-20.625
-8.25
-20.125
0.125
11.375
-5.25
11.75
3.5
-17.375
-5.5
0.0
3.625
-1.625
-1.625
22.375
13.5
-11.875
-5.625
9.25
9.625
-2.5
3.875
-1.75
-16.25
25.25
32.125
-0.5
13.25
28.25
28.625
26.25
13.125
17.625
41.375
36.125
10.5
16.5
25.25
35.25
42.75
3.75
-13.25
14.625
27.125
9.75
2.5
23.75
30.0
29.0
19.5
10.5
23.0
36.125
45.5
26.0
15.5
25.5
17.5
16.5
38.625
47.25
22.5
17.25
22.0
13.875
19.375
24.625
23.0
21.375
25.25
44.0
43.875
15.25
15.75
33.25
29.75
31.5
24.625
19.5
22.625
36.0
43.0
12.5
7.625
7.75
15.625
34.875
22.125
12.25
21.5
24.75
28.25
43.875
39.0
17.625
30.125
49.0
19.25
9.0
33.375
28.375
19.0
22.875
30.75
36.625
36.375
0.75
-20.5
34.125
40.625
8.0
20.625
30.125
28.75
31.5
30.125
21.5
15.375
15.0
26.125
43.0
52.5
48.375
42.25
47.875
35.375
15.5
22.0
34.25
33.625
39.625
29.125
10.375
19.375
27.875
29.5
36.375
37.5
31.875
26.125
42.375
47.25
32.125
34.375
35.25
24.75
27.5
42.5
32.0
37.25
44.0
40.375
34.5
19.75
41.75
46.25
20.5
21.375
50.875
39.5
10.875
26.0
31.5
15.875
19.0
32.625
22.5
32.375
52.125
33.375
30.5
30.5
31.375
47.375
41.875
31.375
19.625
16.625
23.25
21.125
26.375
22.25
29.75
27.0
-5.625
6.0
42.0
43.25
21.375
12.5
22.5
35.125
27.875
21.25
25.875
31.875
39.5
24.625
16.875
36.125
34.5
5.875
7.875
28.5
18.5
16.125
18.5
23.125
24.875
-1.0
-4.875
10.25
9.75
11.25
-1.875
-16.375
-3.5
12.625
18.375
-3.625
-14.75
3.625
-5.0
-13.5
-4.5
-1.875
2.75
-1.375
-2.625
16.25
14.875
-11.0
-18.125
-7.0
-10.375
-4.25
-3.875
-12.75
10.75
6.75
-14.0
-8.875
2.75
12.875
4.875
-9.625
-12.5
-9.625
-13.375
-6.375
8.75
9.25
-10.625
-9.25
18.875
-1.5
-23.0
-2.25
-4.625
-5.625
9.375
-13.5
-34.375
-19.75
-6.75
-5.25
-6.75
35.25
36.5
-40.75
-23.0
22.125
-19.375
-30.125
6.625
26.0
30.5
27.25
26.75
11.5
7.5
14.375
6.125
18.5
6.0
-5.625
9.625
-3.75
-10.375
2.875
-4.75
-4.5
5.375
-9.5
-11.75
6.75
12.125
26.375
20.5
-15.625
-8.375
2.25
4.125
16.875
23.0
18.75
18.875
14.875
21.375
32.125
14.25
17.5
7.125
-11.75
-8.125
1.625
11.0
-9.125
-13.125
0.875
-6.125
4.625
10.125
-13.75
7.875
22.5
-9.375
-1.75
20.5
7.5
1.75
-8.25
-19.75
-1.5
-3.0
-4.875
-1.875
-12.625
-0.625
6.0
-7.125
5.5
3.75
-13.375
-19.25
-20.125
27.125
47.125
-7.125
-33.875
-18.5
3.25
9.75
-5.125
-1.875
9.875
11.5
20.625
18.875
3.125
7.5
23.125
13.5
6.75
1.875
-4.75
17.125
26.625
1.625
9.125
24.875
17.0
31.0
29.75
16.75
45.375
53.5
12.5
15.75
32.75
16.625
14.75
21.5
21.625
43.125
51.375
15.125
15.125
27.375
17.25
17.375
19.125
34.5
26.125
11.25
26.875
21.875
19.25
23.75
29.0
36.25
9.25
-5.625
7.625
10.75
7.75
19.125
14.0
-15.0
12.5
34.0
18.125
17.5
21.875
23.875
-4.125
-19.5
10.25
26.875
1.75
-7.5
10.875
12.0
1.25
48.375
66.625
-9.5
-37.0
1.75
23.0
19.375
-1.125
-13.125
-1.625
-15.5
4.125
36.0
-1.5
-8.875
0.875
-16.75
-20.375
-11.375
1.625
7.875
1.625
0.75
3.875
7.5
-0.375
-2.625
14.0
14.125
-2.875
-6.375
-12.0
-17.5
3.0
21.75
-3.125
-33.25
-16.0
-6.5
-19.5
-14.625
1.625
21.25
19.875
1.25
21.75
21.5
-13.125
-0.5
21.5
23.25
25.625
10.625
-3.375
-0.625
-1.375
-3.125
-9.125
3.875
26.875
-10.25
-36.125
0.875
9.375
-4.875
2.75
8.625
13.125
14.5
17.875
24.25
7.625
-2.875
6.375
5.5
3.125
-4.375
-9.375
0.0
-7.625
-0.875
18.25
18.0
6.125
-5.875
-7.125
-4.625
2.75
-1.375
-6.125
1.75
8.75
8.0
1.875
-10.875
8.875
52.0
22.25
-2.625
-0.5
-1.5
-0.75
4.125
33.625
20.25
-7.625
-12.625
-10.0
1.0
2.375
-7.375
-17.5
-7.5
5.625
3.125
-3.75
-7.375
14.375
12.625
5.75
31.75
-2.875
-29.0
30.125
37.5
5.0
11.25
28.875
21.625
20.375
39.75
7.25
-14.625
8.875
10.875
6.0
-0.125
-16.875
-15.75
-14.625
-8.875
-16.25
-31.5
-16.875
-25.125
-19.125
-1.375
12.0
-0.5
-32.625
-16.875
1.25
6.0
12.875
6.125
-4.375
6.0
11.5
-2.125
-7.25
2.25
-4.75
-1.25
20.625
2.875
-13.5
-6.5
-8.0
3.625
10.375
-1.375
-4.625
-0.375
5.625
1.5
-4.25
1.125
24.25
14.5
-12.875
-8.875
-2.5
11.125
6.875
18.5
16.0
-20.625
-7.0
18.625
5.75
-12.125
15.875
38.625
10.375
-14.0
6.125
15.0
-8.625
-11.125
0.5
3.75
0.125
15.0
19.5
-1.375
-1.25
13.625
17.0
5.875
5.0
16.75
6.375
-15.5
-4.125
2.625
15.125
21.75
-3.75
-18.5
-14.75
8.5
17.125
1.125
-12.25
-14.5
-11.125
11.125
15.625
-6.25
-6.125
-0.5
12.625
16.625
11.0
11.0
-6.5
2.5
16.625
5.5
33.625
63.25
22.875
-5.5
12.625
13.125
3.875
6.375
9.875
10.375
2.75
7.5
31.625
34.25
33.875
13.125
-15.375
2.0
21.875
17.875
18.625
25.5
24.5
25.5
21.25
34.625
38.75
-3.375
-16.125
10.125
28.125
26.75
21.0
16.625
-1.875
-3.75
-2.875
4.75
17.625
1.625
21.0
33.875
12.625
9.875
14.5
24.125
39.75
41.375
14.0
2.5
23.625
2.25
-4.375
27.75
14.375
25.5
61.375
40.375
7.125
15.875
45.0
40.0
6.5
16.0
36.125
24.75
18.125
23.125
34.5
39.75
25.375
20.625
23.25
14.0
10.25
19.875
25.375
45.625
46.875
25.75
19.125
23.125
36.625
38.875
36.875
24.875
19.25
22.125
23.25
33.875
42.125
28.125
44.0
54.875
8.5
11.25
29.25
11.5
8.125
23.875
30.875
21.625
18.875
33.25
36.25
30.875
40.875
26.0
20.875
44.0
31.0
22.75
43.875
25.625
0.25
11.625
19.75
26.125
27.5
15.875
36.0
29.375
-0.5
45.375
73.875
34.25
-1.25
-0.875
23.75
34.75
29.875
37.875
38.0
23.5
40.25
38.25
18.125
28.0
28.375
10.375
25.625
46.0
36.625
27.375
24.5
24.5
24.75
38.875
40.875
25.25
32.0
25.25
19.875
33.125
47.125
49.5
27.0
27.0
65.25
64.75
41.625
32.125
21.625
32.0
25.5
22.375
47.25
41.625
14.75
15.375
26.875
27.875
32.25
39.0
33.125
26.25
28.875
28.875
30.0
38.75
49.625
45.875
37.5
37.375
17.75
27.375
52.625
31.25
8.375
15.75
18.375
25.125
44.0
22.875
7.625
36.0
64.875
50.25
24.25
33.75
34.0
24.0
32.25
35.25
27.5
34.125
39.125
20.25
22.0
44.375
38.625
41.75
69.5
47.75
6.375
17.125
28.625
36.25
44.125
27.375
14.375
32.5
45.125
27.5
21.625
48.75
51.75
13.0
6.0
16.5
14.0
27.125
43.625
35.125
20.875
24.625
32.125
34.875
23.125
-2.375
9.375
35.25
19.25
13.25
33.0
37.125
12.75
-7.375
10.75
12.75
2.125
7.625
6.375
-0.25
3.875
17.875
20.0
4.875
8.625
17.875
17.125
31.25
39.875
24.5
4.75
-5.25
-0.375
13.375
7.5
-3.375
9.25
17.0
6.75
5.875
17.125
29.75
17.625
3.25
24.625
17.125
-0.25
8.0
7.0
13.25
0.75
-17.25
30.625
31.5
-16.5
-7.25
4.0
9.375
20.875
16.125
7.0
5.75
9.125
16.375
21.875
13.875
7.75
5.375
5.0
0.25
2.75
24.5
15.625
3.125
28.0
26.0
0.0
8.125
19.5
12.625
12.875
26.125
31.5
13.25
8.625
14.875
10.375
16.875
12.625
-0.75
2.125
8.875
4.375
7.625
8.125
-5.875
1.25
-1.75
-4.375
-1.0
0.75
11.75
-0.125
12.125
25.875
-3.5
-1.0
9.25
2.0
4.875
-3.625
-10.625
2.875
12.75
5.0
11.75
22.5
4.875
-5.125
18.125
20.375
-9.5
-0.5
15.0
20.875
31.375
8.5
-7.125
-2.0
9.25
10.75
2.75
2.75
4.5
16.5
9.625
-13.75
-7.5
3.75
-2.625
-10.25
4.0
28.125
16.625
3.375
12.875
22.75
31.375
1.75
-23.875
-2.0
0.625
-7.875
22.875
16.375
-23.5
-6.0
5.5
-11.125
-11.0
-9.125
-5.0
5.75
5.375
6.0
19.375
2.375
-11.25
17.375
3.5
-21.875
-4.75
3.5
13.125
5.25
-4.625
23.0
9.5
-1.25
20.25
13.625
2.875
6.625
9.25
10.125
9.125
11.375
-1.375
-12.125
0.125
3.875
-7.75
-21.25
3.125
21.75
7.5
13.375
21.0
5.0
8.125
15.625
6.5
1.0
-20.625
-2.125
25.625
9.5
20.875
20.5
-8.5
-6.125
16.75
18.0
9.125
8.125
0.0
-2.75
4.25
18.875
34.375
19.5
3.0
6.75
4.875
17.25
46.75
22.5
-5.5
19.5
24.25
15.75
23.125
19.25
11.875
22.375
33.0
26.625
29.25
47.75
34.625
26.625
34.0
40.625
37.5
16.25
20.125
28.0
26.5
28.875
24.0
17.875
20.125
25.25
34.25
31.5
30.75
43.125
41.25
34.0
53.0
26.0
-16.0
11.25
29.625
42.25
54.875
30.0
11.375
-3.625
-6.25
11.375
7.875
10.125
10.25
6.75
15.25
12.0
-1.25
0.0
15.75
17.375
11.375
23.125
32.375
17.125
0.125
13.625
28.0
0.125
-19.0
10.375
24.75
12.625
16.75
29.75
17.0
-3.875
0.0
13.375
29.5
19.0
-1.625
1.25
9.0
11.375
15.25
12.625
14.0
34.75
33.75
9.625
2.75
7.375
13.5
15.25
8.375
18.125
22.375
27.875
26.125
10.25
17.625
36.625
11.25
-18.5
1.875
22.0
32.25
23.875
9.75
30.0
43.25
16.25
14.0
42.75
33.375
21.375
50.25
37.5
17.5
28.125
11.5
19.0
33.625
12.375
-2.75
-8.5
-11.375
13.0
14.0
-7.5
9.5
30.25
20.875
24.375
49.625
46.875
36.75
31.875
27.875
41.25
31.25
11.5
9.5
10.875
15.75
14.75
19.375
33.375
25.75
18.5
33.125
41.625
39.625
34.0
38.25
48.875
36.5
38.875
60.625
36.125
23.625
46.875
45.25
32.25
23.75
35.0
40.75
17.625
5.875
5.375
12.5
31.125
31.625
30.5
44.75
37.5
30.625
31.25
22.375
19.125
17.625
13.875
12.5
15.5
13.125
11.375
11.125
13.75
21.625
