-1.75
0.25
4.25
-0.25
-3.25
4.0
6.375
4.625
7.5
8.0
4.0
6.125
13.375
10.375
1.375
3.875
10.125
6.875
2.75
1.5
-2.375
-5.75
-2.5
3.875
4.875
3.75
3.375
2.375
1.375
-4.125
-7.75
-4.375
-2.75
-5.125
-4.25
-3.0
-6.25
-6.5
-5.75
-6.625
-7.25
-6.625
-5.625
-6.75
-8.375
-8.625
-7.375
-4.375
-0.25
6.25
8.0
3.0
3.125
6.625
3.0
2.125
9.0
7.875
2.75
7.25
14.125
15.375
15.25
13.75
10.125
7.125
5.875
2.25
-3.625
-7.25
-6.375
-2.0
3.125
5.75
4.75
4.625
5.25
3.0
1.25
2.25
3.875
1.125
-1.5
-2.375
-5.5
-5.75
-5.75
-4.375
-2.5
-5.625
-8.625
-7.125
-3.0
-3.625
-5.0
-0.875
-2.5
-9.0
-14.5
-19.625
-20.75
-20.0
-21.375
-24.0
-20.125
-15.375
-19.375
-24.375
-24.25
-21.125
-17.125
-8.125
-0.5
-0.375
3.25
5.75
4.625
6.5
7.25
6.875
7.5
8.25
9.875
10.25
7.0
4.5
-0.75
-11.625
-14.375
-11.375
-13.0
-12.0
-6.25
-2.125
2.25
8.125
8.25
6.0
8.75
12.125
13.0
11.75
11.875
11.25
9.75
10.375
7.625
3.25
1.625
-0.375
-6.75
-12.0
-12.125
-12.75
-9.0
-0.875
3.875
4.625
5.625
8.75
8.375
7.125
10.25
10.875
8.75
8.5
7.125
0.625
-4.75
-5.875
-8.625
-8.375
-8.0
-10.25
-12.625
-13.75
-9.75
-7.625
-6.125
-1.375
-0.125
-1.25
0.375
0.375
-1.75
-1.375
0.875
2.0
3.875
1.25
-5.5
-7.625
-9.875
-12.75
-11.75
-8.875
-6.75
-3.5
-0.5
3.75
9.25
7.375
4.375
7.875
11.25
11.25
8.625
7.5
7.75
4.5
0.5
-2.625
-6.375
-4.875
3.875
9.0
6.375
4.5
3.25
0.25
1.625
3.0
-2.125
-7.125
-9.5
-10.5
-9.125
-11.625
-16.0
-18.0
-19.125
-20.125
-21.125
-19.75
-17.125
-16.25
-13.375
-10.0
-10.625
-12.875
-14.125
-15.375
-18.125
-18.5
-15.875
-15.5
-14.625
-9.0
-5.5
-6.625
-8.75
-9.625
-7.25
-3.5
-4.375
-6.375
-2.125
6.75
11.25
9.125
5.5
-0.5
-2.875
-2.0
-4.75
-5.5
-5.0
-2.875
-1.625
-1.875
0.5
2.125
7.125
12.125
10.125
5.75
2.375
2.0
-1.25
-6.375
-7.125
-5.5
-5.375
-7.625
-7.0
-5.625
-6.75
-7.0
-7.875
-8.625
-6.75
-6.0
-6.125
-4.5
-1.75
-2.75
-5.0
-3.5
-3.25
-8.375
-10.5
-8.25
-12.625
-18.875
-23.0
-26.625
-23.125
-17.0
-8.875
-5.0
-9.25
-10.0
-12.625
-16.25
-13.125
-8.0
-3.625
2.625
3.75
-1.375
-0.5
-2.375
-8.875
-10.375
-11.125
-10.5
-5.75
-2.875
-4.375
-5.125
-3.25
-2.5
-5.375
-9.5
-11.875
-11.75
-9.0
-8.75
-12.375
-13.75
-9.625
-7.625
-10.375
-10.75
-10.5
-11.5
-11.0
-9.375
-10.125
-9.875
-4.625
-5.125
-9.375
-9.5
-10.5
-11.875
-14.0
-17.625
-21.125
-22.25
-20.375
-20.625
-23.125
-21.125
-17.375
-15.375
-12.5
-6.0
-3.125
-3.375
-1.0
-2.75
-8.875
-11.875
-8.875
-6.25
-8.125
-10.625
-12.75
-13.5
-12.125
-9.75
-7.125
-8.375
-7.625
-4.375
-4.625
-5.875
-4.625
-2.5
-4.125
-5.625
-4.875
-2.25
0.75
3.375
7.625
9.125
8.5
9.375
9.0
5.75
2.625
-0.5
-3.125
-2.625
-10.75
-24.75
-29.5
-27.75
-24.25
-21.25
-17.5
-16.5
-16.5
-8.125
0.0
1.125
1.125
0.0
-1.125
-0.125
0.0
-2.125
-10.375
-18.75
-20.25
-21.875
-21.75
-18.25
-14.5
-14.375
-14.375
-9.375
-9.5
-14.25
-15.25
-11.875
-7.375
-6.125
-8.25
-9.75
-8.125
-7.5
-8.0
-6.75
-4.25
-2.375
-0.5
1.25
3.0
1.625
-2.625
-8.625
-14.625
-16.875
-19.25
-18.25
-11.875
-8.875
-10.875
-11.375
-9.0
-6.0
-0.875
5.5
6.875
4.375
4.0
1.25
-4.0
-4.125
-1.875
-2.625
-4.625
-5.625
-5.5
-5.75
-7.0
-5.125
-1.625
1.75
7.125
3.75
-4.0
-5.125
-5.125
-5.25
-5.625
-8.625
-15.125
-20.625
-20.625
-17.25
-15.75
-18.0
-19.375
-18.75
-18.375
-16.75
-14.25
-17.375
-19.75
-18.625
-15.625
-9.5
-8.5
-11.75
-16.125
-21.5
-25.25
-29.375
-29.875
-21.75
-16.125
-16.375
-16.75
-12.125
-6.875
-4.75
0.25
3.75
1.25
-3.75
2.0
13.625
12.5
3.875
-2.375
-6.625
-10.375
-10.25
-10.375
-10.125
-8.875
-8.375
-3.625
-2.5
-2.5
-0.375
-1.5
-1.0
-3.5
-9.0
-12.75
-14.125
-14.75
-18.125
-18.75
-17.0
-15.75
-14.125
-12.5
-11.375
-12.0
-11.5
-7.625
-4.0
-3.0
-0.875
2.25
6.625
12.0
15.625
12.625
12.125
18.125
17.75
9.625
3.75
-0.125
-7.625
-11.5
-15.375
-20.75
-14.0
-5.75
-11.25
-16.375
-13.625
-10.25
-9.5
-8.125
-5.125
-0.25
1.375
0.0
1.25
-1.875
-10.0
-13.75
-10.375
-7.5
-10.375
-12.625
-10.5
-8.0
-7.375
-10.5
-11.875
-12.875
-14.0
-9.75
-8.625
-9.625
-5.0
3.0
9.875
9.75
0.875
-3.75
-4.875
-6.875
-5.5
-7.125
-11.25
-13.375
-14.0
-9.0
-3.75
-7.25
-11.0
-12.25
-10.5
-8.625
-7.125
-3.75
-5.625
-5.0
2.25
3.875
-4.5
-10.375
-8.125
-6.625
-7.625
-10.0
-13.375
-15.5
-17.25
-18.75
-18.5
-16.625
-11.0
-4.625
-3.0
-1.0
1.5
2.125
1.125
0.375
3.375
-0.125
-5.625
-2.25
0.25
0.125
-2.875
-3.375
1.5
0.625
0.625
3.0
-1.125
-5.5
-5.375
-4.25
-4.0
-8.375
-13.25
-9.125
-7.0
-7.125
-8.5
-8.25
1.625
4.25
0.125
1.0
3.375
2.125
-0.25
-4.75
-9.75
-8.875
-10.5
-16.75
-17.75
-13.25
-10.875
-8.375
-6.5
-2.5
7.625
14.125
15.375
18.625
21.625
19.25
17.0
16.25
13.375
12.125
8.25
3.75
2.375
-3.125
-9.625
-10.625
-15.375
-24.25
-27.75
-28.625
-22.25
-15.5
-16.125
-15.125
-11.25
-7.375
2.0
7.625
-0.25
-4.5
-4.125
-5.25
-1.375
2.875
-6.0
-19.25
-23.125
-21.25
-14.125
-3.5
0.625
-2.875
-1.125
2.125
-2.125
-4.875
-4.25
-6.375
-6.75
-4.75
-2.5
-2.875
-7.625
-5.125
0.5
0.125
3.625
9.25
10.375
11.5
10.0
5.25
2.375
0.5
-3.125
-4.0
-0.875
0.5
-2.25
-7.625
-8.625
-3.125
2.0
-3.625
-12.875
-14.625
-17.0
-18.625
-16.75
-19.125
-18.625
-16.75
-18.5
-13.75
-9.625
-9.375
-2.625
3.125
2.0
2.25
3.125
-0.5
-3.25
-1.125
0.75
-2.625
-5.625
-6.875
-8.125
-6.25
0.125
4.75
7.25
12.5
17.0
16.125
10.875
6.5
3.875
-0.125
-3.875
-3.125
-2.75
-9.25
-15.125
-12.125
-9.625
-10.25
-8.125
-7.0
-9.375
-11.625
-11.0
-10.5
-15.375
-21.625
-19.0
-10.0
-9.125
-10.25
-6.75
-6.875
-8.375
-11.375
-15.125
-16.625
-17.625
-13.5
-9.5
-9.375
-8.25
-8.75
-8.375
-6.125
-6.75
-4.625
-3.875
-9.25
-9.625
0.75
8.625
8.125
4.125
0.875
4.625
9.75
11.875
14.375
13.0
9.5
6.625
3.625
6.75
10.75
8.625
5.125
4.5
4.875
0.125
-6.875
-9.75
-13.375
-15.5
-10.75
-11.5
-13.625
-9.125
-7.125
-8.25
-3.875
-0.25
-7.0
-11.5
-10.25
-9.125
-7.0
-6.25
-4.375
-6.625
-12.375
-13.125
-12.125
-8.25
-4.625
-3.0
0.25
-1.375
-3.625
3.125
5.875
1.75
2.625
2.375
0.25
3.875
8.625
11.625
16.75
19.125
14.5
15.0
17.125
11.25
11.625
18.5
15.5
12.0
12.25
8.125
5.75
4.375
0.5
-3.0
-7.625
-13.25
-12.75
-8.25
-8.25
-11.25
-13.875
-14.75
-11.625
-7.875
-4.125
-1.25
0.25
0.625
-1.75
-4.375
-6.5
-10.375
-11.125
-12.75
-19.875
-18.75
-12.25
-10.625
-11.5
-14.0
-16.125
-16.125
-13.25
-9.625
-7.75
-5.25
-0.875
2.875
1.625
-0.625
3.625
9.625
7.75
2.375
2.75
5.625
9.125
12.625
11.25
10.125
11.875
9.0
5.5
7.375
5.125
3.0
10.125
15.375
15.5
11.625
4.375
1.0
-0.125
-0.25
-2.375
-6.5
-7.125
-10.125
-12.125
-8.375
-3.875
-5.75
-8.0
-1.875
-0.25
-3.75
-7.875
-14.0
-16.25
-14.125
-10.375
-7.0
-5.5
-5.375
-3.75
-6.125
-13.875
-18.25
-21.375
-20.375
-17.375
-19.125
-17.75
-14.125
-16.875
-23.125
-19.625
-14.25
-16.625
-14.0
-11.25
-12.375
-13.25
-16.5
-19.375
-17.0
-6.625
1.125
3.0
6.5
5.625
5.125
16.875
32.25
39.25
36.875
32.0
33.625
34.875
29.75
28.25
30.0
32.25
35.75
33.875
30.25
26.875
23.0
22.125
18.0
15.125
14.75
8.75
-0.375
-5.875
-9.0
-13.125
-16.5
-16.875
-18.375
-22.75
-21.375
-17.75
-18.625
-21.625
-24.625
-22.875
-19.625
-22.0
-23.125
-21.25
-24.375
-31.375
-34.0
-32.0
-28.0
-30.875
-34.375
-30.25
-34.0
-36.75
-27.5
-17.875
-14.125
-13.625
-17.375
-18.875
-17.375
-19.375
-13.875
-6.25
-2.75
0.0
0.25
1.0
0.375
-5.5
-11.625
-7.25
-4.875
-8.5
-1.125
6.5
8.625
15.0
18.0
16.5
19.5
27.375
35.75
36.125
33.0
34.75
36.75
33.875
26.875
20.25
20.5
16.625
3.375
0.125
8.375
8.25
-1.25
-2.125
1.125
0.75
0.5
-3.125
-7.375
-9.625
-14.625
-21.0
-17.625
-11.5
-14.375
-17.75
-17.75
-16.5
-16.125
-15.875
-10.875
-1.75
2.0
-5.875
-13.0
-13.0
-9.625
-8.0
-3.5
4.125
2.625
-1.75
-1.125
-2.875
-8.625
-13.75
-16.0
-17.625
-19.75
-19.0
-21.375
-25.0
-15.0
-6.125
-5.5
4.5
11.375
11.0
18.375
24.0
27.5
32.25
32.0
30.75
28.875
26.75
24.125
27.375
38.5
42.5
41.375
41.625
40.75
40.0
39.0
35.375
29.75
27.0
23.75
16.125
8.75
7.875
11.125
8.75
0.625
-2.875
-3.125
-4.0
2.875
14.125
14.625
1.875
-4.625
-3.25
-4.625
-3.0
-1.125
-4.625
-12.375
-17.625
-16.125
-16.75
-19.875
-19.625
-26.0
-33.125
-30.25
-23.5
-17.5
-19.25
-22.625
-19.375
-15.25
-13.125
-10.125
-10.25
-11.0
-9.375
-11.375
-16.75
-18.875
-11.375
-4.0
-4.5
-12.5
-19.5
-15.875
-6.625
-4.5
-7.0
1.125
14.875
20.25
16.0
16.25
16.375
13.75
11.5
8.25
8.625
4.0
3.5
10.25
8.625
4.375
7.125
5.875
1.0
5.25
13.0
15.5
12.875
12.0
18.875
22.625
26.25
39.125
36.875
22.125
20.75
27.75
24.625
17.625
22.25
24.375
7.375
-16.0
-19.875
-15.875
-14.375
-3.375
-4.125
-15.75
-7.125
-4.25
-15.0
-10.75
-5.5
-14.875
-22.5
-18.125
-14.5
-19.125
-22.0
-17.5
-15.625
-18.625
-18.125
-15.125
-8.125
1.75
5.875
1.75
-3.625
-2.375
1.875
3.0
-2.5
-13.625
-14.0
-6.75
-5.0
2.75
7.75
-1.5
-3.375
1.375
5.75
15.0
16.5
9.125
4.25
10.125
17.625
18.5
19.75
20.0
23.125
28.25
22.25
15.375
23.25
26.375
17.0
17.375
22.5
22.75
26.25
29.5
33.625
48.25
57.25
45.625
34.25
31.0
27.375
28.25
28.625
24.5
18.5
8.375
9.5
19.125
14.625
-0.75
-20.75
-35.0
-33.375
-24.0
-18.125
-18.125
-14.125
-5.5
-9.5
-14.5
-8.5
-12.0
-16.375
-19.5
-25.625
-22.375
-13.25
-3.375
-1.5
-5.875
-6.875
-5.25
2.125
7.125
0.125
-9.25
-10.75
-8.125
-7.875
-4.875
0.875
1.125
-2.625
7.875
32.5
44.75
30.5
8.875
7.0
12.625
21.875
24.25
8.5
2.25
13.625
27.0
35.75
37.375
32.625
41.625
40.75
23.25
34.75
50.25
34.0
15.25
18.875
39.0
46.25
47.375
58.125
49.625
25.75
13.375
22.25
39.5
40.25
34.375
39.25
42.875
43.625
50.0
38.25
22.0
28.625
38.0
36.5
23.25
14.125
16.125
20.125
25.75
36.5
36.0
27.375
27.875
29.375
25.125
24.375
25.625
20.375
23.25
26.25
20.5
16.625
11.25
12.125
17.125
22.25
30.0
39.75
45.625
33.25
23.375
28.25
24.125
15.375
18.25
29.125
32.5
27.125
22.625
23.5
26.5
22.375
27.875
39.375
40.5
40.625
40.125
41.5
46.25
46.25
49.875
46.875
28.0
28.25
48.875
46.625
30.0
30.75
34.375
31.25
43.75
63.25
51.5
27.75
25.25
31.75
51.875
65.5
50.5
42.375
37.625
29.75
30.375
27.5
33.0
35.375
35.875
42.75
43.625
54.375
61.75
46.75
36.25
41.125
43.25
44.5
43.625
41.75
35.5
24.0
12.0
0.375
4.625
11.625
14.0
16.375
21.125
33.875
38.625
19.625
-10.875
-7.375
9.625
13.25
26.75
37.625
41.875
37.25
31.375
39.125
43.125
39.375
29.25
23.375
33.875
42.625
34.125
16.5
-1.25
0.375
17.875
30.125
28.375
12.0
9.875
24.0
33.25
36.25
45.5
46.25
33.75
33.25
40.375
41.75
29.875
33.125
42.625
33.5
13.25
-1.125
3.0
12.375
26.0
54.375
71.875
50.375
49.5
59.25
55.5
62.75
56.5
50.25
44.5
41.125
41.75
33.125
42.75
47.0
42.0
51.375
61.0
76.0
71.75
43.625
14.875
-14.0
-20.5
20.0
55.875
54.625
48.875
25.125
17.125
46.375
52.0
58.75
73.375
62.25
40.0
43.625
73.375
92.375
94.0
60.375
28.625
27.625
29.375
22.5
-4.0
-17.125
-8.0
-3.125
10.375
32.375
22.25
-9.375
-19.5
-13.5
-1.0
7.25
4.625
3.25
-3.5
-13.875
-29.75
-18.875
10.875
4.375
-27.0
-39.75
-16.375
-8.125
-31.875
-42.375
-45.125
-30.0
-30.0
-56.75
-50.5
-52.375
-57.75
-57.0
-58.125
-41.125
-32.875
-33.75
-45.375
-64.25
-65.375
-57.0
-49.0
-49.0
-47.125
-53.0
-62.375
-40.5
-29.25
-37.25
-31.5
-23.25
-22.875
-6.5
13.75
-8.375
-39.25
-31.625
3.625
27.875
17.0
-23.625
-61.125
-61.25
-49.75
-36.75
-20.25
-24.375
-47.5
-57.0
-49.75
-50.625
-47.25
-21.75
-18.25
-39.125
-24.875
-6.25
-12.125
-27.125
-47.75
-55.75
-50.75
-44.875
-42.0
-35.625
-21.625
-19.875
-31.75
-19.5
-5.375
-5.75
-4.25
-28.125
-42.125
-21.875
-4.875
-3.875
-1.5
13.875
20.875
14.5
-2.5
-11.625
-6.75
0.0
23.75
31.75
34.375
27.5
-15.75
-17.25
13.0
18.375
20.5
32.125
27.75
12.75
14.75
30.125
40.5
40.125
40.875
39.0
24.5
13.375
20.0
23.75
14.625
16.375
23.875
21.75
15.375
3.0
-1.875
7.875
32.0
45.125
31.875
29.75
40.125
37.0
25.25
16.75
18.0
30.875
39.625
28.875
33.125
48.5
38.125
24.625
27.75
29.75
28.375
45.375
65.0
60.125
67.5
85.5
74.125
51.0
40.5
42.25
40.375
51.125
68.75
51.625
31.0
44.625
45.5
31.625
29.75
29.0
37.5
45.125
55.0
82.75
64.125
1.625
-18.875
7.625
19.625
11.5
21.25
34.25
28.625
19.25
8.875
-0.5
8.375
28.375
45.125
60.875
73.375
72.625
66.0
66.625
64.375
55.375
50.0
36.625
24.75
38.5
57.625
68.75
75.125
64.25
47.25
33.5
30.625
38.25
45.5
59.125
83.75
107.875
90.625
60.75
60.625
58.125
48.125
66.0
95.625
96.0
87.375
80.875
70.375
55.0
33.375
28.25
33.5
47.125
62.125
43.125
20.875
32.0
41.875
46.25
44.0
40.0
56.125
65.125
61.125
48.25
32.875
42.125
56.5
48.125
34.75
36.75
42.75
31.0
15.375
14.375
8.125
8.875
22.0
13.0
17.375
54.375
66.125
32.375
21.625
46.875
46.75
33.75
38.875
46.375
40.875
35.0
30.0
21.625
33.625
43.375
35.25
38.625
54.5
59.875
47.125
36.25
31.875
34.75
37.0
16.125
2.25
16.125
23.75
35.375
60.375
66.75
51.875
24.25
11.625
33.5
50.125
57.5
53.125
37.0
43.25
56.5
54.125
36.375
32.5
39.125
21.625
1.875
6.75
31.625
36.625
36.5
48.0
44.5
33.5
35.875
52.25
62.25
62.875
63.5
68.75
72.0
63.375
60.75
73.375
82.25
83.625
76.0
80.75
87.75
67.0
55.25
62.5
61.125
54.875
46.875
28.375
21.375
31.75
39.375
34.375
23.0
31.625
39.5
11.75
-15.5
-1.125
26.625
31.875
20.125
7.625
14.25
28.625
26.0
30.875
37.75
32.25
32.75
32.0
40.375
51.375
42.5
28.125
20.25
30.75
48.125
47.875
40.625
34.0
32.375
37.0
41.75
42.125
34.5
34.0
44.5
47.0
51.25
56.5
49.75
50.5
41.25
19.375
20.625
37.625
43.125
44.5
41.375
42.25
73.125
93.375
97.0
72.25
7.25
-6.25
15.625
16.75
31.625
43.875
31.5
19.875
11.625
14.0
28.0
38.625
36.25
27.625
35.625
47.0
44.375
49.125
46.0
32.25
25.875
30.875
39.5
35.75
30.125
28.125
27.125
24.625
18.25
17.375
25.625
27.375
23.25
19.375
20.0
10.25
8.375
27.875
31.375
25.625
29.125
42.125
39.5
8.0
-4.75
8.0
6.125
7.0
24.75
30.625
22.5
29.625
38.375
37.125
23.75
15.0
24.5
25.125
30.0
35.125
33.25
36.875
39.125
46.875
68.0
69.0
57.625
69.25
72.5
63.625
57.0
47.5
48.125
58.125
57.875
44.5
46.125
58.0
65.25
55.75
48.0
42.0
20.625
11.5
15.0
20.0
22.375
14.25
16.0
34.375
41.125
34.5
15.25
-1.125
20.375
35.0
21.25
20.625
30.125
29.25
24.125
40.25
39.125
15.75
18.375
25.25
21.5
36.25
48.125
42.375
52.125
65.125
51.625
39.25
42.25
35.375
42.25
62.375
62.125
48.125
47.375
60.375
56.875
41.5
42.0
51.125
51.875
56.5
61.25
46.0
33.5
55.125
73.0
47.0
26.875
40.25
34.75
18.375
29.0
42.75
36.0
35.875
44.375
48.375
43.75
35.75
57.375
52.0
13.125
10.5
24.875
15.875
6.875
23.375
43.5
51.75
44.25
22.625
5.125
27.875
57.75
46.5
39.75
38.0
19.875
15.375
26.125
38.375
47.5
38.875
19.875
6.75
8.875
59.0
80.625
22.375
-6.5
15.0
34.0
26.75
25.5
47.375
48.375
37.875
38.0
50.75
52.875
25.875
15.5
30.875
19.375
4.625
19.75
28.25
15.875
-6.75
14.0
54.125
35.75
22.5
32.25
32.625
52.875
53.5
30.75
24.5
23.625
23.125
27.625
8.625
-7.0
8.375
13.75
32.125
33.375
17.625
31.375
40.375
26.0
19.0
43.25
64.875
39.5
18.125
56.75
56.875
24.25
17.875
16.5
23.375
18.25
18.25
23.5
-3.75
1.375
42.5
49.75
79.625
101.5
37.625
18.25
80.0
110.5
82.125
27.375
30.0
83.375
97.5
73.375
44.125
59.5
82.75
43.125
37.5
45.0
6.125
37.25
89.0
80.5
68.75
44.875
-13.875
-2.75
70.375
69.125
26.375
6.625
12.375
50.625
56.5
20.0
2.75
-23.875
-27.125
0.5
46.75
70.375
44.625
36.875
14.125
-12.125
-4.5
1.75
12.25
29.875
40.125
28.75
9.875
15.0
20.875
49.0
45.125
0.625
18.5
22.0
37.375
52.0
11.0
33.125
61.875
42.625
72.5
95.375
58.25
22.5
19.625
50.75
55.5
22.75
29.5
52.125
60.125
80.75
100.25
84.5
30.25
-22.375
-26.25
-13.375
34.875
104.0
67.25
-4.875
-24.0
-3.875
-2.625
25.875
88.5
83.125
51.5
14.625
-56.875
-38.25
49.0
67.875
14.375
17.375
106.0
62.125
-15.0
20.0
44.375
9.375
-16.0
8.875
16.25
29.375
31.75
20.75
27.75
12.0
-5.375
6.625
75.625
98.625
46.125
28.125
15.5
10.0
35.5
25.125
-2.625
44.875
73.0
35.375
36.5
31.25
39.125
80.125
21.0
-52.25
-2.875
93.625
84.125
-4.75
-23.375
12.0
35.75
42.25
39.75
-6.0
-14.25
18.75
49.875
83.25
12.625
-24.75
32.875
35.875
50.25
60.5
22.5
8.125
50.375
49.75
-3.0
-29.0
-15.375
-3.625
0.125
18.0
4.5
18.875
67.25
59.5
43.125
38.875
3.25
45.25
60.0
-7.75
38.125
70.0
38.875
28.0
2.375
-9.25
14.75
50.125
53.25
64.625
65.25
48.5
57.5
23.25
-18.75
-2.5
58.375
92.625
63.75
43.25
22.5
11.375
42.375
26.0
-11.625
-4.875
45.25
35.75
11.5
63.375
59.625
41.375
81.625
55.25
33.375
68.125
18.125
-22.75
54.5
74.875
54.75
115.75
106.625
76.75
88.875
30.375
-12.375
47.5
87.125
78.125
46.0
74.5
84.125
14.75
60.5
67.125
26.5
57.0
53.0
10.5
-51.875
-17.625
62.875
61.0
41.375
22.5
7.375
41.875
66.25
5.375
-67.5
-30.25
63.125
82.75
38.125
-15.5
18.25
17.75
-5.5
64.375
87.125
35.625
8.5
-19.625
-6.375
54.25
51.375
36.25
34.25
39.5
44.5
-15.125
12.75
76.25
47.75
93.875
77.75
12.125
26.25
62.5
59.875
49.0
66.125
33.75
42.5
67.75
20.5
25.625
74.125
77.5
42.375
26.25
73.5
70.125
37.375
53.125
40.625
18.5
85.375
97.25
42.0
41.5
26.25
23.875
9.125
-2.625
64.375
55.625
-47.5
-35.625
30.875
14.75
11.75
35.125
24.0
18.0
20.25
20.625
30.125
-2.875
-74.75
-5.625
81.75
-9.75
-13.375
21.25
-11.625
77.0
90.625
-1.875
-22.625
-31.125
-6.25
70.125
68.625
53.0
59.375
-0.5
8.0
57.125
25.5
20.25
57.0
36.75
21.75
13.0
46.875
75.25
22.25
41.0
39.625
-1.125
21.0
15.5
39.5
30.125
-27.0
11.125
71.75
38.5
28.375
54.75
49.625
28.0
3.75
-12.625
-15.375
47.875
52.5
4.25
12.375
0.875
-1.375
52.375
49.25
-8.0
-24.125
-1.0
28.0
36.25
31.875
27.875
53.0
67.0
30.875
-16.625
20.375
57.25
15.0
12.75
-6.0
22.625
81.125
38.125
8.75
22.75
43.375
76.75
82.75
37.625
9.5
9.875
-2.125
49.75
99.75
61.625
45.875
10.125
-3.75
36.875
42.625
47.875
66.375
64.5
37.875
26.125
21.25
47.125
57.875
17.25
33.625
37.5
-48.25
-75.875
34.0
80.25
59.0
40.75
6.0
-0.625
26.0
39.125
27.625
36.625
59.125
53.875
-24.0
-40.125
16.5
41.25
46.625
31.25
30.0
25.5
56.875
57.625
17.625
30.125
29.5
23.625
38.0
34.875
-13.125
13.25
98.625
74.625
54.375
63.375
58.75
66.625
51.375
64.0
68.125
46.125
31.375
16.75
15.625
27.25
44.25
53.375
70.625
94.0
71.125
44.5
70.0
47.25
15.375
23.75
1.75
-25.375
-2.375
24.625
3.25
-4.625
-6.875
-13.875
8.625
36.5
23.25
-35.25
-47.75
-18.75
18.625
12.875
-66.25
-42.0
46.625
45.5
3.625
-7.75
11.875
-17.5
-21.625
18.5
40.5
50.5
20.625
-5.625
7.75
21.625
63.625
54.375
16.25
55.0
34.875
0.0
33.625
31.875
-10.5
24.5
19.875
-26.875
38.75
41.375
44.125
103.625
65.875
28.375
59.75
65.875
44.75
38.375
60.0
68.25
16.625
5.0
36.375
64.0
23.125
-51.25
-20.5
50.0
52.625
35.125
44.75
12.125
-22.5
14.375
62.375
43.75
15.375
14.5
50.5
48.875
-1.25
-13.375
2.75
31.875
25.125
0.5
-40.5
-5.5
30.375
20.0
24.375
-15.625
13.875
36.375
-9.75
-13.0
20.25
51.375
27.75
-17.75
-5.625
-9.875
-35.25
4.125
19.125
17.625
30.5
35.625
40.125
-6.875
-27.625
-8.375
10.0
1.125
-17.5
25.25
40.375
20.375
-1.875
-17.5
8.125
-10.5
-19.875
16.125
45.0
37.5
-15.25
-17.25
66.0
106.125
33.0
-14.625
23.0
50.5
29.875
25.5
61.75
30.375
-23.75
22.125
24.125
-3.5
-10.25
9.0
30.125
30.125
17.75
-21.375
6.75
8.375
4.75
44.25
38.375
18.25
-3.375
-15.875
-23.25
3.0
48.625
10.5
-29.875
21.875
37.0
-36.125
-37.625
43.75
69.5
51.0
39.25
45.625
59.375
19.0
-3.25
40.5
29.625
-17.375
-13.25
18.375
34.25
38.75
50.875
53.25
25.875
17.875
26.75
13.875
42.625
51.375
5.25
41.125
78.125
28.625
-26.0
-11.875
45.5
44.375
-9.125
-3.375
39.125
16.125
7.5
28.625
41.625
33.375
-1.125
9.75
20.25
8.375
61.75
33.5
-3.375
88.5
43.375
-29.5
58.125
69.375
4.125
23.375
38.5
10.75
9.75
30.625
58.375
21.0
-3.0
56.0
36.375
10.25
37.125
29.125
9.625
1.25
-0.875
30.375
35.625
-3.375
12.125
33.5
-2.25
-3.5
20.5
-5.5
-24.125
10.0
40.625
17.125
-7.25
-18.5
-2.125
-21.75
-62.25
-6.875
11.25
-11.625
-0.75
10.25
18.5
20.125
11.5
-14.25
-26.0
18.625
70.125
50.0
9.375
7.75
12.75
-28.625
-6.5
40.875
-17.875
-19.875
34.375
34.875
12.0
31.875
38.875
-10.75
22.375
74.0
40.25
7.25
11.375
-1.25
-11.75
24.375
52.125
28.25
19.25
30.75
22.25
65.125
76.0
10.75
11.75
47.0
46.625
38.5
35.25
49.375
61.5
23.0
-29.625
-24.125
6.125
51.0
61.625
33.125
33.875
15.375
9.625
41.875
48.875
21.5
-17.5
11.625
-5.625
-49.5
44.75
62.375
5.875
31.875
17.625
-24.75
-18.875
-13.75
-5.0
5.875
-6.375
-20.0
14.625
41.125
13.375
-0.125
-5.0
26.375
49.375
8.0
16.625
54.875
41.75
20.0
31.5
55.625
27.375
0.25
9.125
24.25
59.625
49.875
30.0
31.875
33.75
51.875
30.5
7.625
33.125
41.375
38.875
29.125
41.125
68.375
56.625
32.125
16.0
-8.75
-12.125
18.25
30.625
11.5
16.375
17.5
13.375
12.75
-24.625
6.0
75.375
62.625
16.625
0.125
30.75
46.75
28.75
19.625
18.25
16.625
19.375
14.75
-3.875
23.5
41.875
26.375
40.75
43.125
18.25
-11.0
10.5
64.0
51.625
31.5
38.0
13.375
17.75
37.125
32.25
40.75
1.5
-0.5
56.75
54.375
23.0
-23.5
-13.5
49.375
33.0
-15.0
24.75
91.125
46.625
-4.0
-0.375
20.0
51.75
23.625
-9.125
2.125
15.75
21.0
12.5
7.25
28.875
34.0
18.625
23.75
16.0
24.375
60.875
23.375
-8.25
31.25
68.75
29.0
-19.625
-12.875
-20.375
3.875
24.375
20.5
42.25
44.25
15.25
10.625
41.0
21.625
-16.375
26.75
42.25
35.125
70.25
66.875
55.125
53.625
45.75
46.5
48.625
30.75
42.125
52.375
41.125
55.5
51.25
21.0
12.25
15.5
18.875
8.875
5.75
25.75
9.375
7.75
9.75
-33.75
-19.25
-12.5
-8.5
33.25
7.625
-3.5
39.625
34.5
-3.125
4.375
-8.875
-13.375
36.375
36.75
12.875
14.0
-3.375
-15.25
17.125
24.0
16.375
11.125
-2.0
-8.125
-22.875
-1.375
18.5
-22.875
-23.75
23.875
45.25
25.625
16.875
29.25
32.125
47.5
38.5
5.875
14.5
65.375
68.375
55.125
53.0
43.875
58.25
70.5
51.75
22.5
51.75
89.875
67.125
70.5
97.375
71.75
56.5
50.5
50.5
52.875
53.125
77.125
88.125
56.125
28.0
40.75
65.75
51.875
12.25
-4.125
-10.75
15.875
23.75
-20.75
-6.5
47.5
18.5
-33.625
-19.0
15.5
-0.625
-7.625
27.0
5.0
-18.375
-0.75
-15.625
-27.625
31.375
36.75
-12.875
5.125
12.125
-3.75
5.375
8.25
-37.5
-12.5
70.875
55.375
30.0
9.25
-15.875
2.0
9.625
22.375
46.875
26.25
14.25
39.25
20.75
-1.125
30.375
46.0
30.625
38.25
39.875
23.875
4.625
-10.375
-10.5
8.5
29.375
47.0
45.0
43.75
42.625
13.625
43.625
82.125
76.375
64.875
56.625
20.5
-24.375
-16.5
14.25
0.5
-15.75
30.25
56.5
49.375
35.125
22.5
10.125
-4.625
9.625
5.25
7.125
38.375
56.375
54.125
34.75
23.5
28.875
31.625
1.125
-7.75
14.25
17.375
2.375
-16.75
-32.375
-27.875
23.0
17.5
3.125
12.375
-6.125
-33.875
-16.875
34.0
-6.375
-33.125
8.875
16.625
-11.75
0.625
23.5
41.5
61.0
34.75
7.375
7.75
12.875
8.25
3.25
17.25
15.125
18.375
42.375
54.75
36.25
1.5
10.5
51.875
65.125
36.75
37.0
29.75
16.375
41.125
39.5
20.125
7.875
8.25
17.0
-10.25
-44.25
5.375
46.0
43.875
33.0
-19.625
-1.375
41.0
36.125
44.75
34.0
13.5
1.0
-3.375
-2.375
5.625
41.0
52.5
44.0
31.125
9.0
-14.125
0.25
45.625
34.125
23.375
30.875
2.25
1.875
25.875
18.375
14.75
18.125
-24.25
-48.0
4.125
29.875
20.25
34.25
51.75
40.0
19.375
9.375
10.625
11.5
-20.875
-0.375
44.75
11.0
-15.125
19.0
34.875
10.25
-7.125
16.0
18.75
2.25
44.625
52.75
35.75
32.625
5.25
10.25
23.0
-12.375
-28.0
34.375
70.875
44.875
35.875
26.375
14.5
12.0
7.5
28.5
38.25
19.625
40.625
45.5
34.875
43.25
28.75
45.875
63.5
39.0
33.0
56.125
44.125
21.125
25.875
19.0
20.875
15.375
25.5
39.375
42.75
56.375
22.125
-27.0
-11.125
48.5
37.375
4.125
-2.875
-12.5
-8.125
4.5
17.125
-3.5
-52.125
-27.375
-6.0
-25.25
-8.5
-50.125
-52.625
3.875
-32.625
-41.625
33.0
55.875
23.5
15.125
4.375
-5.875
18.75
44.75
37.875
15.625
19.625
10.25
-7.625
24.375
34.125
17.125
23.25
19.25
6.5
-2.75
20.0
47.25
31.125
14.0
23.5
41.25
16.5
-9.625
15.5
18.375
26.75
51.0
40.25
23.375
45.875
34.875
-11.125
10.625
15.625
-10.5
-10.625
-0.625
17.375
7.375
-10.75
18.125
30.125
-2.875
-14.375
13.25
14.75
26.25
52.25
38.375
27.5
2.75
19.125
57.5
45.625
24.5
-24.625
-24.75
38.875
51.375
46.375
25.625
22.375
34.25
8.0
12.25
44.125
32.75
13.875
50.625
57.75
17.875
2.875
12.75
16.5
22.0
48.625
55.375
40.625
37.5
42.0
35.5
7.75
2.125
29.75
36.25
40.25
34.25
-10.5
-19.875
-30.25
-31.25
26.25
29.625
-10.0
-5.625
1.875
-4.0
13.25
13.0
-2.75
6.625
18.5
13.875
-14.5
-10.0
35.125
25.875
-18.375
-25.0
-4.0
20.875
21.0
2.0
-1.375
17.5
35.5
25.625
28.25
44.0
49.5
27.375
-2.25
0.125
14.0
15.75
9.25
5.25
2.25
17.125
6.75
-4.5
4.0
7.625
26.5
1.375
-5.375
27.25
53.25
83.0
74.125
61.375
34.375
27.375
50.125
37.375
39.5
34.0
11.25
10.25
12.375
13.25
7.875
-2.25
6.375
9.5
-4.75
-12.875
-2.125
1.75
-9.5
16.75
18.5
26.875
49.75
6.625
-12.25
2.875
3.25
-3.125
-12.375
-6.25
1.5
0.25
-14.25
-26.625
-19.875
-26.5
-32.875
-31.125
2.375
46.25
10.625
-17.875
4.5
-6.75
-31.625
6.5
69.25
73.375
30.875
16.5
19.625
12.875
36.125
22.5
6.625
30.625
11.875
-8.75
7.625
24.875
18.875
24.5
34.625
26.75
14.0
-11.75
-35.75
-8.125
17.375
19.125
19.375
2.875
9.375
52.25
64.625
44.0
50.0
32.625
13.25
35.625
47.875
48.125
32.375
16.125
17.5
14.25
21.5
35.125
45.5
39.0
8.0
-0.125
24.5
28.25
22.75
38.625
32.25
30.875
51.875
43.25
21.5
38.5
48.125
19.25
25.25
62.625
43.625
-23.375
-13.875
25.375
0.75
-27.25
-8.375
13.5
-9.0
-28.25
-2.375
16.875
-6.625
-25.875
-18.0
-11.5
-42.25
-24.375
20.375
2.875
-1.125
15.5
30.25
40.875
45.625
31.5
-11.5
2.625
45.375
38.5
40.125
56.375
46.125
23.5
26.75
37.5
8.25
-10.25
47.75
71.125
46.375
63.125
39.625
10.25
39.625
45.0
47.25
54.125
56.125
53.75
14.125
25.375
30.875
-14.875
-4.75
8.625
18.0
15.0
-1.25
-4.375
-15.0
-12.5
-27.0
-27.125
-4.0
-4.0
-16.25
-27.0
-22.375
-29.75
-46.375
-11.875
-0.25
-21.0
3.75
32.0
29.0
-1.125
-30.5
-20.0
12.375
38.25
33.875
-5.25
-24.375
-30.125
-29.125
-16.625
-11.875
11.25
43.5
40.875
28.875
14.125
21.25
44.375
37.75
25.5
24.125
40.875
29.25
5.5
9.75
11.25
-9.125
-20.125
17.0
48.75
23.75
-14.875
0.125
21.875
9.5
-5.375
-10.5
25.875
22.875
-6.75
10.75
22.25
10.0
-0.5
2.75
-8.875
-4.0
4.875
-22.0
-25.375
29.5
25.0
-24.5
-14.25
7.125
-15.0
-4.875
22.875
-8.875
-13.5
10.75
-4.25
-23.875
-2.375
34.0
32.125
-4.625
-5.375
20.875
9.125
-4.5
-3.25
2.875
15.875
27.625
59.125
64.0
30.0
32.5
57.75
36.875
-13.0
-26.375
17.125
37.625
9.625
1.625
14.0
33.875
23.375
-11.0
4.5
11.75
5.625
12.875
-9.5
-22.25
-12.5
-21.5
-1.5
29.875
18.375
19.125
6.875
-16.625
-17.625
-29.75
-17.875
16.625
5.0
-16.0
-11.75
-8.125
-3.0
-1.0
8.25
22.5
21.25
14.0
27.375
23.375
8.0
13.875
-4.0
23.75
54.0
33.875
49.625
42.375
11.0
13.75
38.625
38.5
26.375
37.25
30.375
34.375
39.25
14.0
12.125
16.75
22.75
32.5
30.875
34.875
30.25
12.375
1.5
21.75
27.375
34.125
49.875
20.5
2.125
5.75
-0.5
16.125
9.25
-4.625
39.125
20.125
-28.625
-12.25
3.375
-2.0
2.875
18.25
12.75
-25.75
-44.0
-18.25
19.875
27.25
2.625
-0.25
7.5
12.25
9.625
1.625
17.5
13.5
3.375
31.625
29.125
5.5
9.375
5.0
17.375
36.875
15.875
26.5
48.0
30.0
20.125
8.25
16.25
50.25
41.375
36.25
34.0
17.25
39.125
48.875
32.25
29.375
54.5
55.5
16.75
33.125
71.875
59.875
21.625
21.75
30.0
1.375
-4.375
12.75
6.75
-6.5
-8.625
-12.375
-1.75
13.5
-0.875
-0.75
4.5
-3.0
-23.125
-33.875
10.875
23.875
7.375
24.625
22.75
14.0
23.75
57.875
85.0
48.375
14.0
26.25
52.625
46.625
24.875
13.25
12.75
-3.125
-4.125
42.25
40.875
25.75
26.875
29.25
27.125
26.25
24.125
8.5
31.25
45.0
23.875
17.375
16.0
6.125
23.375
46.25
25.25
10.75
13.125
5.875
11.875
12.25
-11.0
-26.875
11.625
21.625
-33.25
-39.875
-26.75
-48.375
-31.125
-3.25
-7.375
-20.75
-19.375
16.75
6.375
-26.25
-25.0
-28.625
-7.625
12.5
8.125
20.125
11.125
-14.0
7.125
48.625
48.0
45.875
51.25
41.625
30.125
17.75
26.0
51.75
61.625
60.0
28.0
23.625
51.5
39.125
35.5
25.75
14.875
41.375
39.25
27.0
35.5
48.375
46.75
-8.375
-17.5
28.625
23.375
27.875
37.375
27.25
28.75
13.625
4.0
0.125
-5.0
21.875
12.875
-2.375
12.375
26.375
19.625
-4.0
3.625
-9.25
-8.25
-11.125
-46.375
-14.75
2.625
-18.125
-26.0
-53.625
-54.5
-43.375
-42.625
-31.625
-30.0
-17.25
-33.0
-53.5
-14.0
26.375
32.625
24.625
17.75
2.125
-14.875
12.625
33.875
22.0
38.5
23.375
-1.625
34.625
55.125
29.75
23.625
18.0
1.0
7.125
36.125
42.375
22.625
21.125
24.625
30.375
12.625
-24.0
3.125
46.5
24.5
13.25
32.125
41.125
34.625
21.125
17.0
42.625
59.875
41.375
26.875
12.25
14.125
30.5
31.25
14.25
11.5
29.75
12.5
-25.625
-15.625
16.75
29.25
30.0
16.5
14.75
28.375
27.875
1.625
-12.125
9.375
16.5
7.625
-15.75
-4.875
21.5
2.75
-5.625
1.5
-8.0
3.875
30.5
-8.5
-22.375
24.125
35.625
24.25
29.375
18.875
-15.25
-17.625
5.875
17.625
8.875
13.625
38.0
35.75
9.875
7.25
11.75
15.625
28.75
23.375
21.5
17.0
13.375
29.25
16.0
-1.625
-3.625
-1.375
-5.125
-20.625
-7.75
12.0
8.75
-1.125
-12.0
-9.25
5.5
-2.0
-5.5
4.25
-8.75
-25.5
-45.75
-24.0
-2.0
-36.25
-21.0
-3.25
-19.375
-15.625
-2.0
2.25
-6.875
-9.25
-16.375
-18.625
2.0
-0.5
-20.5
-0.25
12.125
-1.375
-0.25
-1.875
-2.5
0.125
3.375
-7.125
13.5
45.875
12.125
-6.625
4.125
1.25
-18.875
-14.125
33.5
40.75
20.5
28.25
33.5
27.375
47.125
40.5
27.625
38.125
27.375
19.625
16.25
17.5
8.125
-0.625
1.375
-5.125
-5.625
12.125
27.625
26.5
0.5
-19.625
16.875
38.375
29.125
41.375
33.375
15.75
20.125
5.375
-11.875
10.375
15.25
-16.875
-22.75
14.5
24.5
-0.125
3.5
5.375
-21.5
-25.875
5.125
23.625
21.75
2.5
-7.0
12.125
32.75
7.5
8.25
40.125
15.625
8.5
2.375
-29.25
-8.125
24.375
4.375
-7.25
14.25
-3.875
10.0
50.25
20.75
22.625
55.25
61.375
43.0
27.625
17.625
9.25
22.625
19.625
7.125
6.875
18.375
7.25
0.75
30.5
17.25
-4.375
24.625
33.625
-9.875
-34.5
12.375
49.5
26.625
-4.0
-12.625
-4.375
12.25
21.375
-2.0
-0.625
1.5
-29.75
-8.875
35.5
40.875
44.0
42.5
28.5
18.25
6.375
-3.75
6.125
21.375
22.5
39.875
46.875
18.5
-3.875
13.625
22.5
7.75
23.0
3.875
-41.5
12.0
54.0
7.5
4.875
23.625
8.625
-21.125
-20.0
2.375
8.125
-0.5
-7.625
2.75
1.125
-28.5
-16.0
10.875
3.75
12.625
2.25
12.5
25.25
0.125
6.625
23.625
10.0
-0.625
6.875
9.375
18.125
14.0
4.75
5.625
-8.125
-5.625
2.375
-6.25
14.75
29.25
15.625
36.125
54.125
20.25
-0.625
9.625
4.75
6.375
19.75
22.875
10.625
20.375
37.0
24.0
26.375
19.5
-17.0
-23.75
-4.375
1.875
8.75
0.0
1.0
20.875
15.0
-1.375
-10.875
0.75
-7.5
-1.125
46.5
58.25
41.0
28.125
17.375
22.75
29.125
-9.25
-35.75
-36.375
-34.0
-43.75
-43.0
-34.125
-39.125
-21.5
-17.875
-31.875
-15.625
9.25
-8.625
-7.625
18.125
6.375
-5.375
9.25
13.125
14.625
45.0
54.625
18.25
-6.75
21.125
50.0
32.875
9.875
19.875
30.625
23.625
24.125
8.375
13.375
29.25
22.375
27.25
5.0
2.5
31.125
15.375
1.0
10.125
15.0
5.75
-9.375
-15.75
-14.625
0.125
-7.625
-7.125
26.625
37.875
40.5
30.25
24.375
40.5
27.75
21.125
35.375
29.875
22.25
27.0
22.875
-5.125
9.75
54.375
74.25
59.875
10.75
-11.625
21.25
13.0
-0.375
38.75
40.875
14.625
24.625
20.75
2.125
11.875
0.0
7.125
16.5
4.375
-7.25
-18.5
-12.5
-1.125
9.375
-3.75
-27.0
4.125
15.5
19.25
29.0
3.625
0.5
9.125
16.25
14.75
13.25
-1.375
-18.25
-1.375
12.25
-3.25
-10.0
-8.375
-6.5
11.875
26.625
23.5
14.875
13.875
28.5
49.875
24.875
-18.5
5.0
48.875
43.25
24.25
38.625
45.25
44.125
28.25
6.0
19.75
27.875
25.25
38.875
50.5
50.125
27.0
14.875
17.375
20.75
35.5
12.375
-18.875
15.375
55.75
36.125
19.625
-0.75
-9.75
27.875
37.875
0.125
-10.125
8.25
6.75
-17.625
-16.625
15.75
17.0
-1.875
5.875
20.125
2.375
-15.75
-4.75
-23.75
-28.5
11.625
18.375
21.0
33.0
23.625
-4.375
-17.375
-21.75
-39.625
-31.5
8.75
17.375
-2.25
24.0
46.25
11.625
-5.125
-2.75
1.125
15.75
22.0
12.25
5.875
19.125
17.0
11.375
13.375
22.0
34.75
21.75
16.375
25.75
22.125
23.875
31.375
32.375
10.25
-3.875
16.75
14.25
22.625
56.75
37.875
-19.0
-27.5
28.0
30.125
-9.375
14.0
29.125
8.375
-8.375
3.0
8.875
14.625
30.375
20.75
26.625
13.125
-14.75
-10.75
13.625
1.375
-29.875
-24.0
2.25
3.75
-19.25
-9.875
8.5
-14.0
-30.25
-18.25
-24.5
-1.25
7.875
3.0
28.375
5.625
-5.25
7.625
-21.625
-18.25
22.0
28.5
20.125
18.0
15.75
-2.0
1.375
9.75
-11.375
-10.0
27.0
41.875
19.0
0.875
-1.25
1.75
-4.125
4.0
14.125
7.625
8.875
20.75
16.0
8.375
39.125
53.125
28.0
8.875
5.375
1.375
-3.625
10.25
10.5
5.25
-2.75
-32.375
-11.5
24.75
19.875
-3.5
-27.875
-17.5
1.375
2.375
13.25
24.625
30.5
31.375
15.0
-37.0
-44.25
-0.375
-6.375
-11.0
-11.25
-29.75
-20.375
-23.375
-70.125
-59.625
2.375
1.125
-25.5
-22.0
-13.375
4.625
12.625
0.875
-3.875
-1.75
-8.875
-19.75
5.0
7.125
-14.5
15.25
31.625
8.125
3.75
11.5
13.375
7.125
18.25
20.25
8.5
14.875
0.875
-5.25
11.0
8.875
13.5
16.25
19.25
22.25
11.875
16.25
27.625
8.375
-12.5
7.0
4.875
-1.25
5.875
-1.5
14.875
41.75
27.625
5.0
13.625
25.0
9.125
-3.75
18.375
22.75
4.0
19.5
27.125
5.5
-6.125
-2.375
8.5
18.0
28.125
21.5
-0.5
-13.125
-8.75
-3.75
-12.125
-11.375
-15.375
-7.75
16.75
0.125
-26.125
-18.0
-18.375
-20.875
6.5
8.5
-9.5
5.375
8.125
-0.5
2.125
1.625
11.5
-3.125
-12.75
-15.25
-14.125
0.125
-10.625
1.0
25.0
-5.375
-29.75
3.5
23.875
26.75
34.125
24.375
4.625
-3.25
-8.875
-15.875
6.5
33.125
28.875
21.625
27.125
30.375
26.0
30.5
15.75
4.25
9.625
-14.25
-13.125
17.875
36.5
40.25
24.875
16.75
20.75
16.125
40.75
76.5
57.625
47.75
42.75
36.625
45.75
39.5
32.25
22.625
33.5
29.5
4.875
9.875
14.75
20.375
30.25
21.875
-0.375
0.625
-2.0
-0.625
16.875
4.375
12.125
21.75
19.25
32.875
12.375
-0.625
25.75
16.375
-3.25
-0.25
8.75
19.25
-16.25
-27.5
-2.125
-8.0
-17.625
-32.875
-33.875
-12.25
2.25
9.5
9.875
-5.0
-8.875
19.5
28.125
7.875
-4.375
13.25
16.5
13.75
41.625
41.25
20.625
15.0
14.625
1.875
-9.625
-7.875
0.375
16.5
21.125
12.0
7.375
13.25
-3.125
-1.875
42.5
44.375
16.125
-0.875
10.125
35.625
38.0
36.875
15.875
10.25
37.0
32.25
17.5
15.625
5.875
14.75
21.875
12.625
8.25
18.375
43.5
29.25
16.0
32.25
36.125
35.875
12.75
15.125
44.25
34.75
19.5
23.25
31.125
20.875
11.25
9.125
9.125
46.625
56.25
2.5
1.5
8.375
-0.375
4.625
-30.125
-34.375
-19.125
-28.875
-7.25
5.75
-3.875
-14.625
-27.25
-9.25
-19.125
-25.625
3.5
0.0
-10.0
-10.25
-15.125
-19.375
-29.125
-17.625
-10.5
-22.5
5.125
7.75
-18.375
-18.375
-10.0
4.375
-5.125
-22.875
-10.875
12.375
4.625
-36.75
-17.125
27.125
14.875
11.0
11.125
-3.375
-14.5
-10.375
3.5
10.75
15.375
13.125
22.0
37.125
42.5
32.625
23.0
10.875
10.5
19.5
4.25
34.5
69.875
33.0
4.5
3.5
-4.375
-15.0
-7.25
15.625
26.25
27.375
22.0
23.125
22.875
21.75
34.375
13.125
5.625
24.25
3.875
-7.625
6.0
20.5
26.5
12.5
-1.625
-23.125
-33.625
-28.75
-18.25
-11.625
-11.75
5.875
12.125
-15.25
-32.5
-25.875
-17.25
-2.0
-24.125
-63.625
-57.25
-28.5
-18.125
-40.875
-54.375
-45.25
-29.375
-28.125
-39.75
-32.25
-35.5
-48.125
-50.5
-45.0
-37.875
-43.125
-14.5
7.625
-16.125
-4.625
7.75
-18.25
-25.25
18.125
33.75
13.25
12.75
6.25
-4.875
3.125
3.125
12.0
21.625
3.0
16.375
20.0
-3.625
-6.0
3.875
31.25
37.25
25.25
18.875
-11.5
-25.25
-3.25
-6.75
-33.25
-7.25
17.25
-6.625
4.625
39.375
23.5
8.0
22.75
18.5
-9.875
-26.875
-15.0
3.75
8.375
9.0
14.75
5.25
-7.375
9.125
17.375
-17.125
-24.625
-1.625
-6.875
-12.0
-27.25
-36.625
6.375
20.25
-36.0
-63.375
-43.5
-18.125
-19.375
-20.625
-14.0
-27.125
-6.625
19.75
21.5
7.125
-7.625
-9.625
-9.625
-19.875
-43.875
-43.375
-9.75
-15.125
-57.375
-43.375
1.5
10.375
-3.25
-7.0
13.5
5.625
-14.875
4.75
20.5
16.375
3.625
12.75
33.0
8.5
-15.5
4.75
41.5
37.75
7.5
-2.5
-7.75
9.5
9.5
-17.875
8.25
44.875
17.25
-11.25
-0.125
7.375
4.5
2.0
6.5
-0.25
4.25
16.125
6.125
-1.75
2.875
-11.125
-72.375
-73.875
16.125
42.25
26.125
42.5
35.125
6.375
-18.0
-10.5
15.875
6.25
-6.5
6.75
20.875
-9.375
-50.875
-15.125
7.125
-30.625
-31.25
-17.0
-15.75
-23.5
-29.375
-28.0
-29.625
-35.125
-39.0
-30.5
-31.625
-40.875
-53.0
-45.5
-37.0
-49.875
-58.75
-42.375
-15.0
-16.25
-21.0
-16.75
-23.125
-30.125
-18.875
-14.375
-21.75
-17.0
-16.125
-23.875
-15.5
-4.875
-8.875
-20.625
-28.5
-5.75
0.625
-17.875
4.375
14.875
-5.25
13.5
23.625
5.125
-7.375
-18.125
-26.125
-45.875
-25.625
6.25
-6.5
9.75
14.125
-17.5
-18.75
7.875
36.0
12.875
-15.625
9.625
32.0
27.625
22.875
13.125
-5.875
0.625
20.125
24.0
19.875
20.875
9.0
-6.75
-17.0
-26.75
0.625
15.75
19.0
15.125
-15.625
-11.625
5.5
5.75
-2.625
-1.5
17.125
27.25
32.125
2.875
-23.375
-5.5
7.5
31.0
23.125
-3.5
2.125
13.875
5.625
-19.5
-29.625
-30.0
-32.625
-34.25
-25.0
-35.125
-60.125
-60.25
-39.0
-27.625
-40.5
-53.125
-56.0
-35.375
-34.625
-53.75
-45.75
-24.75
-9.375
-25.25
-32.125
1.0
23.375
15.875
-6.25
-14.375
-19.125
-20.375
-11.25
-10.5
-15.75
-17.75
-9.5
-10.0
-7.25
3.625
-10.25
-37.375
-40.125
-11.125
26.75
41.375
23.375
20.125
34.75
19.5
-4.25
22.25
27.75
18.75
47.875
45.125
25.5
23.5
20.375
28.875
31.25
21.125
6.75
7.875
14.75
0.875
1.375
20.75
23.75
-4.125
-12.75
-10.5
9.875
29.625
1.625
-3.625
10.5
12.875
16.0
18.625
20.0
3.5
-9.75
-0.625
13.75
9.125
-8.5
-13.125
3.875
10.5
9.0
-3.0
5.125
21.125
-7.5
-22.625
-2.0
17.25
20.5
25.125
16.375
-7.75
-17.0
-17.125
-30.875
-39.75
-51.75
-35.125
-13.375
-30.5
-28.0
-14.75
-21.0
-41.5
-30.125
-28.625
-49.375
-45.25
-29.0
-17.875
-21.875
-23.375
-14.375
-18.125
-25.875
-4.375
13.375
17.375
13.0
8.75
4.625
-11.25
-3.625
-0.875
-19.0
-29.75
-40.125
-17.5
8.625
-3.125
-9.5
4.125
14.625
11.125
1.375
11.25
34.375
25.75
9.5
7.625
-6.0
-11.25
8.875
15.125
20.125
32.0
12.0
5.25
17.25
6.375
0.875
3.875
7.125
8.75
0.875
4.625
27.75
32.125
18.25
13.25
26.625
22.625
4.625
16.75
22.5
12.875
5.5
0.875
-5.75
-4.75
11.75
11.0
-25.25
-21.25
8.375
15.625
33.5
20.125
3.5
14.75
0.125
-22.25
-20.625
-19.75
-20.125
-2.75
20.25
8.625
-14.625
-16.875
-18.875
-17.125
-33.5
-41.875
4.5
11.0
-27.5
-17.875
-0.75
-15.375
-24.125
-20.75
-9.375
-10.875
-29.5
-34.0
-34.125
-37.5
-38.75
-43.625
-32.125
-13.875
-25.625
-51.0
-60.0
-61.0
-73.625
-96.125
-80.375
-27.5
-31.625
-58.0
-38.125
-35.0
-40.25
-31.625
-42.375
-45.5
-44.75
-39.125
-31.125
-12.625
-0.375
-25.875
-19.375
5.5
-2.625
-1.25
26.125
22.125
5.0
6.75
-11.25
-14.125
7.625
7.625
2.875
-4.375
5.75
27.25
15.625
2.25
18.0
25.375
18.875
26.125
16.125
11.875
20.125
-14.0
-15.0
10.625
7.125
23.75
46.625
31.625
8.0
29.25
45.625
21.75
16.75
27.125
16.375
2.25
6.875
19.625
29.875
29.375
8.75
1.25
14.625
28.5
25.0
-7.5
-25.5
-2.375
-6.25
-4.5
42.25
32.25
7.0
11.625
-7.25
-6.625
8.375
-5.625
-9.5
5.0
-17.625
-37.75
-18.0
-16.125
-28.875
-22.625
-18.375
-9.5
1.75
-8.75
-29.125
-49.75
-39.625
-16.25
-8.125
-7.5
-3.875
-12.625
-38.625
-29.625
-24.0
-50.5
-55.25
-31.5
-23.625
-27.875
-18.0
-20.875
-19.25
-4.625
-4.75
-6.375
-3.75
-9.625
-8.0
-17.25
-28.75
5.5
19.375
-16.75
-29.75
-20.75
-7.25
16.625
8.5
-16.25
2.875
20.25
9.375
10.875
18.625
23.875
-3.625
-23.75
16.75
29.0
7.375
7.75
7.125
8.125
14.25
5.875
-13.75
-2.25
44.125
36.875
-8.5
21.5
41.25
-0.125
1.625
18.875
9.5
16.375
31.75
23.75
1.0
1.625
21.125
17.75
18.0
32.625
36.625
29.625
17.375
6.25
21.125
8.25
-44.875
-16.625
37.5
14.625
-4.875
21.875
27.375
3.5
-12.25
-32.125
-27.875
-5.625
-21.5
-45.75
-27.625
-25.125
-44.875
-29.75
-36.5
-40.375
-2.5
6.25
-32.5
-44.25
-29.625
-19.625
-3.0
-10.75
-16.625
-24.375
-38.0
-31.75
-21.125
-20.0
-42.125
-51.75
-44.875
-52.625
-34.125
-29.125
-34.75
-25.0
-48.875
-34.625
-9.125
-29.5
-54.625
-44.0
-3.25
-14.0
-31.75
-20.625
-36.125
6.625
42.375
-2.25
-6.0
16.5
22.375
14.5
-2.75
-18.375
-2.75
-0.625
-15.125
-3.625
-3.125
13.375
24.375
15.0
22.375
11.375
-12.875
2.375
26.625
32.125
42.125
45.0
10.0
-11.75
9.25
11.125
5.0
6.125
0.5
16.125
26.875
4.625
-16.875
-8.375
16.625
14.25
12.5
34.75
46.25
29.5
16.375
34.125
29.375
6.375
7.875
21.0
23.75
20.25
9.0
-26.625
-18.75
0.125
-32.0
-20.0
14.75
16.875
9.75
-2.0
-14.5
-11.875
-1.75
4.0
5.25
-8.875
-2.125
2.875
-16.375
-24.25
-31.5
-47.0
-66.75
-31.25
8.25
-2.875
-6.0
-8.625
6.625
8.25
-9.875
-22.125
-10.25
6.875
1.0
-0.75
-1.5
-11.375
-32.125
-47.875
-24.375
4.25
-30.75
-33.25
0.0
-27.625
-38.0
-25.875
-38.875
-37.0
-40.25
-53.625
-56.75
-48.875
-43.125
-46.125
-25.25
-6.375
-10.5
-13.25
-9.375
2.375
20.625
25.625
12.625
8.25
0.0
7.0
17.375
20.5
22.75
9.375
2.875
2.625
6.625
-3.875
-17.25
14.25
45.375
35.75
26.625
36.25
37.75
20.25
20.375
19.125
-15.625
-32.5
-5.625
12.5
5.875
0.625
-3.875
11.0
33.125
21.375
13.25
18.75
16.75
5.5
0.875
10.375
29.875
27.5
4.5
-0.125
14.25
14.5
-4.625
-16.0
1.75
23.25
9.375
-2.125
-0.5
4.125
15.25
20.25
17.0
7.25
6.375
17.625
19.25
6.25
14.0
22.25
2.25
-6.875
17.375
28.125
11.875
-10.5
-3.625
5.875
-27.75
-10.75
9.5
-6.125
-14.0
-8.625
10.875
-3.625
-19.5
-5.625
-11.5
-34.75
-9.125
22.625
6.375
-12.375
-6.875
-4.875
-12.125
-25.375
-29.375
1.375
4.875
-38.375
-50.5
-30.125
-5.375
10.875
-7.375
-35.25
-41.875
-19.75
-11.5
-42.0
-33.0
-25.25
-35.25
-11.5
-17.5
-27.5
3.25
-1.375
-36.625
-24.125
2.875
9.0
4.625
1.5
-6.75
-14.875
7.0
17.25
-7.375
-14.375
-5.875
3.25
8.25
-1.375
8.375
28.75
11.875
-5.75
9.0
15.0
7.0
-11.125
-12.375
19.625
12.75
-35.125
-40.125
-14.0
-12.5
-28.5
-22.875
-1.5
-8.375
-34.375
-47.625
-36.625
-33.75
-40.375
-20.375
-6.125
1.125
6.875
5.625
3.125
-13.125
-4.75
31.0
42.125
15.5
-12.375
-9.125
31.625
58.625
33.0
12.75
23.25
49.0
47.875
26.125
25.125
22.5
19.125
9.125
6.75
7.5
-1.0
8.875
9.875
4.25
11.5
2.75
3.625
21.875
-5.625
-23.875
5.125
-0.875
-7.75
10.375
7.625
1.0
9.875
7.375
-26.625
-42.25
-31.25
-26.625
-32.5
-27.875
-13.625
-16.625
-19.375
-8.0
-10.125
-32.875
-29.875
-20.125
-41.25
-25.125
-14.0
-19.0
-9.375
-14.5
-13.25
-12.875
-2.0
6.75
-11.25
-17.375
12.375
32.0
3.125
-5.125
7.375
-10.875
-9.0
3.0
-9.75
-9.75
-0.375
-6.25
-15.25
-27.125
-17.0
14.125
15.0
-13.125
-1.75
6.625
-44.75
-28.375
26.125
13.875
5.125
17.0
18.75
13.75
6.25
-10.125
-24.75
15.875
33.125
-0.75
-11.5
-22.25
-5.25
23.25
14.375
-4.75
-2.625
-0.375
-3.25
-0.375
-9.625
-32.375
-17.5
13.875
-28.75
-72.5
-15.75
21.0
5.125
3.875
-3.875
-6.375
-11.75
-9.5
-15.375
-17.625
-2.625
-7.375
-29.5
-28.875
-10.375
-3.375
10.625
11.75
-5.75
-14.875
-39.25
-54.875
-1.0
38.0
11.375
9.0
17.625
6.5
-0.75
1.625
-16.75
-56.5
-33.125
-4.0
-24.5
-23.5
-1.0
3.0
4.375
13.625
8.75
3.5
5.75
-0.375
-25.125
-18.125
29.125
48.25
19.625
-10.625
-14.125
-20.75
-34.625
-12.5
24.125
7.25
5.5
15.375
-2.875
5.75
11.5
3.375
10.75
38.625
39.25
4.625
9.125
11.5
-3.375
-4.25
-9.625
0.375
25.75
10.0
-24.5
2.5
20.375
9.0
21.875
25.75
-1.5
-19.625
8.375
28.75
5.0
-7.875
9.875
1.625
-9.125
9.0
6.625
-5.75
9.5
7.625
-2.75
23.25
28.25
12.0
4.375
19.75
54.625
34.875
1.125
15.25
0.625
-5.25
26.5
26.625
20.625
10.875
2.875
18.75
25.625
7.625
0.875
15.0
10.0
10.5
44.875
59.625
34.5
20.875
28.375
31.625
25.875
15.375
31.5
31.25
7.875
12.25
18.375
11.375
-11.625
6.875
33.5
-8.5
-18.75
22.25
31.875
27.5
41.375
37.875
20.375
41.875
31.875
-15.25
-9.0
19.0
33.875
27.5
8.75
-0.375
-4.25
-11.875
-23.125
-20.625
-2.25
20.375
26.75
21.625
4.875
-5.375
22.75
14.625
-19.125
-16.25
-4.125
-5.75
-8.125
-11.875
-24.375
-3.875
6.0
-11.125
-9.125
-15.375
-24.375
-10.5
-21.625
-33.375
0.0
10.5
2.25
11.375
16.875
16.5
18.5
12.75
25.375
40.375
21.25
-1.5
-13.625
0.875
27.0
10.875
-9.5
-3.0
-1.0
1.25
9.25
15.25
22.375
24.125
11.625
-2.875
-10.375
5.375
15.625
-7.125
-12.75
-19.125
-19.25
35.0
41.375
0.375
9.5
27.25
9.375
-12.75
0.5
11.25
1.75
9.875
12.5
26.875
47.125
34.75
28.0
26.0
-0.5
-1.25
33.25
34.875
10.5
1.25
0.125
-4.25
-2.875
4.125
9.125
12.125
23.25
15.5
4.25
16.125
5.25
-21.625
-22.625
9.125
30.75
37.875
29.125
14.0
20.75
24.125
-4.5
-26.75
-16.25
-2.125
-4.125
-0.5
11.625
-1.5
-1.25
29.875
33.625
11.375
12.375
-4.125
-15.625
3.25
-3.25
-17.25
-11.5
7.625
8.875
1.0
9.375
23.5
15.125
2.75
12.5
4.125
-9.0
-15.125
-12.5
-8.5
-28.0
-30.0
-7.125
-6.0
-16.625
-31.375
-58.5
-51.25
-18.75
2.875
-8.875
-22.0
-10.25
-8.625
-2.0
13.0
14.75
10.875
1.625
-2.0
18.125
10.625
18.875
34.0
-2.5
-6.5
12.875
14.375
9.375
-6.625
-3.5
9.875
11.25
9.25
15.375
25.125
23.625
19.0
3.875
-5.125
2.875
-1.375
6.0
27.25
3.5
-8.875
24.375
-4.0
-30.625
-0.375
24.375
36.875
25.75
24.25
35.125
27.0
21.875
16.5
15.75
19.625
-2.875
-12.0
29.5
60.875
40.75
23.5
26.0
12.5
-4.875
2.25
40.625
45.0
28.625
30.125
18.625
26.0
44.625
35.25
48.0
47.75
7.25
10.5
24.125
8.125
31.625
57.75
32.375
23.125
36.5
26.875
12.5
18.375
17.875
5.375
9.625
24.375
19.125
2.625
0.5
-0.125
-4.0
-0.875
6.125
-3.5
-24.75
-9.75
28.75
20.25
1.375
4.125
-8.5
-14.5
-6.25
10.0
-5.625
-39.0
-22.5
-1.375
-19.625
-37.75
-26.625
-12.125
-15.25
-11.375
-1.375
-4.75
-13.25
-18.75
2.875
29.5
16.875
16.125
22.0
-13.375
-10.625
5.875
-4.75
0.5
6.0
16.5
1.5
-6.0
-10.5
-30.625
-3.0
-6.75
-23.875
-0.125
4.375
-12.0
-14.375
-5.875
-6.25
-16.875
-29.0
-6.5
12.5
-16.625
-19.25
-1.75
-28.875
-22.25
6.375
4.375
12.375
-1.75
-24.25
-7.75
1.875
-13.625
-13.25
5.375
25.875
28.25
19.875
7.375
-1.0
0.625
-20.0
-9.375
24.25
12.875
-2.5
0.625
0.75
5.375
1.75
-1.5
17.25
17.125
23.625
20.5
-0.5
5.25
13.0
3.625
-21.875
-33.5
-13.875
17.5
25.5
19.5
11.375
-0.625
1.0
-1.75
-3.5
9.0
2.25
-13.125
-1.125
13.875
-1.75
-11.75
-4.75
2.25
20.0
4.5
-8.625
12.75
19.5
18.0
25.0
26.75
7.25
5.875
29.875
33.625
37.625
47.25
38.125
44.625
61.125
26.5
-13.25
7.375
29.75
7.25
-2.375
-5.375
-6.375
12.875
12.375
3.0
-12.75
-31.0
-25.375
-15.75
-24.875
-12.0
-4.0
-24.5
-27.25
-5.75
-4.375
-13.625
-17.25
-13.75
19.5
23.875
8.375
4.75
10.25
18.375
7.625
1.125
11.875
15.0
-6.625
-0.375
13.875
-17.375
-16.125
2.25
-7.75
9.625
26.0
12.375
13.375
10.75
16.125
21.625
8.5
10.5
4.375
2.125
1.125
-7.875
1.375
15.5
11.0
-8.875
-2.875
20.375
25.25
13.25
3.25
1.25
4.875
11.5
19.625
27.25
42.375
42.25
26.875
41.75
43.5
23.625
17.5
22.375
14.75
7.0
25.875
39.75
13.0
-6.75
33.5
60.0
40.375
26.25
44.0
51.25
30.5
34.125
33.375
2.5
7.75
19.5
5.0
2.125
9.375
-1.75
-13.25
-1.375
7.125
1.0
-7.875
1.75
11.625
11.5
7.625
5.5
15.75
19.625
11.625
4.75
-8.0
-9.75
-6.5
-15.375
-38.75
-52.0
-41.125
-21.625
14.375
41.625
27.0
-2.875
11.75
25.25
16.125
13.25
12.125
-2.75
-9.375
18.625
28.125
4.375
-7.125
-18.125
-30.5
-18.5
-2.0
-13.625
-30.875
-21.875
5.875
28.125
19.0
12.375
21.5
15.375
4.25
10.875
15.375
5.75
10.375
19.625
18.5
8.125
-20.875
-19.0
-5.75
-23.625
-16.0
12.375
14.25
-6.875
-7.625
-4.125
-5.75
16.875
21.125
5.75
-7.75
5.75
30.5
12.875
-8.0
-15.125
-15.125
-15.75
-26.125
-28.25
-28.125
-13.875
16.0
27.125
14.75
-6.875
-10.75
-13.375
-29.0
-35.125
-14.5
2.125
-15.5
-34.125
-43.0
-46.375
-33.0
-35.0
-38.125
-24.0
-20.5
-6.0
-11.375
-31.125
-15.125
2.125
-12.75
-10.75
11.625
15.375
7.125
-7.75
-18.625
-10.75
-8.25
-28.0
-29.875
-2.875
0.0
-9.125
3.375
19.375
21.25
-1.75
4.5
44.375
42.5
24.25
22.625
27.5
41.375
29.5
6.125
4.875
17.625
25.25
7.625
-16.375
-8.125
22.625
24.0
4.125
13.625
17.625
15.875
14.5
-6.0
-17.25
-18.5
-6.625
-0.5
4.0
0.0
-18.375
-31.5
-48.5
-41.375
-30.75
-24.875
-15.375
-22.875
-16.5
-20.5
-34.0
-29.375
-21.125
-10.125
-17.375
-36.375
-12.75
11.0
-0.875
-2.0
-1.375
0.125
-2.5
-13.5
-12.75
-13.75
-26.375
-1.75
22.375
0.5
-18.375
-17.125
3.875
22.5
19.0
28.25
38.25
21.625
1.125
-7.875
-1.125
2.75
3.625
-1.125
-11.75
13.25
24.0
3.0
22.25
28.0
1.875
-10.375
-1.375
6.875
-18.125
-22.875
-1.375
3.25
19.5
16.0
-0.75
12.25
9.5
-4.75
-3.375
-0.625
-9.75
-19.25
-18.0
-14.125
-22.125
-45.125
-46.25
-19.25
-32.0
-52.625
-31.375
-15.875
-19.0
-29.75
-24.125
-11.0
-16.375
-12.5
-4.25
-7.0
-10.125
7.875
19.5
-20.875
-38.125
-18.5
-32.25
-44.75
-59.375
-65.875
-24.25
-13.25
-13.875
-2.75
-5.5
-9.875
1.5
19.75
9.875
2.0
11.375
-1.875
-15.875
0.0
1.5
-9.0
1.125
-8.625
-30.125
-22.5
8.25
20.875
-5.75
-1.375
29.0
23.125
9.75
18.0
9.125
-16.625
-15.25
-7.125
-5.0
5.0
9.625
8.375
9.0
6.0
-9.0
-5.75
11.125
20.625
20.375
10.75
5.875
-2.0
-5.0
-10.375
-5.0
21.375
19.625
-4.125
6.875
8.375
-1.875
6.875
-7.75
12.25
34.75
4.5
-11.75
-0.125
5.625
-10.5
-7.25
-8.375
-25.375
-5.25
12.25
11.75
8.625
3.75
1.125
-1.75
11.875
23.125
13.75
27.375
23.5
2.125
7.625
9.125
13.375
8.75
-15.0
-18.375
-10.625
-8.25
-10.0
6.375
14.125
-7.875
-5.875
0.5
-5.125
-3.0
-0.125
-3.75
-3.25
-3.5
-21.125
-22.625
-9.375
-18.375
-9.125
1.125
-2.25
-13.125
-25.5
-5.875
2.125
-11.625
-14.25
-23.5
-44.875
-27.5
-14.0
-42.125
-29.375
22.625
15.625
-17.5
-3.25
15.0
-16.125
-42.125
0.75
27.0
-0.125
-12.375
-3.125
1.875
15.375
17.875
-1.0
-9.125
1.125
6.875
16.5
37.875
18.625
-5.625
23.375
20.75
-1.75
25.5
36.875
15.0
-6.0
-7.125
0.5
-0.375
8.125
18.875
10.625
24.875
40.375
23.375
22.375
22.75
18.25
19.5
21.375
20.75
38.125
57.75
33.0
15.625
31.125
37.0
35.25
30.25
9.25
10.125
32.125
20.875
10.25
14.375
3.875
-1.5
0.0
3.375
10.625
23.625
16.875
6.0
24.625
7.125
-10.875
24.0
31.75
11.75
7.375
8.875
9.0
-10.5
-13.125
7.375
-3.5
-4.0
10.0
3.5
-22.75
-40.625
-9.75
3.75
-14.25
-5.375
-6.25
-18.75
-11.125
-9.875
-10.0
-14.25
-14.625
9.25
8.0
-0.875
7.25
14.5
15.5
-10.625
-22.5
1.5
13.0
1.625
-9.75
-16.375
-31.25
-21.25
14.625
19.0
-1.125
0.125
11.625
12.5
19.5
9.5
-6.375
5.375
12.25
1.125
-19.125
-27.125
0.5
19.5
23.375
20.0
1.75
-0.75
14.5
13.25
-9.0
-0.375
22.25
12.0
-0.625
10.0
22.625
17.0
-2.625
-2.5
3.375
1.75
0.0
-13.25
-17.75
-9.625
-11.0
-33.25
-38.25
-22.75
-25.625
-26.0
-31.375
-41.625
-34.25
-22.375
-23.25
-29.25
-25.0
-17.875
-11.125
-34.5
-43.875
0.5
5.5
-17.875
-9.125
3.25
16.375
30.25
16.875
-0.875
3.125
-5.875
-14.125
16.875
24.0
-1.125
-4.375
4.375
13.25
20.25
21.625
10.125
13.375
24.125
17.5
18.25
24.5
30.5
27.25
9.375
-9.125
1.875
32.875
29.375
5.375
18.875
45.75
31.125
24.75
36.125
32.625
30.25
39.625
39.0
18.5
14.0
22.25
23.25
11.125
9.5
19.875
20.875
27.875
3.125
-2.375
49.5
46.75
16.125
30.125
47.125
37.375
15.375
26.0
45.5
22.75
-4.375
-6.0
-14.25
-20.625
-1.5
-7.375
-40.125
-52.25
-53.375
-55.875
-46.0
-22.625
-10.375
-17.375
-5.75
10.5
0.0
-1.125
3.625
14.875
22.625
-10.0
-32.375
-15.125
13.5
12.75
-3.625
3.875
13.125
3.75
-10.875
-36.75
-36.25
-3.375
2.0
-5.75
-7.75
-5.375
2.875
2.0
-15.75
-19.0
-8.75
-11.25
-9.25
-2.625
4.5
11.875
9.75
8.75
19.375
38.375
27.25
1.375
-2.625
4.25
8.75
16.0
4.125
-12.25
15.75
15.875
-1.625
-11.75
-35.375
-14.125
11.125
0.75
-4.25
-11.875
-12.25
-6.25
-20.125
-26.125
-39.625
-58.125
-48.375
-60.625
-68.875
-27.625
-8.5
-7.0
8.625
7.625
7.5
19.5
20.125
8.375
16.875
29.125
7.625
3.25
25.125
19.875
1.625
4.25
25.75
25.25
17.875
10.375
-14.75
-18.625
-4.375
6.625
7.0
-2.375
0.375
7.875
9.375
14.375
19.625
15.875
10.375
5.375
5.25
14.625
13.625
8.125
10.875
14.875
24.0
32.0
15.625
-0.75
23.375
33.875
15.25
22.75
31.75
13.25
0.125
0.375
0.125
10.0
17.125
-19.25
-33.75
-0.625
18.375
31.625
26.75
6.5
-2.875
-11.0
-2.375
4.5
-8.25
-3.875
-1.125
-24.75
-66.375
-58.0
8.75
20.25
5.25
12.25
7.75
0.0
-14.25
-27.125
-25.375
-24.5
-12.125
-1.875
-4.5
-4.75
-7.0
10.875
20.25
-1.625
-5.5
5.125
13.875
2.875
-24.125
-9.375
-9.625
-30.25
15.0
35.25
-2.75
-4.125
25.25
22.875
1.375
-1.375
-14.875
-30.125
-28.25
5.0
42.625
29.75
9.5
7.5
-2.0
-11.625
1.0
-1.125
-10.0
-8.5
9.0
29.0
-2.625
-22.25
1.25
8.5
6.0
10.875
6.5
-9.375
-8.25
5.5
6.0
3.875
9.25
6.0
3.5
-9.25
-19.375
-6.75
-14.75
-29.25
-26.375
-3.875
15.0
17.75
12.5
-14.75
-3.25
27.75
0.875
-20.625
5.125
10.0
-23.875
-5.875
17.875
-8.875
-17.625
-19.625
-28.25
-32.625
-20.0
-11.75
-18.5
-5.375
-15.875
-43.375
-25.875
-15.75
-23.875
-20.875
-17.125
-21.875
-32.125
-26.125
-21.0
-26.875
-9.25
19.125
5.125
-23.0
-25.625
-20.5
-7.625
5.125
-7.125
-7.0
11.125
3.625
1.5
23.125
25.25
23.75
20.25
10.125
17.75
1.0
-13.75
12.0
14.75
2.75
5.125
-1.375
5.75
34.0
39.0
20.875
19.625
30.5
22.25
12.0
22.875
25.25
9.5
2.625
5.75
2.0
-6.125
-20.75
-29.125
-4.0
2.625
-17.625
-14.0
-17.625
-17.125
13.125
26.75
3.375
-6.125
11.0
21.5
31.5
37.875
36.375
23.75
15.625
16.375
15.25
8.625
6.0
16.375
16.875
12.75
-3.625
-16.875
8.875
31.5
19.875
-0.875
0.125
12.25
17.25
6.125
-11.375
-8.75
5.25
-7.0
-18.75
2.125
18.75
22.0
19.125
4.25
-6.0
0.5
7.5
-12.75
-22.5
3.625
11.75
12.875
6.0
-15.375
-2.75
-15.25
-33.375
5.625
6.5
-10.125
7.0
-1.875
-3.0
4.875
-18.0
-23.5
-2.25
-12.25
-42.875
-21.0
10.625
1.5
-3.75
-8.75
-13.625
-1.25
-13.5
-22.5
-4.375
-14.375
-26.875
-19.25
-13.875
-9.5
-10.0
-8.5
-6.875
-1.25
3.125
-5.75
-6.875
-5.75
13.25
17.625
3.875
22.0
14.125
-3.875
3.75
-12.0
-4.875
26.75
42.625
39.375
23.25
13.625
7.25
19.0
18.125
8.125
22.5
18.0
0.0
2.25
-9.875
8.125
56.25
49.5
34.25
30.125
24.625
36.0
42.25
25.375
13.25
20.125
27.125
29.625
11.125
2.875
32.625
36.125
12.375
1.625
3.5
4.75
16.25
26.5
21.625
20.625
13.625
19.0
32.625
21.625
6.625
-4.25
-11.0
-13.875
-37.5
-47.5
-8.25
-11.25
-37.625
-16.875
-7.5
-13.5
-14.375
-17.25
-27.0
-16.125
13.375
11.75
-3.125
-3.375
17.5
23.875
2.0
3.125
22.25
10.75
-10.5
2.0
13.375
-7.0
-8.0
32.5
34.875
-9.875
-10.0
14.0
11.0
8.125
3.625
3.125
-1.625
-3.875
16.25
29.375
17.5
-6.25
-6.875
-0.375
-6.125
-5.25
-0.125
0.75
-28.125
-27.125
19.0
6.625
-29.25
-19.125
7.5
13.375
11.25
15.0
14.5
10.0
6.5
10.375
2.25
1.375
16.625
3.625
-3.625
-7.25
-33.5
-32.5
-14.5
-41.75
-49.125
-5.375
-8.5
-37.25
-38.875
-25.125
-2.125
5.25
-19.375
-28.875
-7.875
-14.0
-11.875
5.0
-18.875
-18.5
22.75
27.5
-1.875
-14.375
-12.375
-1.5
6.5
14.375
23.375
14.75
1.0
-6.125
3.375
8.75
-8.25
-6.875
13.0
28.25
31.5
9.5
1.875
11.625
14.625
13.5
-1.0
-4.75
9.5
9.875
-8.75
-26.5
-8.75
18.375
-1.75
-11.25
11.875
6.0
7.375
48.875
45.875
0.625
18.5
52.625
24.25
4.25
10.5
13.75
18.625
15.125
11.0
0.375
-7.625
5.125
31.25
8.125
-22.0
-2.25
-21.75
-14.125
28.0
27.25
30.5
20.375
-11.875
-15.5
0.25
4.375
19.375
40.375
35.625
13.625
0.125
-12.375
-10.25
5.875
-18.75
-15.875
28.125
23.875
-9.875
-19.5
9.625
18.75
-8.875
0.75
16.75
6.75
5.625
-6.25
-9.375
-7.5
-21.375
-21.875
1.375
10.375
-6.375
7.375
2.875
-18.25
0.375
-2.125
-16.875
-22.875
-21.25
2.375
10.0
-11.0
-27.875
-39.75
-40.125
-3.5
7.875
-36.125
-47.5
-27.875
-33.25
-30.375
-31.5
-49.25
-36.5
-15.625
-34.5
-65.375
-43.375
-2.125
-8.125
-6.125
14.875
15.75
13.375
11.625
16.75
23.5
14.375
-23.0
-18.5
40.5
20.375
-5.875
-1.0
-16.0
-0.875
-3.875
-4.0
8.125
-12.125
-0.5
13.875
-0.375
11.75
22.875
12.625
24.625
34.125
13.25
11.5
19.0
16.625
28.125
17.375
26.0
55.25
29.0
12.375
21.625
18.5
8.75
16.75
28.875
28.375
22.375
13.75
13.25
16.375
37.125
37.125
22.0
21.25
19.375
18.0
2.375
-15.5
-2.25
6.0
-13.0
-3.75
20.625
6.0
-23.5
-26.5
-17.75
-8.125
6.25
18.25
12.0
-6.375
2.25
24.0
22.75
5.625
-16.0
-10.5
-1.875
-17.875
-23.125
-4.625
-1.875
-15.75
-3.25
13.75
-6.625
-20.875
-16.125
-14.0
-0.25
3.5
-5.125
14.0
30.75
19.25
16.875
20.75
9.75
1.625
8.875
11.625
1.25
-3.125
-6.125
-40.375
-38.0
20.875
17.375
-24.375
-19.5
-5.5
-4.0
-1.25
-8.75
-17.75
-22.625
-18.375
-23.5
-34.875
-18.625
-11.625
-13.25
-8.375
-10.375
-6.0
-4.0
-15.75
-9.875
12.25
5.375
-4.625
5.125
17.5
15.5
-6.0
-17.25
-28.25
-31.25
-20.375
-17.125
-23.125
-24.25
-10.5
-10.75
-16.625
-1.375
14.25
-5.0
-20.125
1.25
19.625
16.0
19.625
23.25
5.75
-0.5
14.875
6.625
-5.5
8.25
5.625
3.0
15.25
7.0
-10.5
-5.25
17.5
20.375
-3.5
6.875
45.125
49.125
40.5
51.25
58.75
36.75
25.625
38.5
38.75
13.875
-5.625
17.875
22.0
4.125
5.125
-0.375
-15.375
-1.625
17.0
18.875
15.5
19.375
41.5
43.125
21.625
14.125
13.25
19.625
26.625
16.75
0.5
-4.75
-0.625
6.5
27.25
20.25
-3.125
-12.125
-23.125
-17.0
-1.875
5.125
5.125
-2.25
-14.0
7.0
19.0
1.875
28.875
39.125
7.75
9.375
32.625
22.5
7.375
6.5
-6.125
-25.125
-26.25
-27.875
-46.625
-40.875
-18.25
-24.375
-41.125
-33.625
-22.75
-40.125
-59.875
-45.75
-31.0
-34.875
-37.0
-23.5
-17.5
-15.625
7.5
15.125
13.375
13.375
3.625
3.75
10.625
11.25
-11.0
-26.875
-17.875
-24.5
-32.375
-32.75
-43.5
-47.0
-14.875
1.5
-26.5
-32.0
-8.375
-13.125
-19.5
6.375
21.375
13.125
-8.25
-17.5
-9.125
-2.75
7.875
9.375
-12.375
-12.5
-3.875
-20.25
-9.25
11.25
6.375
-13.75
-36.5
-19.0
4.375
9.25
10.25
9.0
26.375
17.0
-5.75
-22.375
-40.75
-14.875
-5.375
-16.75
-11.25
-21.375
-14.125
2.375
-3.0
-19.5
-20.75
-19.125
-14.75
-24.75
-62.625
-46.5
-17.25
-26.5
-28.25
-24.375
-11.0
-0.125
-21.125
-30.25
-12.625
5.5
2.125
-0.75
-1.25
0.625
10.0
-5.0
-7.375
1.75
-3.125
-3.625
20.625
17.75
-21.5
-26.875
-31.0
-30.875
-11.625
-19.625
-22.5
-8.125
-15.625
-20.0
-2.375
13.375
21.125
19.625
8.25
9.5
9.0
9.5
30.25
19.625
-13.875
-16.625
7.0
19.375
10.125
4.25
7.125
0.75
-3.75
12.375
11.375
16.0
17.875
2.75
17.0
22.125
10.625
36.5
53.25
27.25
10.25
5.875
14.5
19.75
-24.25
-51.875
8.75
47.625
26.75
22.75
9.625
-8.75
3.0
13.625
12.25
9.625
11.125
-1.375
-9.5
2.375
4.375
-15.5
-10.375
6.75
10.375
16.75
-11.625
-20.125
-4.125
-15.125
-15.75
5.25
14.75
13.875
22.625
16.5
-14.0
-17.5
-0.625
-2.25
8.375
18.375
9.75
15.25
18.875
6.25
6.375
16.125
19.125
11.875
3.875
4.375
2.625
7.375
16.5
-6.0
-20.875
-9.0
-18.0
-14.375
10.875
12.625
-0.625
-1.0
12.25
16.75
0.125
-8.375
13.875
24.875
16.125
11.25
-5.375
-2.25
5.5
-8.625
1.375
-2.25
-18.75
-0.25
-10.25
-9.875
16.875
5.625
8.875
19.375
-7.0
-27.875
1.875
24.875
8.375
-3.0
-5.0
-4.875
2.5
3.375
-9.25
-22.375
-8.375
14.75
-6.375
-38.0
-47.875
-37.875
-23.0
-33.5
-47.5
-43.0
-29.875
-18.125
-7.25
-9.375
-6.875
5.625
-5.875
-11.0
-1.375
-8.375
-5.875
7.375
1.125
0.0
6.125
-19.25
-37.25
-20.0
5.25
0.25
-4.5
8.625
1.875
24.375
54.125
36.625
2.625
-4.625
15.375
19.625
16.25
23.75
24.375
25.625
19.125
0.875
-11.625
-10.0
7.875
11.875
6.75
-3.375
4.125
22.5
-1.25
-4.875
10.25
9.375
22.25
22.0
3.375
2.625
23.875
15.75
-11.875
0.625
8.0
12.625
11.625
-8.875
-0.125
8.75
11.5
2.75
-12.625
-1.375
-5.0
3.0
24.0
24.125
2.75
4.0
20.375
15.375
25.375
16.0
-0.5
2.25
0.625
0.0
-3.5
-22.25
-34.75
-23.5
-10.0
-21.125
-20.0
5.375
8.375
-2.375
-0.5
-2.375
-3.5
4.25
-1.375
-7.75
-10.75
-0.75
11.625
-21.125
-39.75
-16.625
-13.0
-14.375
-7.875
-16.875
-30.125
-36.375
-30.125
-24.375
-17.875
-18.0
-28.0
-10.875
5.875
4.125
3.125
-3.375
-20.5
-20.875
-7.5
-3.0
-23.0
-28.875
-1.875
2.875
-5.625
-4.625
-6.625
-28.5
-22.875
25.75
23.25
-6.75
-4.125
26.25
41.875
16.25
11.125
18.875
3.25
14.5
18.125
-10.875
-8.75
6.0
11.75
18.0
32.75
31.5
17.625
11.5
14.25
42.875
52.0
28.875
22.75
19.25
13.375
28.0
31.625
7.5
-5.25
-20.75
-19.75
-4.25
-5.5
17.0
21.5
-41.75
-29.75
40.125
17.0
-13.125
2.875
20.25
11.25
-11.0
-5.375
8.375
11.625
11.125
-2.875
-7.75
-7.25
-23.625
-6.5
11.125
-13.25
-26.125
-47.75
-74.375
-56.5
-45.625
-48.875
-47.5
-71.0
-56.25
-2.875
-13.375
-38.375
-29.0
-27.75
-24.75
-15.5
-8.5
-23.875
-35.125
-19.5
-22.625
-38.0
-38.0
-35.875
-23.625
-20.125
-12.25
-2.625
-16.875
-17.25
-3.375
8.25
17.0
1.5
-10.875
-4.75
-1.125
0.625
-3.875
10.25
29.125
5.0
-20.125
5.875
15.125
-22.75
-18.75
22.0
30.75
32.625
10.375
-19.625
-3.625
8.125
10.5
23.875
29.25
25.25
29.875
27.625
22.875
11.125
4.125
9.875
21.25
31.25
20.875
31.875
37.5
14.5
3.0
-2.25
-6.75
10.125
8.75
7.875
37.875
26.75
6.75
14.625
9.375
12.25
16.125
2.0
-9.625
-15.5
-14.125
-0.375
4.625
-8.125
-11.75
-15.5
-16.875
-23.375
-37.625
-24.875
-2.25
-4.375
-19.375
-10.375
0.25
-8.875
-8.5
0.0
7.25
4.125
-13.0
-23.375
-27.25
-26.0
-26.25
-16.875
-11.625
-20.5
-13.375
-14.75
-21.875
-25.875
-21.5
-29.0
-71.875
-46.625
16.25
11.875
-23.125
-31.75
-8.625
-9.75
-16.5
-4.0
-20.5
-38.5
-16.0
0.25
-19.125
-41.0
-28.125
0.125
1.5
-2.5
7.25
15.875
20.25
3.375
-11.875
-4.125
-3.125
-5.5
-11.0
-31.0
-31.75
-9.25
-8.5
-31.875
-33.5
-13.625
-8.125
-13.875
-13.75
-3.375
-1.75
-12.25
-7.875
8.0
11.0
12.25
1.25
-12.875
-1.0
13.375
18.75
8.0
-1.0
-10.5
-17.875
-6.875
-6.625
6.25
7.0
-8.75
3.875
21.75
17.75
21.375
9.5
-23.5
-3.25
7.5
-24.875
-46.125
-51.125
-52.875
-56.25
-53.875
-56.125
-46.5
-45.5
-46.875
-24.0
-28.25
-45.125
-37.75
-29.625
-37.125
-42.875
-30.625
-23.5
-14.625
-2.375
-13.0
-28.375
-19.0
8.375
-11.75
-27.375
3.25
-7.375
-10.25
2.0
-14.625
-14.375
-11.25
-16.875
-0.875
9.25
-0.625
-0.375
0.75
-11.625
5.875
17.125
-9.5
-1.25
10.375
-9.0
-16.75
-7.0
-6.75
-8.0
-0.125
4.5
-6.125
-7.0
27.0
39.0
8.5
-22.125
-11.0
22.125
16.25
-0.125
10.375
18.75
16.25
18.625
11.5
6.5
14.75
15.125
2.5
-19.875
-5.5
11.25
-19.375
-31.0
-10.5
0.5
-6.375
7.5
31.5
18.0
-11.875
-10.625
-2.125
-10.0
-7.25
-9.125
-11.75
-22.0
-38.75
-12.125
-12.875
-26.25
4.5
0.5
-1.0
-10.375
-37.375
-3.25
6.75
-22.125
-7.25
-1.5
-13.75
-14.25
-3.625
-6.75
-33.25
-28.625
-24.25
-34.375
6.0
18.5
5.625
13.5
-7.0
-26.25
1.375
15.625
-0.5
-5.875
-22.5
-19.5
0.5
-1.5
-11.625
-25.125
-36.5
-29.375
-18.625
-25.0
-23.125
-19.125
-26.125
-28.75
-11.75
-8.625
-37.375
-39.25
-5.625
2.75
-13.625
-12.0
-2.0
3.875
-7.625
-11.75
4.875
-3.875
-12.25
-16.0
-23.0
-14.75
-11.0
-21.25
-22.125
5.0
0.375
-16.125
-11.0
-22.125
-24.125
-15.625
-28.25
-42.0
-29.125
-10.25
-24.125
-34.875
-3.0
-12.5
-56.75
-56.25
-58.0
-34.5
0.125
-10.25
-31.125
-6.375
21.0
-7.0
-26.25
-19.75
-7.0
-10.125
-14.25
-23.125
-44.875
-50.75
-40.625
-35.625
-32.625
-20.375
-37.25
-46.875
-16.125
-13.125
-28.5
-22.75
-4.25
14.5
9.625
7.0
22.25
16.625
9.375
6.0
-15.75
-26.375
-21.125
-30.75
-39.625
-48.625
-61.125
-64.875
-72.125
-65.5
-51.625
-49.375
-50.125
-42.375
-31.625
-27.0
-17.625
-22.125
-35.5
-24.25
-28.0
-25.375
1.25
-20.375
-22.25
2.25
-8.0
0.75
16.75
3.0
-17.625
-27.25
-32.0
-40.0
-44.0
-17.125
1.125
-4.875
1.5
1.5
0.875
-12.75
-18.625
-12.875
-19.25
-7.25
-0.125
-10.5
-2.125
8.25
-3.25
-1.0
7.625
-16.5
-21.0
6.75
0.5
6.875
26.75
30.125
25.5
19.0
19.5
13.5
17.875
20.625
35.375
45.625
21.75
16.625
27.375
11.25
-10.875
-3.625
-1.625
-22.0
12.625
51.5
20.625
-7.0
-4.625
7.625
-0.625
-12.875
-1.875
1.5
3.125
14.0
18.25
9.5
-1.0
-4.875
-6.5
-18.75
-18.0
-1.75
-11.625
-21.5
-11.75
-13.5
-4.75
4.5
-8.75
-6.375
0.125
-13.375
-16.0
0.375
5.875
-3.875
-14.0
-9.25
3.0
-14.25
-19.25
-5.75
-21.0
-35.5
-27.25
-15.0
-32.75
-40.75
-25.75
-35.875
-43.125
-11.75
-10.25
-28.5
-11.125
-24.25
-32.25
-22.125
-25.875
-23.0
-24.75
-25.75
-18.25
-26.75
-30.75
-25.5
-31.0
-17.25
-5.625
-17.5
-28.0
-17.0
-15.75
-21.0
2.125
8.125
3.25
15.625
-12.625
-35.0
0.375
9.5
-8.625
-15.5
-10.875
2.25
2.875
-6.0
-22.5
-26.0
-31.375
-40.5
-17.875
-0.125
-21.5
-23.375
-2.0
-7.25
-7.0
-17.125
-25.75
-11.375
-1.875
10.375
5.0
-4.875
6.25
20.125
7.625
-16.5
-4.125
7.125
-6.125
-3.25
9.25
1.125
-14.875
2.375
20.375
7.375
7.75
-1.125
-18.25
-18.375
-24.875
-10.375
-14.25
-40.25
-33.125
-25.5
-37.5
-44.125
-39.375
-59.625
-76.5
-44.0
-23.375
-41.0
-36.5
-16.625
-18.5
-15.375
-3.875
-8.875
-21.0
-21.5
-15.125
-21.375
-24.75
-9.125
-7.25
-14.0
0.0
8.875
3.0
7.0
5.25
-8.75
-12.25
-11.0
-3.375
9.25
1.375
7.875
30.625
29.375
21.375
7.0
-1.75
19.125
26.375
4.625
8.625
21.125
21.875
29.875
24.625
18.375
28.5
15.125
-9.75
18.75
17.125
-23.0
-0.25
36.25
32.75
7.375
16.375
32.375
21.5
16.875
13.875
8.125
-3.5
-6.0
7.25
18.25
17.75
4.5
-0.5
6.375
6.25
-3.5
4.625
13.0
-2.5
1.5
3.75
-0.5
-7.25
-2.5
5.5
-4.75
1.0
6.0
-1.875
-8.875
-9.375
-7.5
-0.375
7.25
7.125
5.25
-1.25
2.625
16.25
22.5
12.75
4.625
13.25
0.75
-18.5
-6.0
3.125
-18.75
-13.625
14.5
9.75
-3.25
3.75
0.125
-11.375
-8.0
2.25
7.5
0.375
-6.75
0.75
-6.75
-8.125
7.125
-14.0
-17.0
9.625
-1.25
-13.625
1.625
3.0
-12.375
-14.5
-1.375
5.125
-10.625
-23.375
-20.625
-16.75
-8.5
-5.75
-9.625
1.125
11.125
-8.875
-20.875
-19.75
-7.0
1.875
-4.875
-19.125
-16.5
11.0
-2.125
-24.5
-5.25
12.75
2.125
-10.0
-7.5
3.25
2.0
-6.25
-13.0
-13.375
5.625
-7.875
-26.0
0.0
4.5
-3.75
-12.125
-7.375
-8.125
-14.0
20.375
40.125
30.75
19.875
11.0
-1.5
-2.125
-2.25
-15.125
-19.75
-12.875
-9.375
-17.5
-14.375
-19.5
-36.25
-23.875
-17.75
-15.75
19.875
19.5
-11.0
-1.125
8.5
-2.875
-6.75
-5.125
-5.375
-2.125
4.75
-9.875
-25.625
-25.375
-40.875
-36.125
-17.875
-23.875
-10.625
4.375
-21.625
-9.125
17.5
2.875
-12.0
-20.375
-23.375
-17.125
-10.375
2.5
1.125
-15.625
-3.125
32.5
22.625
-6.5
-11.625
-13.625
-6.125
-12.125
-6.375
7.25
-2.375
14.25
25.125
27.125
39.375
28.25
22.5
21.625
18.0
20.875
27.5
20.375
16.625
40.5
46.25
27.875
26.75
34.125
19.25
10.375
6.75
-1.25
8.75
1.625
-15.0
-7.25
3.25
14.125
22.25
7.25
0.625
7.875
-1.75
-23.5
-25.0
-1.875
4.25
5.625
-1.25
-10.875
18.25
24.375
9.0
11.375
6.875
8.625
10.125
-5.125
-25.625
-13.125
10.75
14.75
10.75
11.375
14.75
4.0
5.125
10.625
15.375
11.875
-5.5
3.125
19.0
21.5
14.125
3.875
11.25
9.625
8.5
5.5
-19.25
-39.125
3.625
40.375
2.625
10.125
28.125
22.25
35.125
19.375
3.5
7.875
-5.875
-11.5
-3.125
4.75
2.75
-14.875
-18.375
-12.0
-15.5
-22.875
-37.375
-3.875
20.875
-13.875
-12.125
5.125
-17.25
-47.125
-43.375
-5.125
11.625
-10.875
-4.125
-0.75
-26.75
-27.0
-25.625
-36.125
-34.625
-12.125
9.875
-4.375
-24.75
-22.0
-13.625
-19.375
-24.875
-3.75
7.625
-11.5
-11.25
22.875
17.375
-12.875
3.125
20.0
2.25
-1.375
13.25
16.875
20.75
11.625
-1.625
12.875
32.125
27.75
19.25
20.75
18.75
19.875
11.75
-3.25
-2.875
-2.625
5.0
6.375
7.375
13.625
8.375
7.25
-4.25
-6.0
10.5
6.625
5.125
9.5
8.75
23.0
16.5
-1.875
2.5
0.0
-13.625
-24.5
-28.25
-35.25
-10.0
33.625
28.375
4.25
-17.125
-12.125
3.0
5.25
2.625
-20.125
-29.75
-16.875
-6.25
7.25
6.375
-24.875
-30.75
-5.75
-3.0
-29.25
-38.75
-35.0
-43.5
-6.875
31.875
31.125
19.75
6.75
8.75
4.125
-4.125
-2.5
-8.0
0.625
10.5
-10.0
0.125
17.0
-4.375
-6.875
5.75
-16.375
-34.0
2.25
46.625
40.75
8.875
9.625
25.375
14.625
-1.125
9.875
24.75
10.0
-5.125
5.375
-5.75
-20.5
5.625
16.125
16.375
27.5
7.375
-9.375
15.375
10.0
-0.875
18.75
15.25
9.0
29.875
24.75
13.125
23.5
22.25
12.375
6.0
20.5
23.875
0.0
-15.875
-9.0
11.875
16.75
9.625
0.5
7.5
39.25
39.375
19.125
17.5
30.875
38.375
20.125
-16.875
-31.875
-22.625
-37.875
-42.625
-35.25
-36.875
-28.0
-18.625
-15.375
-19.875
-51.375
-94.75
-49.75
9.375
3.625
-19.5
-27.25
3.5
-6.125
-22.125
-11.5
-15.625
-17.75
-27.625
-35.25
-17.5
-2.25
-11.5
-17.5
-5.0
7.625
0.75
12.125
40.875
12.125
-25.625
-10.25
5.25
12.125
17.25
20.375
19.625
4.25
-1.5
7.25
-1.25
3.0
26.25
-1.0
-39.875
-24.25
6.125
25.75
29.125
9.25
-18.125
-8.375
19.75
21.0
23.125
15.125
3.125
5.5
9.0
17.75
-0.375
-7.375
26.25
32.75
12.75
10.625
11.75
-6.25
1.125
13.75
6.375
-0.5
-0.25
18.75
13.5
-23.375
-40.5
-14.375
8.125
-15.0
-31.125
-9.25
22.75
23.25
7.625
10.0
-3.25
-13.5
12.5
16.125
-18.5
-18.5
-5.75
-26.75
-41.75
-20.875
-1.875
-12.125
-11.0
-9.125
-52.0
-57.125
11.625
39.125
25.375
12.25
-2.625
-6.625
-5.625
-12.375
-21.0
-7.25
9.125
1.0
-15.0
-19.0
-9.625
-23.75
-20.625
-2.25
-2.25
16.625
-0.5
-43.0
-54.25
-36.75
-8.5
-8.0
-31.875
-31.75
-19.5
-19.125
-5.375
4.75
-2.625
-9.75
-5.25
-2.25
-9.5
-16.0
-43.375
-50.75
-14.625
-10.625
-1.75
17.875
7.375
16.0
10.625
-31.875
-22.75
1.5
-7.25
-10.125
-18.25
-14.875
4.25
9.875
3.125
-5.625
9.25
20.375
9.75
-4.0
-36.625
-66.25
-46.75
-16.625
-2.875
13.75
15.25
4.0
5.25
16.25
16.125
-4.0
9.875
44.25
36.25
-5.125
-39.25
-10.0
9.25
-0.5
-0.125
-17.75
-14.25
1.25
-7.0
-9.5
-18.5
-46.125
-45.0
-17.5
-28.125
-46.875
-16.875
-1.0
-16.625
-30.25
-36.25
-19.625
-23.75
-55.125
-46.5
-26.75
-36.625
-35.5
-21.875
-16.375
-2.0
10.75
20.25
25.625
12.375
7.5
10.625
2.25
-0.125
-12.75
-43.25
-48.25
-26.625
-27.5
-50.875
-37.0
-15.75
-42.25
-65.0
-66.125
-38.375
-20.625
-33.0
-17.875
-1.875
-4.5
-19.5
-16.875
-10.75
-11.625
-3.875
-2.75
-6.75
-0.25
0.625
-21.75
-17.375
-7.375
-25.625
-18.0
-1.625
0.5
-18.875
-10.875
20.0
4.0
-0.25
18.75
21.25
22.75
12.625
-0.5
8.875
10.5
3.75
1.75
-7.0
-19.375
6.75
33.25
17.625
9.625
16.125
7.25
16.25
27.125
16.125
40.125
50.625
18.0
6.5
18.25
39.75
40.625
31.75
30.625
14.875
15.125
20.75
8.625
-14.375
-13.375
1.75
-7.875
-0.375
17.0
36.25
27.125
-7.875
0.625
18.625
8.875
14.0
14.25
-8.625
-25.875
-26.75
-3.5
4.75
-14.875
-14.0
-2.5
-15.125
-35.125
-37.875
-29.25
-5.25
18.125
6.125
-16.0
-34.25
-33.0
-9.5
-4.0
-21.75
-26.0
-13.125
-9.625
-11.125
-13.25
-27.875
-38.0
-25.375
-32.625
-37.25
-34.625
-43.0
-22.75
-11.875
-13.25
-0.375
2.625
-2.625
-10.125
-7.5
7.375
21.375
10.375
-17.125
-26.875
-14.625
-8.75
-19.375
-26.375
-27.5
-17.125
-11.5
-25.875
-10.875
5.75
-15.5
-36.375
-30.75
-12.125
-12.625
-9.5
12.0
24.75
10.375
-15.0
-10.0
6.0
-3.875
-3.625
8.375
-6.125
-23.0
-5.0
15.875
2.5
-17.875
-23.5
-6.125
4.75
0.5
-7.25
-21.125
-19.375
-14.125
-11.375
-13.5
-22.625
-31.5
-39.625
-9.0
21.625
-0.125
-12.75
15.125
23.25
-3.375
-9.625
0.375
6.25
-3.375
-7.125
14.0
21.0
17.0
21.875
15.875
-4.0
-10.75
8.125
11.0
-22.375
-9.625
15.125
-26.25
-35.25
-4.375
7.75
5.625
-1.25
-0.25
7.875
19.25
17.75
13.875
18.25
15.0
2.375
6.875
7.625
16.125
40.5
8.5
-41.5
-25.875
1.625
-4.125
-21.375
-28.625
-29.0
-36.25
-38.875
-36.625
-54.875
-69.125
-45.75
-17.375
-41.25
-60.0
-24.875
-26.25
-41.375
-21.5
-1.5
9.5
16.75
26.875
40.875
37.875
24.75
22.125
29.125
38.125
30.125
11.75
26.125
27.625
-3.25
10.5
25.25
8.625
9.5
7.375
-14.375
-20.5
-16.5
-13.625
4.25
7.25
-0.125
10.25
22.25
27.75
25.0
20.25
16.125
-1.875
-4.375
33.5
39.375
16.625
25.875
35.25
24.25
13.25
-2.75
5.625
22.125
9.375
18.875
28.375
17.875
14.125
9.5
0.625
-2.375
-6.625
7.5
32.5
23.25
18.5
13.375
3.125
24.875
34.75
13.0
-14.5
-17.5
3.375
28.0
32.5
4.75
-17.625
-11.5
-12.25
-33.375
-43.5
-51.25
-43.25
-20.25
-0.75
13.5
9.125
9.375
23.25
25.375
20.875
17.0
8.0
1.75
-15.625
-20.0
-2.625
-1.375
-15.625
-9.625
-7.125
-3.875
1.875
-14.5
-22.75
-31.25
-11.0
16.875
-4.625
-20.875
-22.875
-25.625
-29.625
-30.0
-11.375
-1.75
0.875
-6.25
-24.125
-21.75
-5.125
-0.625
-10.25
-25.875
-28.875
-24.125
-26.875
-31.375
-18.0
7.625
14.75
9.0
-2.375
-0.625
12.25
5.0
-14.125
-20.25
-16.25
-19.875
-5.75
19.875
-0.5
-17.75
9.5
-3.875
-42.75
-34.5
-2.875
22.125
16.625
-5.125
-1.5
3.5
0.5
-12.875
-50.5
-59.375
-32.0
1.125
4.125
-16.625
-12.875
4.75
6.125
8.75
10.125
-10.125
-7.75
-1.0
-14.5
-30.75
-17.25
6.375
-14.25
-25.75
-30.125
-58.0
-37.625
-13.875
-31.5
-13.875
27.875
16.375
4.0
18.0
9.25
16.0
17.75
-4.0
-1.0
5.75
-9.0
0.0
-18.75
-54.875
-19.625
-6.25
-27.375
-18.0
-14.375
-24.125
-14.625
2.875
4.0
16.875
23.0
15.25
16.25
16.75
22.625
22.0
13.875
6.0
5.5
15.875
25.0
4.375
-17.0
-2.625
-1.875
1.75
28.375
17.625
-9.875
-2.625
13.625
18.625
21.75
15.125
12.625
24.25
9.0
9.125
18.5
-7.5
-4.125
8.75
-2.25
-10.0
-15.0
-19.875
-21.875
-12.625
-7.0
-15.75
-26.0
-32.5
-25.25
-13.5
-21.25
-34.0
-33.5
-20.5
-12.625
-35.375
-45.375
-10.5
3.875
-13.375
-12.625
-14.125
-34.875
-32.75
-7.5
2.875
-17.125
-31.375
-5.625
7.375
0.75
15.125
21.625
18.0
11.0
-1.5
1.125
1.375
-3.25
0.25
-5.375
-13.25
-2.5
1.75
-18.0
-30.625
-14.125
-2.125
-22.375
-5.25
22.5
18.375
7.625
-3.125
1.0
9.625
11.0
6.75
17.125
30.5
34.25
16.125
16.625
34.0
20.25
12.375
18.125
25.75
20.75
-1.0
-14.25
-12.875
-10.0
-1.125
10.875
7.625
11.5
10.75
-20.0
-19.25
24.625
30.25
5.5
-8.125
-11.125
-11.625
5.75
30.0
14.125
-7.125
-2.875
1.375
6.375
13.625
8.5
-0.25
-5.75
-4.5
3.125
6.875
1.75
-7.75
-13.75
-3.0
10.25
3.25
1.75
8.375
-0.75
-13.25
-4.0
13.25
6.125
-4.125
4.375
1.25
1.25
0.625
-2.25
9.875
12.75
14.375
5.625
-17.375
-33.25
-38.75
-25.875
11.0
21.125
-0.75
-0.625
3.25
9.625
11.25
-16.25
-30.0
-18.375
-14.0
-20.75
-17.625
-7.625
-11.75
-36.375
-47.5
-13.25
3.125
-17.75
2.875
34.0
5.625
-17.875
-1.625
13.75
14.875
3.125
-2.5
5.625
7.875
10.875
12.625
-0.25
-9.875
-25.625
-23.625
-11.875
-27.875
-16.875
6.5
11.375
-5.375
-26.5
-10.0
16.625
28.875
28.375
17.125
12.875
18.75
10.5
11.625
10.875
-6.0
-2.875
-16.625
-36.0
-8.75
17.875
22.0
4.625
3.0
31.75
39.0
28.875
17.625
12.75
5.375
-6.125
-2.0
1.875
-11.75
-22.25
-29.75
-30.5
-16.125
-5.0
-9.875
-1.25
6.75
-9.875
-5.875
7.75
-3.25
-10.625
-7.25
-17.25
-18.625
-6.625
-11.75
-13.75
-3.375
6.75
5.875
-18.25
-24.25
-27.125
-49.0
-43.0
-19.75
-16.625
-33.625
-31.125
-17.25
-32.0
-36.25
-24.5
-14.25
-1.0
-5.125
-6.5
-7.875
-22.5
-10.25
16.125
26.5
25.125
7.375
-6.875
2.375
7.125
4.625
6.125
-9.625
-25.125
-23.125
-19.75
-12.375
-8.75
-3.75
7.875
16.75
27.25
25.125
13.375
1.125
-2.375
19.625
29.125
16.625
11.375
18.875
8.625
-2.375
6.375
3.25
-10.125
-18.25
-15.125
-5.625
18.75
30.625
15.875
22.75
31.125
11.375
-7.75
-19.625
-5.125
9.0
1.25
-0.625
6.875
24.75
22.375
-21.0
-44.5
-19.875
-15.875
-33.875
-15.875
10.375
19.875
12.5
6.25
7.125
1.625
4.375
12.25
8.5
3.625
16.5
8.5
-19.125
-20.625
0.875
11.375
-16.625
-25.375
-24.25
-28.25
4.75
16.625
15.875
44.75
60.25
43.25
26.75
27.625
13.75
8.5
16.375
5.0
-3.125
-5.5
-8.875
-16.25
-23.125
-31.5
-33.625
-22.375
-39.75
-44.0
-36.25
-56.625
-29.625
-1.875
-5.0
5.0
5.125
-17.875
-49.375
-42.75
-3.5
-5.125
-31.125
-23.0
-6.25
-9.625
-17.875
-30.5
-33.875
-14.625
-7.5
-2.0
4.875
4.875
14.25
14.875
2.5
-10.625
-19.0
-19.125
-15.125
0.25
8.125
-3.75
-6.625
-3.625
-1.375
8.0
16.875
23.875
34.375
27.125
14.75
43.375
54.375
15.0
-15.375
-1.125
2.625
-10.25
14.75
29.0
11.75
5.875
-0.375
-12.25
-17.5
-14.125
3.0
0.25
-18.625
-19.5
-7.125
-8.875
-29.125
-47.625
-29.0
23.75
38.125
11.75
8.875
25.0
35.75
31.5
20.75
15.0
12.25
18.875
27.25
27.375
21.5
14.125
17.375
23.25
24.625
18.375
11.75
9.625
-5.5
-2.5
5.0
-0.875
6.375
5.25
-11.375
-8.25
8.125
13.5
-12.625
-28.125
-7.75
2.25
10.0
-5.875
-39.5
-29.5
-16.125
-21.875
-34.0
-29.375
-6.625
-22.375
-49.875
-47.0
-40.125
-34.375
-17.75
-7.625
-24.25
-42.625
-18.875
16.25
6.375
-23.25
-23.25
-8.75
-9.625
-14.875
-19.5
-18.0
-4.0
-7.0
-19.625
-19.625
-21.25
-32.0
-36.625
-27.75
-14.5
-18.375
-33.25
-17.75
-2.625
-9.875
-20.25
-7.125
13.375
12.625
10.375
-8.625
-7.125
9.625
4.75
-1.0
1.75
11.25
8.375
-1.5
0.125
-8.375
-42.125
-46.875
-22.0
-29.75
-29.125
-5.625
21.375
20.625
-6.125
-14.5
-24.375
-16.375
0.75
-21.375
-33.375
-14.0
-14.25
-29.25
-25.375
-21.625
-38.875
-47.25
-43.625
-32.625
-10.75
-8.875
-22.5
-18.5
-5.5
1.5
-5.5
-12.5
-23.25
-20.75
-17.875
-23.625
0.25
3.0
-17.0
-24.75
-31.5
-19.5
-8.625
-18.875
-31.25
-27.0
-16.625
-28.375
-20.625
4.75
-12.625
-30.875
-4.25
14.375
4.5
4.25
5.0
2.25
-11.0
-45.125
-26.625
15.875
-3.75
-27.75
-15.5
-21.0
-12.875
13.875
-18.625
-27.0
-2.25
-12.75
-14.125
-3.5
-5.875
-10.25
-21.625
-24.375
4.375
11.5
-17.625
-20.875
4.375
7.375
-7.75
-15.75
-12.625
-2.75
5.625
-0.125
-19.125
-25.625
-2.625
15.75
13.0
21.75
32.875
14.0
-3.0
-3.5
1.375
-0.625
0.625
5.0
-4.5
-0.75
8.375
-7.375
-37.0
-29.625
-5.75
-10.0
-16.0
-7.625
-9.375
-12.0
-8.25
-5.5
4.75
6.25
8.0
9.625
9.0
6.625
-3.0
-3.25
-4.25
-15.25
-10.875
9.375
-0.125
-16.125
-8.875
5.25
25.875
30.375
23.25
26.75
19.75
15.875
24.625
16.875
-0.5
-9.125
-21.25
-55.0
-74.0
-59.875
-41.375
-20.25
-10.75
-20.5
-18.75
-16.625
-42.125
-55.75
-31.75
-18.625
-31.625
-25.75
-8.125
-4.625
2.25
0.875
15.25
9.5
-16.75
8.75
3.125
-11.25
4.0
2.5
-5.875
-11.25
0.375
-5.0
-0.5
20.625
6.75
9.25
23.625
25.625
12.625
-8.875
-16.625
-26.0
-33.0
-36.375
-21.875
21.5
33.25
3.0
-2.0
12.75
3.625
-10.25
-3.5
24.125
4.375
-20.875
22.0
40.75
13.25
13.25
19.5
12.0
6.75
-4.125
-7.75
-20.25
-19.625
9.25
-4.75
-25.5
6.25
24.5
11.0
9.125
10.625
11.125
14.875
16.875
12.125
8.5
8.5
-3.125
-6.125
-4.875
-18.25
-3.5
25.0
23.625
16.875
28.0
23.75
9.625
8.375
-3.5
-10.375
-7.625
-7.625
-12.5
-20.25
-8.0
1.125
-17.875
-31.25
-12.75
4.5
6.375
19.0
7.5
6.5
33.375
20.625
12.875
26.0
15.625
2.0
-11.125
-16.75
-16.375
-10.375
-6.0
-36.125
-40.375
-25.25
-21.125
-20.25
-31.875
-17.0
1.875
-22.875
-43.0
-19.0
8.75
3.125
-8.875
-10.5
-5.125
0.375
-12.5
-25.75
-18.125
3.125
10.25
-5.5
-14.625
-11.625
-4.375
-17.75
-25.625
16.0
26.25
2.125
1.0
5.875
-0.375
-13.125
-16.625
-5.875
4.5
4.75
-11.75
-11.625
4.375
-8.125
-24.625
0.75
28.5
14.75
10.75
15.875
11.5
12.375
2.625
-9.75
12.0
29.375
12.25
1.375
5.75
11.375
16.75
15.0
-11.375
-10.125
7.5
-11.0
-30.75
-7.5
9.75
-15.0
-21.375
-11.875
-4.625
-4.75
-1.0
13.375
-0.5
-12.125
-1.875
-9.375
-30.625
-39.125
-35.375
-25.25
-35.875
-45.25
-32.125
-39.5
-50.375
-27.625
-20.0
-32.0
-26.375
-21.125
-28.125
-27.25
-16.0
-24.625
-18.875
-8.625
-26.625
-34.25
-22.625
-26.625
-41.75
-51.125
-57.875
-46.75
-25.625
2.375
8.75
-22.25
-31.875
-4.625
-7.125
-27.625
-20.375
-11.25
1.125
9.0
-11.125
-17.0
-2.75
-12.625
-17.5
-15.125
-29.375
-35.5
-33.625
-20.25
3.5
1.0
10.125
20.0
13.625
32.625
37.125
9.5
10.125
24.875
18.875
26.625
46.125
42.625
38.0
36.875
24.875
22.75
25.25
31.375
33.0
11.25
-0.5
0.75
-26.875
-41.75
-7.0
36.875
55.25
49.25
44.5
31.0
14.375
24.75
41.125
32.0
11.75
18.75
20.75
5.5
5.625
8.5
10.875
16.25
19.125
1.875
-17.5
1.625
14.375
-7.375
0.0
18.125
1.5
-1.0
20.875
20.75
7.875
-1.125
-12.25
-23.625
-23.125
-20.125
-26.375
-26.0
-2.0
10.625
-5.875
-9.125
-2.75
-8.25
-12.875
-1.0
-0.75
-17.625
-12.0
-12.75
-9.625
7.5
8.375
10.375
-2.625
-23.75
-17.375
-5.125
-31.25
-67.75
-52.125
11.25
24.125
4.25
12.125
17.25
3.75
-13.625
-7.125
3.125
1.0
-13.25
-36.0
-33.75
-12.5
-20.5
-38.5
-13.875
1.125
-15.125
-23.75
-28.625
-34.875
-29.125
-16.125
-24.5
-28.625
-26.25
-40.75
-34.0
1.0
18.0
7.5
8.75
15.875
10.875
-7.5
-3.0
29.0
24.875
19.5
34.375
26.0
20.125
25.875
30.0
31.25
10.25
4.625
17.75
24.75
11.5
1.0
36.0
47.375
24.375
11.375
10.375
15.5
14.0
11.75
26.875
36.375
34.125
40.625
26.125
19.0
36.5
17.25
5.25
38.375
28.25
5.375
31.125
28.875
-13.0
-15.875
10.0
14.625
0.75
-4.0
7.0
6.625
1.0
-10.375
-4.5
6.5
-2.5
6.5
24.125
30.875
20.5
18.0
20.75
7.375
-11.5
-14.0
9.5
31.75
21.375
-15.0
-18.5
6.625
-10.625
-33.875
-11.0
13.5
-1.125
-35.0
-24.5
19.625
13.875
-20.75
-22.375
0.375
3.75
-15.375
-15.625
-18.875
-29.75
-21.0
-31.25
-26.125
14.0
12.375
-4.625
-9.0
-4.625
-10.5
-9.875
3.125
4.625
19.625
8.625
-11.0
-8.125
-8.625
-5.25
-6.25
-5.375
11.75
13.125
1.75
-16.5
-11.625
22.25
12.875
-17.25
-11.125
1.625
-0.375
-14.125
-13.5
4.125
-4.0
-9.0
13.25
7.125
-16.625
-4.5
2.625
-14.0
-5.375
0.875
-2.125
12.625
17.375
11.5
10.625
7.5
-3.0
9.125
25.75
0.375
-10.125
3.375
-2.125
-13.5
-24.375
0.875
18.625
8.0
25.125
31.25
17.5
17.25
40.625
62.25
40.125
15.5
29.375
38.75
22.625
27.75
37.0
24.375
24.75
26.75
22.375
-3.375
-8.25
31.25
16.375
-11.0
13.0
34.625
33.75
25.25
20.625
12.125
4.125
10.5
18.25
17.875
-1.0
-8.625
3.25
-6.5
-20.0
-16.375
-11.0
-13.625
-22.5
-14.5
-6.875
-15.75
-14.75
11.125
28.5
-1.5
-7.75
22.375
28.75
9.875
-7.5
10.5
20.0
-9.625
-16.75
1.125
12.375
10.375
-12.0
9.25
47.625
18.875
21.625
46.25
14.0
-5.75
2.25
17.375
40.125
24.125
7.375
8.625
6.375
29.0
35.75
24.0
9.0
2.5
9.375
13.25
32.625
42.375
29.5
18.625
18.375
14.75
8.125
26.75
24.125
3.0
3.75
-3.625
-14.875
-16.625
0.625
20.125
22.75
24.0
27.5
40.75
49.25
43.125
24.375
7.625
31.25
44.375
21.75
14.875
10.75
12.25
25.125
18.0
-6.75
-20.5
12.125
31.375
17.625
14.5
-0.125
-14.5
-18.625
-14.375
-12.375
-19.5
-16.125
6.875
-6.75
-27.0
-15.5
-15.0
6.5
19.625
5.25
-6.125
-13.875
-0.625
9.5
5.875
-5.375
-12.5
-19.125
-30.75
-39.25
-48.75
-46.25
-46.625
-46.375
-25.375
-34.25
-52.0
-50.125
-22.625
13.25
0.125
-12.0
10.625
31.125
20.875
6.5
11.0
20.0
17.25
-15.0
-27.75
-1.125
5.625
-3.0
-4.625
-15.25
-18.75
6.375
10.5
-14.375
-3.125
20.375
15.375
18.875
16.125
-16.0
-2.5
27.5
21.0
22.5
11.125
-6.0
2.375
-1.75
-17.25
2.875
16.5
3.375
9.0
13.5
14.5
20.375
18.875
10.25
14.125
22.125
34.625
40.75
19.125
11.5
19.25
16.5
16.875
29.625
30.25
26.625
15.375
9.625
14.75
-5.375
-18.75
-0.75
8.5
9.125
10.25
13.125
1.0
4.5
36.75
12.875
-9.125
15.75
15.0
-3.875
2.25
16.125
12.875
-5.375
-8.375
-0.875
-3.625
-9.75
-11.125
-3.5
-7.125
-14.625
-14.75
-32.375
-22.75
3.0
-23.0
-27.125
3.375
-15.25
-11.25
12.125
-1.0
-17.75
-34.25
-32.625
-17.875
-4.5
-3.875
-9.5
1.75
12.625
-4.875
-35.125
-39.125
-19.875
-8.25
3.125
9.0
-5.875
-7.875
-8.625
-21.625
-19.5
-19.75
-36.25
-29.5
-12.125
-13.5
-14.125
-15.375
-12.75
-2.25
-0.375
2.0
8.625
9.0
-8.75
-11.25
11.75
19.5
19.75
16.125
3.0
7.125
27.125
27.125
27.0
21.75
1.75
-4.625
11.0
29.125
14.5
-6.75
1.625
-7.875
-7.75
23.125
10.625
-15.625
-11.5
-4.75
-14.625
-15.75
-7.625
-2.625
-6.75
-6.375
8.75
13.625
7.375
-18.625
-7.5
20.25
4.75
1.125
2.0
1.375
11.625
-7.125
-40.125
-20.875
4.5
-4.25
-3.5
-3.375
11.125
24.625
-5.0
-12.625
14.375
23.875
1.875
-9.375
-2.125
18.0
42.0
32.375
20.625
20.25
28.75
26.125
14.625
26.125
25.0
4.25
5.25
12.875
15.375
15.625
10.0
20.125
20.125
11.375
17.625
13.5
10.375
11.25
1.5
-2.625
19.25
46.375
43.125
25.125
4.375
-1.875
16.5
29.125
18.75
17.875
28.625
6.5
-9.25
-2.875
-0.375
-3.375
-7.25
12.125
9.75
-10.375
22.0
38.875
3.75
-13.375
1.875
0.0
-0.25
26.5
19.5
-3.875
-4.125
1.375
9.25
15.375
7.625
-13.25
-12.25
6.375
-9.625
-14.0
20.875
20.125
1.0
15.625
15.25
32.375
55.375
14.25
-21.125
-32.5
-42.5
-37.125
-16.75
-29.0
-45.125
-41.0
-50.375
-51.25
-53.0
-79.875
-89.75
-51.0
-29.25
-48.0
-50.75
-40.25
-39.5
-41.75
-35.375
-17.75
-10.625
-16.5
-13.875
-19.875
-24.0
-15.875
-26.5
-36.875
-39.5
-54.375
-53.5
-40.125
-48.75
-42.0
-29.0
-29.625
-33.0
-44.75
-42.5
-25.625
-10.5
-14.625
-25.25
-27.0
-22.0
-18.25
-30.0
-35.875
-24.875
-21.125
-23.375
-28.625
-38.875
-19.75
2.0
-20.625
-29.5
-19.125
15.75
22.125
-17.25
-13.5
2.5
8.125
9.75
-3.375
-7.25
-4.875
-15.375
-16.875
-10.25
-8.5
3.625
-0.625
-21.125
-24.25
-30.125
-28.0
-25.125
-34.75
-29.875
-29.875
-29.75
-9.625
-14.75
-26.25
-20.75
-23.25
-26.875
-30.25
-40.625
-29.875
11.625
13.75
-18.0
-21.75
-9.25
-12.25
-24.5
-12.625
-4.75
-17.125
-42.0
-51.25
-23.25
-21.625
-35.875
-40.0
-18.75
4.625
-14.75
-29.75
-43.375
-54.625
-27.75
3.375
2.75
-7.25
-9.0
-11.75
-8.125
-5.5
-3.875
-8.25
-20.5
-23.625
-22.875
-1.125
13.25
5.375
11.875
0.875
-23.5
-9.625
-12.625
-58.75
-57.625
-31.25
-14.125
3.375
-8.625
-9.25
5.625
-1.25
4.875
19.25
8.125
4.125
21.625
36.125
32.875
12.875
-9.75
-11.875
-14.375
-31.875
-15.25
9.25
-5.625
-16.625
-19.0
-29.0
-34.0
-49.0
-50.375
-32.875
-9.5
3.25
-12.0
2.875
24.25
18.875
34.0
34.25
11.5
4.125
-4.75
-13.625
1.125
12.5
-4.375
-8.5
5.5
20.875
39.25
24.75
5.0
-2.25
-17.5
-15.75
4.5
28.0
32.0
14.5
15.25
34.5
22.75
0.375
9.125
10.0
-8.375
6.5
25.875
16.25
0.25
0.125
8.875
5.0
7.125
7.0
-5.75
-6.375
8.375
15.75
13.375
11.875
1.0
-15.5
-11.625
3.375
0.125
16.375
12.875
-25.75
-9.125
13.875
-6.25
6.75
25.5
-1.875
-23.875
-34.75
-35.0
-19.875
-11.75
-21.0
-30.25
-25.5
-11.125
-14.875
-21.625
-17.25
-19.25
-15.375
-27.625
-19.25
17.5
9.875
-6.5
-9.375
-13.75
-10.125
1.125
8.75
8.875
1.5
-7.0
1.0
10.25
6.75
4.375
7.25
5.625
-4.25
-19.375
8.625
35.5
-2.75
-14.5
1.25
-8.625
-14.5
-31.0
-20.875
-6.875
-36.625
-37.25
-20.25
-34.25
-49.75
-23.75
4.125
-22.75
-63.375
-52.0
-32.375
-39.375
-56.125
-58.625
-34.0
-21.25
-44.25
-38.0
-2.75
-22.0
-50.875
-40.75
-28.125
-39.25
-49.75
-43.5
-35.125
-39.625
-41.875
-13.25
18.5
4.75
-33.25
-22.25
3.625
-16.875
-20.375
-18.0
-30.0
-26.0
-4.75
7.0
-17.75
-6.5
38.5
24.25
-14.0
0.875
31.5
26.875
7.25
0.375
8.875
-0.125
-39.25
-26.25
20.25
41.375
45.5
25.375
-6.75
-8.125
21.125
34.125
35.875
33.875
28.75
36.5
37.0
30.875
15.5
-4.0
-1.125
3.0
10.5
23.125
32.875
2.625
-22.75
8.5
35.125
39.5
26.375
28.375
34.75
16.25
12.625
17.0
26.5
30.125
14.5
9.75
4.125
13.375
36.625
29.5
11.5
8.25
8.375
8.0
8.375
3.25
11.25
33.125
31.25
32.0
36.875
34.0
20.875
-0.875
18.125
40.75
20.875
18.875
22.625
-1.5
7.75
30.875
36.75
39.75
39.5
28.0
18.375
18.125
16.875
27.5
42.125
27.25
15.375
41.125
45.5
23.875
24.875
32.0
28.5
21.75
0.625
8.75
39.625
17.875
-0.75
29.125
27.25
8.5
32.0
48.625
40.25
31.0
19.625
10.5
11.375
5.375
11.625
46.125
55.375
40.125
37.75
37.5
34.75
10.75
-14.75
14.875
35.5
12.75
23.75
47.125
37.125
25.875
30.75
34.25
31.5
41.0
45.125
47.125
44.25
38.375
41.0
23.25
-0.625
8.875
25.875
22.5
41.0
46.875
28.375
32.0
24.5
25.125
42.625
46.5
31.5
24.75
16.375
3.5
28.5
44.125
15.375
9.0
30.25
21.25
7.75
6.875
3.625
35.5
63.5
57.625
52.875
23.625
8.625
28.0
21.5
5.875
15.25
43.625
41.75
-7.5
-19.25
11.0
13.0
7.5
30.125
53.625
41.875
29.0
38.75
37.75
37.125
27.5
16.875
50.875
52.0
14.125
37.875
55.875
9.75
-6.625
12.0
22.75
24.25
11.75
20.5
29.5
10.0
-2.625
-1.625
-1.5
10.25
7.625
-21.375
-26.375
-8.0
5.125
5.0
-11.375
-4.375
3.75
-15.25
-12.875
7.5
4.75
-18.75
-39.75
-45.75
-19.0
-20.25
-18.25
19.0
6.5
-11.375
-5.75
-22.125
-2.0
15.875
-19.0
-18.125
-4.25
-9.25
-20.25
-29.125
-6.0
7.25
-16.625
-12.25
16.0
10.5
-6.875
-10.25
-4.5
-1.75
-1.0
-4.75
-15.125
-1.5
0.125
-19.875
-20.5
-24.0
-33.625
-9.5
-13.375
-33.375
-6.125
-11.0
-32.625
-14.875
-8.375
-16.125
5.125
32.625
20.375
-11.125
-4.5
16.875
26.25
33.75
23.75
26.5
15.875
-7.625
-3.25
-9.5
-16.375
-15.75
-27.5
-30.0
-21.5
-31.375
-40.625
-33.875
-32.375
-33.75
-10.75
12.125
-3.0
-12.0
25.125
46.0
32.25
21.125
27.75
28.5
11.625
0.875
-6.625
13.875
36.625
20.5
-22.0
-44.625
-20.5
-8.875
-22.5
-29.875
-44.125
-51.375
-27.0
-30.25
-33.5
30.0
35.625
4.75
16.5
4.75
-17.125
-25.125
-15.625
3.375
3.25
5.75
4.0
-5.375
-6.75
-6.125
-12.375
1.25
16.875
-3.875
-21.25
-10.625
-4.5
2.0
23.625
18.0
-0.625
-4.375
-5.875
-5.125
-1.25
9.875
22.25
21.375
30.0
31.125
14.0
19.5
30.625
30.5
10.125
-9.0
4.5
4.625
7.125
26.625
25.0
29.5
41.875
37.5
19.625
20.375
41.75
50.75
52.875
44.625
32.625
30.875
24.75
16.75
22.75
33.625
34.0
31.0
15.75
7.25
6.375
-16.0
3.375
45.875
53.0
37.75
0.25
-4.0
23.0
29.75
36.25
39.125
28.75
21.25
14.0
-12.125
-6.5
13.0
-24.875
-12.0
12.5
-7.75
-8.75
-8.875
22.0
35.625
-1.375
-7.25
6.75
7.625
20.625
28.75
1.0
-32.125
3.625
61.625
33.875
-29.375
-11.25
22.25
4.75
-7.125
-13.0
-34.5
-54.125
-12.875
38.75
24.875
8.25
-0.625
-14.875
-16.5
-9.25
-18.875
-31.25
-10.875
9.5
10.25
11.625
0.75
14.125
37.125
13.875
10.75
19.625
-7.375
-13.25
4.375
22.25
5.25
-12.625
13.0
7.875
-28.625
-27.375
-3.25
-5.5
-0.25
8.25
18.25
32.125
10.5
10.0
18.25
11.625
20.75
25.75
25.625
12.25
-21.875
-28.875
-12.875
-31.5
-34.625
0.5
16.125
9.25
2.0
17.75
32.0
21.5
24.0
24.5
10.5
18.25
23.375
13.0
10.125
-8.75
-12.0
7.625
-0.625
-16.25
-26.875
-22.625
2.125
19.625
40.375
43.75
14.75
7.625
8.25
9.75
19.375
15.875
21.375
16.875
1.625
-7.5
-13.125
-6.5
5.25
38.375
10.125
-39.625
-12.25
6.5
18.5
35.75
35.25
18.875
3.125
12.75
4.75
-12.625
-5.0
2.625
9.125
8.125
-14.75
-17.375
15.75
5.375
-28.5
-21.5
-19.625
-1.5
41.75
43.5
36.625
44.5
44.75
32.5
27.125
32.375
15.5
2.125
15.25
23.75
28.0
26.0
0.0
-4.75
2.625
-0.125
-9.75
-35.5
-39.875
-18.375
20.25
24.375
9.625
13.75
12.75
10.25
9.375
7.25
10.625
18.875
19.5
30.0
29.125
3.75
-5.25
-3.25
-13.5
-28.5
-41.0
-1.625
21.5
14.875
29.5
21.625
16.25
13.5
8.5
8.375
7.5
7.5
14.125
16.875
16.875
5.625
-6.625
-14.625
4.75
37.75
13.25
7.75
15.5
-7.0
-0.625
13.875
-7.875
-28.5
0.0
17.25
7.5
8.5
11.5
2.25
-4.875
9.5
14.875
6.875
-9.625
-3.25
14.0
5.375
-1.375
-5.625
-7.5
-9.5
-9.375
-0.75
1.875
-25.0
-36.625
-10.125
-1.0
-6.75
-5.125
-7.375
-1.0
18.5
12.625
-0.125
0.0
-9.0
-16.75
1.0
10.375
6.0
12.375
2.5
-8.0
-2.125
-14.375
-22.25
10.5
23.75
11.125
12.625
14.625
23.5
37.75
31.375
17.375
16.375
9.0
-1.75
0.125
-0.125
-4.25
-3.75
11.75
13.625
-1.0
16.625
28.25
15.125
15.5
15.5
26.625
36.5
35.875
42.5
19.875
10.75
40.875
19.625
-24.875
-11.0
15.0
3.625
0.0
27.75
14.5
-9.0
-17.875
-0.375
26.25
1.875
17.5
41.0
33.625
32.125
23.375
26.625
30.0
22.0
28.0
29.375
14.5
-9.125
-8.0
8.0
7.5
28.0
26.375
21.25
49.25
39.5
26.125
39.875
21.25
12.375
36.75
28.625
7.375
10.125
20.375
11.125
-4.875
12.5
27.25
13.25
10.5
20.5
17.5
37.625
59.25
44.125
19.5
27.75
40.25
33.0
45.0
48.25
41.75
30.75
29.375
43.0
43.5
13.375
-14.625
12.75
38.625
37.5
45.0
36.125
24.0
31.375
31.625
30.25
28.0
25.75
27.875
33.25
44.75
24.875
23.0
49.75
32.625
6.75
10.75
9.75
-10.75
-6.125
14.625
26.625
25.5
0.125
2.125
31.5
4.125
-17.0
40.0
74.125
44.875
24.25
36.875
48.0
35.25
26.25
44.25
31.0
-0.75
8.0
18.25
24.25
21.75
-1.0
27.75
56.375
33.625
28.0
26.625
27.375
19.5
20.875
47.25
34.0
33.875
44.75
36.875
39.375
22.875
38.375
61.5
39.0
30.5
20.0
32.125
43.25
37.25
32.25
14.5
24.875
30.625
27.25
33.25
32.625
34.625
19.75
7.125
45.5
60.75
32.25
21.875
36.25
50.0
34.125
14.875
27.625
44.75
38.875
24.25
34.875
43.375
27.125
14.875
12.25
3.25
7.125
2.0
-0.125
39.75
51.875
52.375
58.875
39.0
28.625
15.5
14.375
34.625
31.625
30.75
49.875
52.875
24.0
24.625
41.0
15.75
3.125
12.0
24.125
45.75
51.125
49.0
51.875
59.375
49.375
22.75
21.25
16.25
18.125
13.375
9.875
30.875
31.625
41.125
41.625
20.5
24.25
35.0
27.125
35.5
44.0
24.375
-0.5
-8.5
10.375
27.375
40.5
39.5
16.375
14.25
29.75
12.125
13.0
35.25
4.375
-11.125
25.375
38.0
12.75
-12.5
2.125
30.125
24.75
24.375
27.625
16.875
12.0
21.625
35.5
18.0
-20.625
-4.5
15.875
6.125
13.125
11.625
6.75
21.5
21.5
-3.25
9.625
41.375
37.25
33.75
35.75
22.5
13.625
1.125
-5.75
-15.5
-51.25
-24.625
19.375
9.5
25.375
30.75
13.625
12.25
6.75
9.5
10.625
11.875
24.125
12.875
-3.0
13.125
12.875
-1.125
6.125
10.5
8.0
1.625
3.125
19.125
34.75
28.75
20.25
23.5
16.75
9.75
-5.875
4.125
20.125
12.125
17.625
11.0
19.125
21.875
-3.875
3.75
23.125
7.375
-1.0
8.625
-5.5
-14.375
9.25
10.375
-22.25
-0.875
36.0
10.125
-4.25
19.0
28.375
39.875
44.625
28.125
26.75
23.875
6.875
14.75
24.875
9.625
0.0
6.625
6.25
-10.0
7.5
38.5
26.375
33.0
41.125
19.375
12.875
11.75
8.0
5.25
11.625
16.125
11.125
15.625
13.5
2.25
2.0
12.75
30.375
36.625
29.5
21.0
24.625
34.625
31.25
23.0
22.875
15.75
7.625
6.375
1.0
4.875
0.375
-6.75
12.25
14.0
-3.125
9.375
16.875
2.125
7.0
24.625
24.875
11.375
5.0
6.875
11.0
11.625
2.875
-3.25
3.5
16.625
17.25
18.75
28.25
12.125
11.375
44.75
25.375
16.625
42.125
18.0
12.0
62.0
81.375
47.125
12.75
-8.5
-17.625
5.125
8.375
-15.375
-23.25
-37.0
-24.0
11.5
13.625
11.0
5.75
7.875
37.625
37.875
28.0
27.0
-14.375
-18.5
14.375
11.25
34.25
41.25
0.5
-6.75
29.625
48.625
27.5
9.125
3.375
8.125
-0.375
-9.5
15.625
37.625
42.25
36.875
17.375
10.875
30.125
28.25
27.625
43.75
33.0
36.875
37.125
19.625
39.0
42.625
36.125
40.0
40.75
45.875
28.5
34.0
74.75
93.125
76.75
46.125
50.375
71.75
62.125
33.375
13.0
19.375
32.25
35.625
43.625
29.625
15.875
25.875
25.5
26.0
32.75
29.125
40.25
63.75
50.5
40.75
72.5
63.625
36.875
47.75
17.75
11.0
50.5
53.0
42.625
28.75
34.0
47.0
26.375
20.75
39.625
30.125
-1.875
-4.375
31.875
55.0
33.5
29.25
54.875
42.5
10.625
31.75
61.375
43.625
26.5
24.125
19.75
18.75
19.5
19.5
22.375
33.625
37.875
29.75
23.625
15.25
15.5
18.75
23.25
37.75
37.875
25.375
33.875
35.375
25.625
33.25
24.0
25.75
47.125
60.25
56.625
43.75
33.75
19.875
13.25
11.25
-7.125
-22.0
16.5
25.25
-4.375
19.25
40.625
19.25
0.125
9.125
10.625
-13.25
-4.5
8.625
-0.25
9.625
13.75
10.375
15.25
12.375
9.75
-0.625
-15.625
11.875
28.5
7.375
9.625
32.0
28.875
11.625
12.25
12.875
19.0
6.875
-11.0
3.875
17.25
30.375
34.625
14.875
12.875
25.25
31.125
47.375
28.5
-3.125
8.375
30.875
39.375
35.375
37.0
48.5
39.625
23.125
41.875
50.375
53.875
63.0
29.125
27.75
44.0
15.5
6.625
23.625
40.5
50.875
57.625
56.75
37.875
23.5
31.125
43.125
50.0
42.0
35.125
36.625
27.25
11.0
9.125
28.125
34.75
31.125
34.75
38.0
51.0
