66.5
59.875
64.5
57.375
36.5
31.25
32.125
28.5
26.625
21.125
13.75
15.625
13.25
6.125
6.75
10.875
9.125
3.375
4.125
5.625
0.625
-4.375
-2.5
0.125
1.25
4.5
7.25
8.875
9.25
9.25
10.0
6.75
3.375
5.375
4.625
-5.25
-7.75
0.125
7.5
4.875
-2.375
0.5
5.25
7.125
3.5
-0.875
4.25
14.75
19.25
24.75
30.25
26.0
15.5
5.5
19.75
30.75
15.25
3.375
-7.25
-6.25
1.125
-8.25
-8.75
0.625
5.375
3.375
4.0
8.375
5.375
8.75
6.75
-3.0
0.625
10.25
16.25
17.875
16.75
7.375
1.5
9.25
11.875
14.375
12.0
-4.125
-9.5
-8.0
-1.5
6.5
8.375
13.0
12.625
-2.5
-11.875
-5.25
-0.625
-7.0
-13.875
-10.375
-11.75
-20.125
-20.875
-15.5
-17.625
-14.625
5.375
4.25
-17.75
-30.125
-23.75
-9.5
-5.875
-3.5
0.125
3.5
3.875
7.625
20.125
13.375
9.625
18.0
10.25
8.625
17.75
16.875
6.75
2.125
3.5
4.5
-5.125
-16.125
-12.875
-9.375
-8.125
0.0
5.875
4.75
4.0
9.625
18.125
23.5
22.375
13.75
13.5
16.125
8.125
4.625
6.75
6.375
7.875
8.75
2.875
-4.0
-4.75
1.125
1.5
-10.375
-2.375
20.875
19.25
0.25
3.25
19.625
18.875
17.125
20.375
16.25
7.125
-1.125
-6.375
-3.875
-1.875
-5.125
-6.25
-12.125
-14.625
-13.25
-16.25
-16.0
-12.25
0.0
12.125
16.625
21.875
22.25
15.75
4.875
-2.75
-4.75
-10.625
-11.75
-8.5
-11.125
-9.125
5.375
9.75
5.625
4.125
-8.375
-8.0
9.0
19.0
21.625
6.25
-8.125
-7.375
-0.75
11.125
11.125
2.25
9.75
14.0
10.625
17.625
28.125
29.75
19.75
16.125
19.125
13.625
1.625
-6.5
-7.75
-0.375
6.375
0.5
-11.375
-13.875
-13.125
-21.375
-21.75
-8.75
-4.625
-10.0
-13.375
-16.75
-12.0
-7.75
-0.125
10.875
4.375
-10.75
-26.25
-31.0
-26.0
-26.75
-27.125
-20.125
-19.875
-24.625
-22.875
-17.75
-9.625
-2.5
-1.625
2.125
2.875
0.5
9.5
11.375
3.375
2.125
-0.75
-1.875
4.375
6.625
1.375
-1.25
-7.375
-17.625
-3.25
15.0
6.125
0.0
12.0
11.875
1.0
-3.125
-1.5
7.0
1.5
-12.375
-9.75
-5.75
-10.5
-13.75
-12.625
-8.125
-8.75
-13.75
-11.5
-7.25
-6.75
-5.625
-0.75
1.875
-1.75
0.75
5.625
6.625
5.375
-3.75
-13.625
-24.875
-35.25
-32.625
-28.75
-21.5
-6.125
14.5
26.125
14.25
1.25
1.125
4.375
6.875
6.5
-4.0
2.125
17.625
8.125
-5.5
-12.25
-16.375
-16.5
-17.0
-10.125
-0.375
2.625
5.625
10.75
12.125
11.25
12.5
9.875
7.0
1.5
-10.875
-8.625
1.125
-15.75
-26.375
-13.625
-8.25
-8.75
-3.875
4.875
12.625
18.75
21.875
17.75
5.125
-0.75
0.375
-6.75
-19.5
-30.5
-26.375
-13.375
-11.25
-14.75
-17.375
-14.5
-14.5
-24.0
-24.875
-16.375
-8.875
0.0
15.125
22.5
14.125
1.875
-4.375
-16.75
-29.75
-28.5
-18.875
-8.375
-22.75
-31.5
-13.125
0.625
5.25
9.875
10.0
5.875
14.25
26.0
16.125
-8.5
-17.375
-11.5
-12.875
-10.25
4.0
2.0
-10.625
-7.25
2.0
1.375
-4.875
-4.625
0.625
3.375
4.625
11.375
7.875
-9.5
-16.375
-17.125
-19.5
-18.25
-10.0
-1.75
2.375
9.125
13.625
9.5
6.375
9.5
16.75
13.0
4.0
-2.0
-8.125
-3.5
-4.125
-10.25
-7.25
-2.375
-4.875
-8.875
-8.875
-10.5
-1.125
6.625
1.75
4.75
11.375
16.75
25.375
27.875
18.75
3.0
-6.625
-3.5
8.625
17.0
11.5
6.5
9.75
-3.5
-14.875
-1.625
2.5
-8.875
-9.75
-0.375
0.75
0.25
-2.75
-8.75
-5.0
-2.625
0.375
11.5
11.0
3.0
4.875
9.125
8.75
11.375
15.0
10.125
3.25
1.125
5.75
9.25
5.75
3.25
2.875
11.0
11.375
-7.125
-9.625
4.375
11.75
5.875
-1.0
7.625
12.75
18.5
27.25
23.5
30.125
35.625
33.625
43.875
50.5
39.75
27.375
31.25
40.5
41.5
37.625
29.0
19.625
9.375
-9.0
-22.875
-27.375
-30.5
-29.0
-19.125
-15.625
-18.625
-16.75
-13.125
-3.125
5.375
2.875
6.25
5.625
-4.75
5.5
15.0
5.0
4.0
10.5
10.75
6.5
-3.0
-11.75
-9.875
-4.5
-5.25
3.625
9.75
16.75
23.75
11.625
0.375
-6.125
-6.875
-5.25
-3.25
-4.75
-17.0
-24.625
-22.25
-13.75
-2.625
1.875
-2.125
-6.875
2.5
16.0
10.0
6.75
15.75
17.25
16.5
19.625
19.0
16.0
20.0
22.875
16.625
1.75
-5.5
1.0
5.875
5.375
-0.875
0.375
10.25
11.375
10.125
10.75
15.0
19.25
24.375
26.625
20.625
22.875
23.25
18.375
13.5
6.125
0.125
-6.125
-4.875
-2.75
-11.0
-15.625
-9.875
-1.375
2.75
3.875
11.0
15.5
6.125
-0.625
5.375
9.5
17.875
25.625
15.5
21.5
28.0
16.25
14.125
16.125
15.625
10.0
5.625
2.875
0.5
1.75
4.75
9.25
13.875
8.5
-0.375
-0.5
-2.5
-3.375
3.25
12.5
19.125
20.125
16.0
11.75
8.25
2.375
6.25
3.625
-7.625
-3.625
0.625
-0.125
-0.375
-5.75
-9.125
-7.875
-8.75
-7.0
-0.375
9.125
9.125
8.125
18.125
14.5
10.375
17.375
16.25
16.5
12.5
-0.125
2.625
6.5
-0.125
5.25
11.25
3.625
1.75
1.25
-1.25
-2.25
-3.375
-6.375
-18.0
-22.375
-21.75
-17.25
-6.375
-6.5
-5.625
1.5
6.0
9.875
11.125
13.0
19.75
11.625
-4.5
-13.125
-14.0
-4.75
-2.625
-3.0
12.25
17.75
1.625
0.5
11.375
11.25
10.875
14.875
19.25
28.75
29.875
17.625
9.25
4.0
-5.125
-15.25
-16.375
-13.375
-18.625
-22.75
-19.625
-14.625
-8.875
-7.5
-10.5
-12.25
-4.875
8.25
14.5
14.625
12.125
21.375
23.25
0.75
7.375
20.375
-2.875
-19.875
-21.0
-14.625
-13.25
-29.75
-33.0
-22.25
-18.25
-16.125
-13.625
-9.25
-6.625
-6.75
-3.25
-0.5
0.375
3.25
3.25
4.875
8.25
10.25
13.25
17.75
17.375
13.0
11.625
7.75
3.625
-0.5
-1.0
1.125
-6.625
-2.5
18.0
16.25
-1.0
-3.375
-6.75
-11.375
-1.625
2.75
-2.875
-2.5
-4.5
-24.0
-36.5
-34.125
-31.125
-24.25
-18.25
-12.0
-0.75
1.75
-3.875
-4.375
2.125
11.625
15.875
13.75
8.0
3.0
4.875
1.875
-5.5
-11.0
-2.875
12.0
4.75
2.25
16.5
15.75
14.375
19.625
1.625
-11.375
-9.875
-10.25
-6.375
-3.75
-4.875
-10.5
-11.625
-6.75
-1.625
-0.375
-1.75
1.625
3.75
2.25
3.0
-1.375
-11.625
-4.375
5.375
-9.75
-17.25
-6.875
-0.875
-2.375
-8.375
-9.625
-6.75
1.625
3.25
-10.875
-16.75
-18.75
-10.125
-4.375
-25.0
-28.375
-14.5
-5.0
6.125
14.125
10.5
4.75
2.625
4.125
10.5
15.75
18.625
18.625
17.375
13.0
3.5
7.125
13.5
2.25
0.0
0.375
-4.875
-2.0
-7.25
-19.0
-18.75
-14.125
-16.5
-15.375
-24.5
-25.0
-7.125
-11.875
-16.125
-3.75
1.0
-5.125
-6.5
-3.75
-13.875
-15.875
5.75
9.5
-3.0
4.625
12.625
15.25
15.75
-7.875
-17.0
0.375
-8.75
-17.75
-11.0
-16.5
-15.25
-1.875
4.875
6.125
6.75
1.25
-3.25
-1.25
2.0
3.125
2.5
4.125
3.75
0.625
8.625
15.875
4.375
3.0
12.0
8.5
13.625
20.25
-2.875
-29.0
-31.375
-28.375
-25.75
-21.75
-16.125
-8.75
-2.625
-0.625
-6.25
-8.375
-4.125
-10.0
-22.625
-21.25
-12.625
-5.875
-8.625
-14.875
-17.625
-24.25
-22.5
-12.25
-5.5
-5.75
-7.875
-20.625
-27.375
-15.75
-7.125
3.125
-0.875
-9.0
0.375
0.5
-4.375
-2.375
-1.375
0.5
6.375
14.25
28.75
38.5
33.25
32.0
25.5
7.375
0.375
3.25
6.625
10.125
6.625
13.0
29.625
34.125
36.875
20.875
1.625
6.875
6.875
-4.125
-7.875
-3.75
-11.5
-16.75
-3.25
1.25
-5.5
4.5
12.375
3.375
-10.75
-23.75
-25.75
-20.0
-13.625
-7.875
-9.125
-18.625
-17.375
-7.125
-5.5
-16.75
-26.125
-31.75
-36.625
-29.25
-20.0
-14.25
-11.0
-9.75
-5.75
-2.125
-1.25
4.5
18.375
28.875
31.125
32.875
32.875
30.125
38.25
52.875
61.375
60.75
61.25
55.25
42.5
43.25
55.625
60.125
57.0
43.125
26.625
29.0
34.75
47.5
56.625
51.375
46.5
31.5
16.875
13.875
13.875
14.375
15.0
20.75
23.125
17.25
8.375
0.75
-13.5
-22.625
-17.625
-15.625
-15.875
-20.5
-21.875
-18.125
-16.75
-14.875
-23.375
-33.375
-29.125
-26.375
-33.875
-29.625
-15.375
-12.5
-20.625
-32.875
-24.25
-15.875
-16.375
-22.875
-41.0
-39.0
-29.25
-21.375
-19.25
-18.25
-14.625
-7.125
5.25
4.125
-1.75
-5.125
-13.0
-18.5
-10.25
-0.125
-0.25
-6.5
-10.0
-3.125
-4.75
-9.0
7.75
9.5
1.625
11.75
23.0
22.625
9.75
7.375
18.25
25.625
39.125
44.25
41.125
49.5
53.625
43.875
32.25
22.875
2.5
-11.5
-1.625
2.625
1.5
6.0
-5.125
-13.0
-15.125
-23.0
-26.125
-26.5
-14.25
-3.25
-7.0
-0.25
8.75
3.25
-4.625
-7.5
-7.75
-12.75
-14.25
3.625
18.0
7.375
3.375
15.125
19.375
7.625
5.625
8.625
-1.875
-0.25
9.125
3.0
0.75
5.25
-4.625
-9.125
-14.0
-25.75
-23.25
-18.125
-21.625
-15.375
7.375
21.0
14.875
11.0
26.375
43.375
42.75
39.125
37.375
36.625
37.625
30.0
24.25
27.875
31.125
35.375
41.375
46.0
46.125
38.875
23.375
12.25
13.5
21.75
27.5
19.875
9.0
-1.625
-10.5
-6.375
-0.5
0.75
4.375
0.0
-4.25
3.875
5.5
-3.25
-15.25
-20.75
-17.625
-32.375
-42.5
-34.625
-32.5
-30.625
-25.625
-17.5
-12.875
-15.25
-16.375
-13.0
-16.75
-13.625
-3.125
-20.125
-35.25
-25.125
-16.625
-18.75
-15.375
-5.375
-8.625
-15.5
-20.25
-23.125
-16.25
-2.125
11.0
23.125
28.75
13.25
-4.5
-4.5
-0.875
9.75
8.0
-10.375
-6.875
6.25
10.0
8.75
14.375
12.125
5.375
5.0
-0.375
2.75
19.875
25.125
8.25
-3.75
-10.125
-13.375
-3.0
4.625
11.75
22.625
24.625
26.5
35.25
43.0
38.625
23.5
11.625
15.125
21.875
13.375
10.0
17.0
15.25
2.75
-8.125
-8.75
-11.125
-17.5
-14.75
-14.875
-15.75
-6.0
-2.5
8.125
25.0
16.75
-3.5
-18.5
-17.875
-14.375
-29.75
-28.75
-11.125
-12.125
-15.25
-17.875
-17.0
3.0
6.625
-1.0
1.875
-2.375
-2.125
-0.125
-10.25
-14.25
-7.5
0.5
5.25
12.5
27.5
35.25
27.875
16.5
4.0
-5.125
-3.875
1.875
-5.0
-1.75
21.125
22.0
27.25
49.0
40.875
19.875
3.875
-4.625
7.5
17.75
13.375
7.875
13.375
18.875
17.125
19.125
29.125
39.5
53.125
62.125
50.125
35.375
31.125
28.75
18.375
7.875
9.625
6.5
-0.625
-0.5
-1.0
-1.875
-4.0
-16.875
-17.75
-4.375
-14.875
-21.125
-11.125
-12.875
-21.5
-21.125
-10.75
-3.625
-4.125
-4.875
-4.75
-4.125
-12.375
-22.75
-24.25
-21.75
-12.375
-10.75
-17.25
-4.0
10.5
8.25
11.25
17.125
1.75
-15.375
-3.125
17.0
19.375
20.5
33.375
48.125
56.375
47.375
44.375
39.125
19.375
12.625
14.125
18.375
10.875
16.0
35.625
29.75
34.375
31.5
4.0
-0.625
13.25
25.0
31.25
29.375
24.875
32.5
50.25
44.875
40.0
57.75
60.125
43.625
31.625
43.75
62.25
53.625
42.125
55.125
48.125
22.375
21.25
17.25
14.5
33.125
50.75
55.25
55.875
54.125
38.75
13.25
1.25
21.75
33.25
25.125
37.875
42.125
24.875
29.125
28.0
19.125
26.5
22.0
16.75
25.875
28.375
28.5
36.0
28.25
23.625
30.0
27.375
27.5
33.125
33.5
26.5
23.5
28.875
37.875
36.25
38.125
45.375
39.5
39.625
44.125
37.875
16.875
5.75
15.5
26.75
43.125
49.125
45.75
54.5
48.75
30.875
30.375
37.75
49.125
52.625
45.5
38.125
32.75
53.875
74.25
62.125
48.75
42.625
37.0
45.25
36.375
22.375
44.75
66.375
77.875
78.375
75.0
70.625
66.625
90.625
116.625
121.625
107.5
92.375
80.875
51.25
37.5
40.25
40.25
55.875
54.25
30.375
16.0
15.25
22.125
24.375
24.625
32.375
38.75
32.875
41.0
63.125
67.5
38.25
2.375
-6.25
0.75
15.875
31.0
39.5
34.5
32.875
59.75
56.125
22.875
20.0
38.0
44.5
37.0
22.625
17.125
22.875
22.875
12.75
16.375
40.375
35.875
36.0
67.875
73.625
54.5
47.625
41.5
38.25
55.625
61.25
32.375
10.75
35.125
43.125
12.5
5.0
30.0
37.5
39.5
57.625
66.625
51.625
47.25
71.25
47.625
48.5
105.5
101.375
68.375
51.125
50.375
73.125
73.375
55.25
34.625
16.375
26.5
40.75
54.5
55.5
38.875
51.875
57.375
29.0
17.375
37.5
49.5
50.375
44.25
50.5
62.5
65.0
95.0
112.875
96.0
108.0
122.625
83.625
50.375
62.25
44.875
5.75
34.75
63.25
44.125
9.125
-7.25
19.5
39.0
69.0
100.125
71.75
9.5
-25.875
-14.625
14.625
23.625
32.375
44.625
30.375
24.125
4.0
-19.375
24.25
46.5
-9.5
-38.25
-8.25
9.75
-6.375
-18.0
1.0
34.125
16.375
-18.25
-27.375
-39.375
-47.875
-47.25
-34.625
-19.75
-25.125
-34.5
-31.75
-19.75
-11.625
-12.875
-13.375
-4.125
23.125
25.875
-7.375
-33.125
-54.875
-68.625
-49.5
-13.25
3.625
16.375
19.375
-11.125
-27.625
-24.5
-1.0
62.125
100.375
52.0
3.375
-21.875
-60.625
-54.875
-45.125
-62.125
-50.25
-21.875
-30.125
-49.875
-39.0
-5.0
21.75
3.625
-22.125
-23.125
-17.0
-26.875
-43.5
-53.25
-51.125
-38.25
-34.5
-19.875
4.0
4.375
-12.125
4.375
34.0
35.5
24.625
8.875
-6.25
-9.125
-9.875
-5.75
11.625
8.625
3.5
9.0
0.375
0.625
11.25
22.5
53.25
99.75
105.375
50.375
15.875
37.375
61.75
51.375
39.875
48.0
41.125
17.125
20.625
55.875
87.375
104.125
91.75
42.625
16.625
26.625
30.125
11.875
3.5
25.375
30.125
40.5
67.5
74.75
73.375
65.625
40.5
39.375
69.5
57.0
25.625
32.75
48.375
47.75
41.875
17.0
17.25
53.625
77.75
84.0
61.375
41.5
62.75
81.25
81.125
86.375
84.25
76.625
83.375
84.875
63.5
56.875
64.5
64.75
70.875
97.75
152.375
166.25
90.125
36.5
10.625
-23.125
-18.625
26.375
64.75
68.75
73.125
97.375
72.75
8.25
5.25
22.0
38.5
58.75
51.75
41.75
39.75
42.375
52.5
52.875
45.25
49.375
63.875
86.5
98.25
93.625
96.875
86.75
52.125
44.0
53.75
50.375
44.25
72.625
112.0
108.75
89.75
67.875
46.875
41.375
57.125
76.375
77.5
87.5
110.625
112.5
85.875
78.875
93.875
90.625
73.25
82.75
106.5
98.125
97.5
101.125
86.875
75.375
71.25
77.75
91.375
103.25
101.0
62.75
36.25
46.625
54.0
80.5
103.875
94.125
76.0
64.625
61.125
40.75
21.0
45.875
78.25
77.5
73.75
70.125
65.25
72.5
76.875
61.75
29.375
0.375
9.75
36.5
46.625
63.75
84.875
73.75
50.625
60.75
66.875
70.75
114.125
137.25
110.75
64.125
37.0
26.5
22.125
36.625
53.625
62.75
65.125
73.375
86.75
95.125
87.25
78.75
74.0
55.75
37.625
29.625
32.625
45.0
61.25
66.25
63.75
52.75
45.625
57.125
62.875
67.125
79.75
91.125
90.25
74.5
68.875
64.375
65.75
84.75
65.75
27.75
35.375
52.875
39.375
43.5
62.0
57.25
45.125
48.125
70.5
82.625
59.75
41.625
61.875
72.75
67.875
94.75
105.0
91.0
88.5
84.0
78.375
77.5
84.25
87.125
85.875
83.875
84.0
69.0
42.75
39.625
43.5
45.625
60.25
72.75
72.5
90.75
118.25
99.25
54.5
42.5
71.375
91.125
82.125
73.875
78.5
87.125
95.5
86.5
69.0
55.75
41.125
51.0
64.375
63.0
60.875
61.875
62.625
67.625
81.375
74.875
58.375
50.625
53.875
61.625
63.5
76.5
84.125
91.125
100.25
82.625
68.25
74.0
71.375
48.0
30.25
44.375
60.625
69.625
70.125
48.125
54.0
91.125
112.0
113.25
89.25
77.875
74.625
40.375
22.75
38.75
55.25
52.375
35.25
30.125
43.25
63.25
70.875
51.0
33.375
42.625
58.75
54.125
59.375
72.125
72.625
77.875
80.5
70.375
50.75
41.125
45.25
53.5
55.0
54.875
58.0
53.625
45.875
61.0
76.5
62.875
39.125
17.875
14.375
29.5
42.125
55.25
71.875
75.125
76.125
46.5
-3.25
-18.75
7.5
42.625
49.625
43.25
34.375
25.0
55.0
78.625
65.75
49.25
19.625
16.5
30.625
39.0
44.125
43.5
54.75
73.75
91.5
91.75
76.125
70.25
69.25
61.5
61.25
60.125
74.125
99.0
89.625
77.0
73.875
67.75
75.0
86.0
65.5
41.625
50.5
60.875
48.875
28.375
25.75
42.125
65.875
76.375
62.75
23.625
-11.0
10.125
29.75
22.125
31.0
44.375
56.5
61.125
29.125
18.375
44.75
49.0
37.0
25.625
39.75
54.5
36.875
32.875
41.75
37.75
35.25
45.625
55.5
54.625
69.5
89.375
76.0
53.25
59.0
56.125
30.125
27.25
50.625
68.0
82.875
85.0
62.125
38.125
40.75
55.5
65.5
77.625
88.125
79.125
53.375
58.125
45.25
-1.0
18.625
46.625
34.625
57.75
71.375
55.5
56.0
45.75
10.0
-8.625
-5.625
0.625
23.75
60.875
66.75
34.375
17.125
21.5
46.5
61.0
36.5
34.125
40.75
9.625
0.5
25.5
48.375
45.875
22.0
18.5
41.125
60.5
58.125
43.0
33.875
29.125
34.875
57.875
39.125
29.125
62.25
63.75
53.0
52.375
45.875
50.25
46.5
38.625
45.0
20.375
-1.875
-4.0
2.75
23.25
31.875
41.875
54.5
47.0
37.375
22.625
12.125
34.125
46.25
38.5
37.0
35.375
33.375
28.375
5.375
-5.125
13.125
17.625
28.375
29.125
15.375
28.5
35.5
37.0
42.375
59.875
83.625
69.125
38.625
43.75
53.5
52.5
58.125
53.25
46.125
19.25
-6.5
-3.75
1.875
48.375
83.5
50.5
53.75
77.875
42.875
33.375
79.25
86.625
64.75
40.875
36.125
64.125
80.875
73.75
48.125
55.625
68.25
23.875
33.5
63.125
29.625
19.125
66.625
77.25
52.375
43.25
3.375
3.625
48.75
61.125
44.375
9.125
9.0
39.625
34.625
21.125
20.625
6.25
8.625
48.25
94.25
72.5
28.75
52.375
52.75
7.5
-24.75
-36.375
4.25
35.25
13.125
2.625
11.375
35.875
42.5
35.125
17.25
-8.375
17.5
25.25
32.5
54.375
24.625
13.375
40.5
59.5
89.375
112.0
77.875
36.75
30.25
58.875
76.875
39.125
34.375
65.25
67.375
68.5
84.5
79.875
37.625
-17.5
-17.375
13.5
37.875
80.375
71.25
24.75
-12.125
-14.375
2.5
21.0
52.5
66.625
56.625
26.5
-26.75
-19.375
34.625
73.25
41.125
8.0
74.125
48.25
-27.75
10.25
41.125
3.5
6.625
43.125
33.75
39.0
28.375
19.875
33.25
9.0
3.0
29.875
64.875
65.625
42.375
21.75
14.75
31.25
23.75
-12.75
-15.0
26.0
56.25
51.25
53.0
46.0
40.375
52.125
9.75
-27.0
0.75
37.875
31.375
-13.25
-35.375
1.75
44.125
39.5
54.0
40.125
-18.75
-19.5
19.625
41.0
20.375
14.5
46.75
45.0
40.0
58.125
50.0
27.625
55.25
72.125
48.0
39.25
48.0
47.625
42.5
59.875
43.875
31.5
73.75
67.625
33.875
25.375
17.125
44.625
45.875
20.375
68.5
67.0
5.125
19.125
39.5
-2.5
-17.25
42.75
54.25
41.375
46.375
33.125
68.125
47.0
-11.875
18.125
43.875
52.25
50.625
31.5
11.875
-10.0
13.0
27.25
-6.375
-0.625
62.625
56.375
11.875
49.5
45.5
4.625
30.625
25.875
21.0
50.5
8.125
-18.625
41.375
37.875
46.875
131.875
116.5
72.875
74.75
43.125
17.625
37.75
42.125
56.75
41.5
19.25
45.375
43.375
34.375
10.75
16.25
44.75
32.375
22.0
-19.0
-7.125
60.5
35.625
-4.625
-3.875
5.0
24.75
37.875
12.625
-28.0
-26.0
31.25
69.625
24.375
-19.125
7.25
4.875
6.125
51.25
55.375
20.5
-17.5
-46.75
-19.375
35.0
36.875
32.375
51.25
59.625
42.375
5.625
22.125
31.0
-7.625
22.5
34.0
31.625
57.625
73.25
72.125
51.625
39.5
25.625
31.25
34.75
-0.125
18.125
58.375
42.125
22.0
19.25
49.25
70.5
53.125
53.75
40.875
10.375
56.625
81.75
38.125
7.875
3.5
19.0
-10.25
-18.125
26.375
5.75
-54.5
-23.375
44.125
27.625
20.375
34.375
-4.5
-33.5
-21.875
-6.625
14.125
4.875
-53.375
-28.375
42.75
-1.0
-32.375
-33.0
-43.0
19.625
19.375
-48.5
-47.625
-30.125
-28.5
-1.75
25.0
14.25
3.625
-9.375
-2.125
34.375
7.375
2.875
56.25
34.0
0.625
-18.875
3.25
41.75
3.75
0.875
4.75
-10.25
3.125
-2.75
27.0
9.0
-55.5
-26.25
19.5
-0.75
7.5
38.0
34.5
26.25
5.375
-12.75
-5.0
29.5
25.75
-11.5
-3.625
17.625
-13.5
-21.875
1.875
-10.5
-41.875
-39.875
-12.75
34.375
67.75
33.375
-10.875
-10.5
4.875
-24.375
-24.375
-1.625
-13.5
-38.875
-61.0
-7.75
41.875
19.625
14.75
-9.0
-12.25
43.625
53.125
19.125
10.5
11.125
-10.0
39.0
104.25
62.0
13.75
-12.375
-20.25
-27.0
-33.0
1.25
26.625
30.375
9.5
1.375
7.0
16.25
24.25
10.0
42.25
53.25
-17.375
-57.75
-26.0
-12.5
-7.625
12.25
13.375
-11.625
-7.75
4.375
-4.5
9.25
17.25
7.0
-30.375
-48.75
-18.625
37.75
49.625
15.125
9.0
-6.625
9.625
10.125
-21.0
-14.375
-18.75
-7.0
24.625
2.875
-72.5
-41.375
60.25
40.75
26.625
40.75
32.25
53.875
49.75
28.75
7.5
-2.625
7.5
-3.0
-15.25
-21.5
-19.25
17.875
52.375
58.375
25.25
0.875
31.25
31.0
7.375
5.0
-10.375
-35.75
-4.75
20.5
-38.25
-66.125
-31.25
-11.0
-30.875
-18.625
-4.0
-47.25
-54.5
-22.625
-3.25
-12.0
-58.375
-44.5
20.125
0.5
-46.375
-23.25
6.875
-38.875
-48.25
-21.625
-26.125
6.875
12.375
-11.75
-16.625
-5.875
43.75
42.125
-2.0
9.625
9.625
-12.25
19.625
36.75
-10.875
-3.875
-17.75
-49.25
29.125
44.875
9.875
37.875
51.25
30.375
26.75
31.625
33.5
34.5
47.875
53.0
15.375
-4.375
1.5
22.75
-8.875
-48.25
5.875
40.625
16.375
20.375
34.0
-9.5
-55.125
-21.875
21.5
-2.375
-18.625
-5.375
3.5
-17.375
-35.5
-31.5
-28.75
-2.875
5.375
-37.5
-73.25
-32.875
-12.25
-22.75
-5.375
-23.5
-34.625
0.375
11.0
-15.5
-16.25
-1.625
-17.875
-29.375
-14.875
-40.75
-58.625
-7.875
-7.375
-13.75
8.75
-6.25
-14.25
-17.875
-1.5
4.5
-8.0
-12.25
-13.625
13.25
27.875
21.875
9.0
8.0
38.625
37.25
35.25
58.375
66.625
40.875
-1.0
-5.75
36.875
51.625
4.75
-24.125
7.0
36.5
18.5
19.0
36.375
2.25
-20.625
8.625
-14.625
-28.125
10.375
21.625
10.5
9.5
16.5
3.5
-25.375
-38.125
-5.0
19.625
-13.125
-24.25
6.0
-3.75
-44.625
-42.5
3.375
1.5
-34.25
-5.875
9.75
-61.0
-78.875
1.5
29.75
14.125
25.5
18.125
17.375
6.125
-14.875
2.875
15.25
-15.0
-27.75
8.125
24.25
18.25
13.375
1.25
-8.5
5.75
9.375
-7.5
24.25
29.75
-4.5
24.5
48.625
10.25
-43.625
-25.375
28.75
14.5
-20.25
5.875
22.0
0.0
5.25
24.75
50.375
30.0
-21.125
-18.75
-6.875
-0.5
30.875
3.375
-15.5
19.5
-12.75
-34.5
23.625
39.0
-1.5
0.25
9.75
1.875
-2.875
25.25
67.25
44.875
23.125
50.0
30.625
5.25
17.625
4.375
-28.625
-26.75
3.375
-1.5
-27.375
-40.375
-8.0
25.875
4.0
-17.0
-11.0
-19.25
-24.125
-1.375
18.5
5.75
-11.375
-7.875
-7.125
-30.125
-42.125
-21.25
-28.25
-42.125
-22.0
-7.25
-9.875
11.125
32.875
15.375
1.375
25.875
42.125
6.75
-26.5
-29.125
-30.75
-35.625
-15.25
-10.875
-42.375
-27.5
18.125
10.375
-32.125
-13.125
32.625
7.5
-1.375
30.375
28.875
14.5
2.875
-12.875
-12.75
-7.625
16.5
8.625
-15.0
0.75
1.0
29.75
35.25
-12.75
-19.375
9.875
31.0
38.5
13.875
-6.0
21.125
21.875
-24.0
-54.875
-37.125
15.125
20.0
-1.5
4.625
5.875
-17.5
-33.625
-3.625
11.125
-15.0
-13.0
-37.25
-53.0
7.125
-7.375
-41.75
-12.125
-4.875
-21.0
-26.625
-17.0
-2.625
-2.875
-31.125
-64.5
-29.875
20.375
-4.125
-17.125
-6.125
8.75
5.125
-18.5
-5.75
8.0
8.625
5.75
23.0
40.75
5.625
-13.125
-16.625
-11.0
37.625
43.875
9.75
12.75
23.25
5.0
-15.375
-9.375
5.0
5.25
15.875
16.0
29.0
38.875
18.625
20.0
11.625
-26.375
-37.875
-9.125
-4.625
-25.875
-17.25
-16.5
-3.875
14.375
-29.0
-28.375
28.375
36.375
10.5
-3.0
5.125
5.75
10.25
23.5
18.375
-15.875
-37.5
-33.5
-31.375
13.25
38.625
15.625
20.375
25.125
4.0
-17.75
3.875
53.25
33.5
-7.25
2.5
-7.75
-12.0
-1.75
-2.125
12.5
-13.375
-25.0
15.5
19.875
-4.375
-26.875
-19.0
4.0
-12.25
-26.375
11.125
62.625
44.75
2.5
-21.375
-17.375
-0.875
-11.375
-23.5
-30.875
-23.875
-3.0
5.25
-6.125
18.25
51.125
32.875
26.75
14.125
-29.375
-24.625
-35.625
-36.25
21.0
23.625
-16.75
-9.625
-13.625
-50.75
-10.875
9.5
-21.75
-1.875
4.875
-17.75
-11.5
10.625
-1.125
-20.25
11.125
11.125
-23.625
-3.75
12.25
14.625
25.625
20.625
17.0
20.625
10.875
14.375
26.0
24.75
43.375
60.0
36.25
2.0
-5.625
-4.25
-2.875
3.75
-1.75
-11.0
-3.0
20.75
8.25
-33.5
-54.0
-24.375
7.875
-11.125
-19.875
0.625
13.75
-8.125
-22.625
-9.625
-17.875
-12.25
4.75
-4.875
-7.0
-6.75
-16.875
-3.625
16.0
-4.5
-23.5
-1.625
8.5
-11.75
-14.375
-7.75
-28.75
-32.625
-3.875
16.875
25.0
39.625
41.0
11.5
16.75
17.75
-10.625
12.0
38.625
17.375
32.375
44.625
12.25
13.75
30.25
19.875
15.625
40.5
66.875
59.375
43.0
53.875
43.375
31.25
29.625
26.75
22.375
42.5
76.0
69.375
35.75
13.125
5.75
31.625
47.875
31.375
20.0
1.25
18.875
30.625
-4.75
-9.5
30.0
41.25
17.625
18.0
35.125
39.5
39.75
47.125
14.625
-8.375
7.125
-18.625
-43.375
-7.0
5.25
-16.75
-20.0
-21.25
-30.625
-25.625
3.875
-13.0
-21.375
27.375
21.875
-11.125
-18.375
-17.875
-16.5
-23.375
-13.375
12.125
13.375
5.5
11.875
4.5
-10.125
4.125
23.125
14.125
-9.375
-7.625
-2.375
-18.125
-18.75
-20.75
-22.625
6.5
33.375
15.875
11.5
29.625
24.75
39.25
54.875
57.375
42.625
12.375
-5.625
-13.25
1.75
8.375
-11.125
-26.875
1.0
17.25
15.625
21.5
9.875
-3.25
-18.875
-5.875
3.625
6.0
25.25
28.875
20.625
13.875
6.125
10.625
32.75
12.875
-32.5
-21.375
5.875
-9.75
-16.625
-13.0
-30.375
-11.625
-2.25
-14.0
-14.375
-7.125
-26.0
-42.125
-8.125
-27.25
-52.0
-19.25
-0.875
-13.375
18.375
67.75
87.75
78.25
23.875
-12.125
-8.5
-5.875
-25.125
-43.5
-33.125
-26.0
-4.625
27.75
23.25
15.5
11.875
17.25
52.125
65.875
40.5
26.875
8.5
-2.0
24.75
34.625
33.125
20.5
2.75
10.25
-5.625
-41.5
-8.25
34.25
41.875
31.25
-5.25
7.0
27.5
31.0
54.125
56.625
43.75
24.75
7.75
1.125
-8.125
2.125
12.75
3.875
-1.125
7.25
18.875
37.5
38.625
18.875
24.625
20.375
-24.625
-40.25
-20.75
-27.125
-36.875
-29.875
-40.75
-46.5
-6.125
18.75
17.75
29.0
38.0
28.375
7.125
-3.75
-8.875
-24.0
-43.375
-5.125
35.5
16.125
-0.75
-11.125
-8.5
8.875
-4.125
-24.25
-25.125
-13.625
42.375
57.0
15.875
17.0
13.875
-3.75
-17.5
-42.75
-41.25
3.625
41.0
38.5
34.5
32.875
14.625
12.25
31.75
57.125
57.625
12.625
14.5
31.625
17.125
25.75
24.25
30.75
47.125
28.875
11.25
22.5
15.125
-1.125
13.625
13.625
4.25
11.75
21.875
25.875
56.875
53.5
-5.0
-3.875
17.625
20.375
29.25
20.0
-8.375
-26.625
-22.625
-6.875
2.625
-16.625
-39.375
-22.75
-28.125
-60.125
-34.75
-16.375
-29.625
-26.0
-55.5
-57.625
5.0
33.0
31.375
16.25
-28.75
-31.125
5.625
12.625
16.5
28.75
34.25
19.625
-14.125
-7.75
6.25
0.625
12.0
13.375
-9.375
-18.375
9.75
30.125
24.625
13.375
21.375
37.875
24.75
4.75
-8.25
-24.0
-4.375
26.75
29.125
22.875
23.875
17.0
-5.75
0.5
5.125
-17.875
-13.875
-7.875
-7.25
-3.125
-12.875
10.0
30.25
0.5
-11.25
18.875
33.75
26.5
12.375
4.0
18.625
23.25
27.875
17.625
-13.375
-11.0
-27.125
-39.875
10.25
26.375
-3.0
-19.25
7.75
31.25
16.125
20.0
52.0
53.125
3.75
6.5
29.75
6.5
-7.875
6.5
18.625
26.5
46.375
41.75
19.75
14.375
1.875
-6.375
-9.25
-10.0
9.25
-4.375
-17.125
-6.25
-15.0
-14.875
-29.25
-34.0
2.75
18.625
1.375
-6.625
7.75
-3.0
-7.0
15.25
4.625
3.75
26.25
21.0
0.0
-2.125
8.75
19.5
9.875
-8.875
0.75
10.875
11.125
13.875
15.125
7.0
-3.5
10.375
23.75
12.0
1.375
-0.875
7.125
1.0
-12.75
-4.5
5.0
19.0
12.75
-1.5
-3.75
-6.5
0.125
12.25
18.375
3.25
10.125
35.125
41.0
51.875
78.0
75.375
28.875
26.125
33.0
29.125
33.0
18.5
15.375
-14.875
-33.75
-9.5
9.125
2.5
-10.75
-3.5
-0.5
-9.125
-0.875
-1.375
-19.375
8.375
23.0
30.0
50.375
27.375
13.75
2.25
-23.875
-23.75
-4.125
-1.375
-21.625
-17.125
-17.25
-39.625
-37.5
-21.0
-7.75
-24.25
-11.375
32.5
10.875
-21.375
-7.375
-0.375
-29.5
5.125
74.875
51.625
-4.875
2.75
16.375
10.625
28.5
17.625
14.125
24.5
9.125
6.625
22.5
45.375
52.75
49.0
31.125
20.25
43.5
44.5
20.375
44.875
86.25
95.375
74.125
50.75
50.5
65.375
70.5
58.625
45.625
29.375
30.125
53.0
41.375
17.5
38.75
52.875
51.25
39.25
4.875
13.625
49.75
32.0
-17.375
-28.75
-0.5
6.75
-1.125
17.375
15.5
-6.0
12.5
40.125
27.875
21.875
38.75
20.375
-13.0
-0.5
-1.75
-32.375
-14.5
8.25
5.5
2.25
8.0
20.25
4.625
-23.75
-15.25
-8.25
-22.0
-30.625
-26.5
-9.375
-26.125
-14.875
32.0
21.375
3.375
14.5
30.375
43.25
51.375
34.5
-2.375
18.0
42.625
15.875
24.0
55.625
55.75
35.875
35.5
33.0
15.875
16.375
38.0
51.125
47.5
50.25
30.25
24.25
59.0
60.625
45.25
42.5
45.125
34.75
1.75
4.625
18.625
6.875
-1.25
-3.25
17.875
13.25
-12.75
-12.25
-13.625
-29.25
-49.625
-27.25
1.875
-14.375
-37.0
-38.5
-31.5
-31.0
-25.625
5.75
28.375
32.75
34.25
33.125
37.25
17.25
-8.375
-4.875
7.25
20.75
26.625
11.5
5.75
11.875
6.625
14.5
35.125
33.0
27.375
35.75
37.375
21.25
23.375
29.0
21.5
20.375
14.125
20.25
16.25
13.0
13.0
9.125
9.375
-0.875
5.875
21.75
14.875
-9.125
-0.25
15.875
12.75
12.5
19.5
31.0
22.375
-6.125
-13.625
6.125
3.625
-8.375
-20.125
-26.875
-7.625
-13.5
-41.625
-20.5
31.25
17.875
-22.125
-14.625
-1.5
-20.25
-14.125
20.75
3.625
-15.25
0.5
-4.5
-3.25
14.875
31.375
36.5
19.5
12.875
19.5
18.75
11.875
-13.25
-10.0
17.375
35.0
47.875
29.75
15.125
28.375
38.625
22.625
6.625
0.375
8.5
27.75
12.5
-6.625
-0.5
12.25
17.625
6.875
-8.125
-22.625
-15.375
-4.75
-15.875
-26.125
-31.0
-29.5
-8.75
-5.0
-17.5
-9.625
1.125
-2.75
-27.5
-53.25
-15.0
42.625
22.125
-0.5
-1.0
1.25
14.875
6.375
21.875
33.5
2.375
7.25
23.375
8.5
-0.125
6.5
2.125
21.0
44.0
45.875
43.25
9.875
5.25
19.25
7.625
4.0
20.75
43.875
44.125
30.125
20.625
14.25
-1.75
-2.875
22.875
29.375
21.875
6.5
-6.625
-0.5
11.0
16.625
2.875
11.0
27.375
4.75
-3.75
8.375
7.375
6.0
-8.625
-17.5
6.0
8.75
6.625
3.0
-25.375
-31.375
-28.375
-15.25
0.375
-19.25
-41.625
-25.25
12.75
24.0
10.875
0.0
-8.0
8.75
33.0
16.5
-3.25
4.875
29.625
35.25
12.0
9.5
8.5
10.25
42.875
38.875
0.625
13.75
47.625
49.125
40.125
20.875
11.25
27.5
37.25
41.125
34.375
24.5
36.25
36.5
18.0
22.75
43.625
30.75
-0.75
26.375
50.125
32.25
30.375
23.75
14.875
-10.0
-18.375
0.5
-8.625
-5.625
-8.0
-22.625
2.625
8.5
-24.875
-12.125
16.125
6.125
-9.75
-25.75
-8.5
17.375
5.25
-3.75
1.625
14.25
27.375
43.25
68.125
62.875
6.0
-9.5
57.25
73.875
28.875
4.5
-7.75
-15.5
-4.625
27.5
32.625
30.5
42.375
28.125
10.875
30.125
36.0
21.375
28.875
20.125
11.25
17.375
19.5
7.625
10.875
37.75
26.625
1.375
6.375
18.75
3.5
-21.875
-28.0
-12.125
39.625
40.125
-4.75
-9.375
-19.125
-30.125
-7.125
-10.375
-51.25
-57.75
-33.625
-12.25
-20.875
-27.875
-17.25
-26.75
-4.375
34.625
28.25
27.625
42.75
28.875
33.875
72.875
51.875
35.5
50.875
30.125
24.0
24.75
17.875
31.5
58.25
68.25
36.125
12.875
41.375
50.25
30.375
18.125
15.625
39.5
39.625
19.25
17.25
39.25
53.0
5.875
-21.25
8.25
6.0
3.75
17.5
17.375
18.625
-8.0
-21.5
-9.0
-0.875
10.0
5.5
21.5
34.375
8.25
-0.75
5.875
4.375
-6.25
2.0
4.5
-17.5
2.5
20.75
18.875
16.125
-1.25
17.5
30.625
4.625
4.25
11.375
19.875
16.625
-6.5
9.75
28.25
33.75
38.0
20.625
-2.625
6.25
39.625
36.375
12.625
14.0
0.125
-6.875
24.375
43.625
35.875
29.375
19.125
10.875
18.125
28.75
41.75
27.5
-0.125
-2.125
0.0
-25.875
-56.625
-27.125
17.375
4.125
0.5
26.0
29.625
22.875
20.625
5.5
17.375
31.125
8.75
-15.25
-24.25
-8.125
6.0
7.125
1.875
1.125
7.625
4.125
-17.25
-9.875
24.25
38.625
36.0
24.0
26.0
19.125
30.625
30.5
5.625
15.125
17.0
-1.875
-25.25
-5.125
14.0
-4.75
-4.25
-4.75
-17.125
-10.125
23.25
-1.25
-30.5
24.25
41.5
5.625
1.0
15.375
22.125
0.25
-24.5
10.625
41.375
18.875
3.75
6.75
2.875
-3.0
-4.0
8.75
34.25
41.0
41.5
25.75
16.0
36.0
15.25
-17.625
-11.75
7.0
-6.875
-23.75
-3.5
13.625
4.875
-3.25
1.25
16.75
28.625
16.5
18.875
17.25
-16.125
-17.75
-15.75
-9.625
7.125
-13.75
-1.75
12.25
-15.0
-19.25
6.875
18.875
15.375
19.25
21.375
1.875
6.5
12.125
-3.625
-6.875
-19.375
-17.625
1.375
9.75
19.375
15.125
-5.125
-16.625
13.875
45.375
20.625
7.0
15.5
15.5
-22.875
-17.375
60.375
64.625
27.625
31.375
41.125
41.375
32.375
12.25
12.75
1.625
-4.875
11.875
13.0
18.875
4.75
-19.125
-16.375
-2.875
15.5
33.375
33.625
45.0
51.625
7.625
-1.875
31.625
17.875
-5.75
7.5
17.125
10.125
4.125
-3.375
-2.25
16.5
16.875
8.375
22.375
27.625
20.375
14.625
-3.75
-16.75
-11.75
-3.5
8.75
20.625
24.625
29.75
13.5
7.75
6.875
11.0
22.375
-2.375
-4.25
2.375
-4.125
-0.25
-5.5
-17.625
-3.375
1.5
-16.875
13.875
43.25
18.125
2.25
33.75
48.0
36.0
43.375
15.75
-3.625
19.625
7.625
-0.375
9.375
5.75
12.75
24.25
31.5
12.0
-24.25
-11.5
12.0
-11.25
-30.625
4.5
26.375
9.25
-10.375
-14.75
5.125
16.5
17.125
6.625
13.375
34.5
6.625
-14.875
20.375
43.125
32.75
23.625
21.375
24.5
20.125
-2.25
-5.875
11.25
30.0
42.125
47.75
40.0
14.875
27.0
40.375
4.5
0.5
0.25
-20.875
8.125
30.375
19.25
8.375
1.875
-0.875
-25.0
-26.375
-3.625
-15.625
-31.375
-19.375
-1.875
1.0
-14.375
-16.125
-2.375
7.5
16.625
8.125
24.875
39.25
3.25
-14.75
3.0
3.625
-7.875
-5.375
2.625
17.625
16.625
-8.5
-12.125
0.625
19.5
22.75
-15.5
-10.375
11.5
-2.625
5.25
20.75
8.375
-8.5
-1.5
11.375
18.75
27.875
16.25
-6.0
1.625
16.5
20.25
27.125
7.375
-20.125
-15.75
-0.5
0.875
9.0
15.375
16.0
12.375
-3.75
-23.0
-30.75
-18.375
-16.375
2.125
20.375
29.375
34.875
7.75
-10.0
2.375
11.375
-19.375
-34.125
-29.875
-51.875
-70.125
-55.375
-55.0
-62.625
-18.125
-7.25
-30.75
-22.625
-5.25
-6.25
-6.125
18.0
29.0
21.375
28.75
35.0
23.375
30.5
36.875
11.375
12.375
58.625
70.875
14.375
-11.625
15.625
14.5
-3.0
-3.0
-11.625
4.0
20.375
11.375
11.5
0.375
13.0
31.25
22.0
19.5
6.875
-5.5
0.125
-8.75
-25.625
-18.5
2.5
-5.25
-12.0
17.5
30.125
39.625
43.125
23.125
19.25
9.875
-1.875
-4.875
-7.25
-12.125
-11.625
8.125
-2.0
-0.25
29.75
50.75
59.0
32.0
9.0
9.25
0.0
2.5
20.75
10.625
-14.625
-8.25
5.25
-7.75
-8.375
-8.125
-25.125
-21.0
-8.25
-20.25
-27.625
-10.75
4.875
6.0
5.5
6.5
19.125
43.25
55.25
37.125
12.625
2.125
7.125
23.0
11.125
-2.125
-3.375
-5.625
12.5
4.5
-21.625
-37.0
-30.25
6.125
23.875
20.5
16.25
10.5
2.875
7.5
11.0
-2.375
-8.25
14.375
38.125
37.75
19.625
30.125
48.375
36.5
11.375
-23.875
-16.25
16.125
25.125
33.375
46.375
41.125
15.625
34.75
53.875
23.125
7.125
-6.625
-26.375
-9.375
10.5
24.25
42.875
28.625
0.75
19.25
41.5
10.5
-8.5
-4.5
-2.375
-1.375
-2.875
8.75
2.125
-24.75
-13.125
11.75
-7.125
-14.0
11.875
20.375
42.0
64.875
66.375
71.125
76.625
66.625
21.25
-8.125
-2.75
8.0
24.625
40.5
45.0
40.25
40.25
40.25
21.625
19.0
34.375
11.5
-6.125
-5.375
-8.625
3.75
15.625
7.125
16.125
21.75
17.0
34.75
26.0
15.875
30.375
33.75
25.125
32.0
40.375
19.875
6.875
15.5
15.75
25.0
31.625
10.0
-29.125
-35.0
12.625
22.625
8.5
34.375
33.875
4.125
-1.25
28.75
23.875
-4.25
-3.875
5.25
24.5
22.75
14.5
3.5
1.5
12.625
-1.0
-34.375
-25.5
-5.125
-9.75
-0.375
-3.875
-26.375
-26.25
-9.875
-27.125
-11.125
24.75
20.5
16.125
1.25
-2.5
1.75
-9.75
-7.875
3.25
8.25
-0.375
1.25
23.375
16.875
4.0
16.125
1.5
-21.875
10.75
24.25
3.375
4.0
-1.875
-12.25
-20.625
-5.875
17.625
5.0
-3.375
15.375
22.75
17.625
40.375
38.375
9.125
25.875
30.75
5.5
3.75
-7.375
-30.875
-12.75
-2.5
-11.625
16.75
32.0
9.75
-14.0
-25.875
-16.0
-3.75
5.5
17.375
19.5
30.5
38.875
13.375
-17.875
-12.125
-8.875
-17.875
1.125
1.0
-10.875
-1.125
-7.25
-32.375
-25.125
11.25
14.5
0.0
13.75
25.625
11.375
-1.25
-3.5
0.75
9.875
14.0
-0.75
-6.75
5.25
-4.375
-8.125
6.625
16.25
9.625
5.625
7.125
-0.625
3.0
9.0
15.125
8.0
-34.125
-42.625
-7.875
-5.375
5.875
19.5
-0.75
1.625
22.625
14.875
3.125
-5.75
-14.125
0.125
8.625
12.875
15.75
6.0
26.875
54.75
38.75
31.5
21.875
13.375
34.875
31.375
25.0
33.875
18.0
-3.75
-1.25
-3.875
-11.375
-12.875
-9.125
1.0
9.625
17.125
18.625
-3.375
-17.125
-6.25
-10.625
-19.125
-20.0
-8.25
-10.875
-16.25
-17.5
-30.375
-25.0
-12.25
6.625
24.25
27.875
20.5
1.375
-0.75
6.625
16.125
25.25
12.0
11.75
7.75
-13.5
-8.75
0.75
21.5
40.375
12.625
-12.375
-7.75
-8.625
-5.375
10.125
13.75
-2.875
-4.5
12.625
2.125
0.75
33.625
44.5
31.875
42.25
49.875
39.0
44.0
27.875
-3.125
-2.0
-15.0
-7.0
31.5
44.375
32.5
9.5
10.5
26.125
39.75
56.875
57.875
38.375
24.625
3.875
12.25
39.125
26.25
5.0
12.125
27.125
14.0
5.0
28.875
40.625
22.25
24.75
47.25
24.125
-4.125
-6.5
-3.25
13.5
9.5
11.625
25.375
17.75
11.875
-3.625
1.0
30.375
32.375
30.75
24.0
-1.625
-7.5
-18.625
-17.125
2.875
-4.875
-14.25
-26.75
-27.125
-1.5
22.375
28.125
0.75
-26.75
-1.5
38.875
21.25
-19.375
-13.75
12.375
3.25
1.625
37.625
51.5
24.125
6.375
30.625
29.75
-2.75
-2.875
11.375
26.875
43.125
43.625
35.75
32.625
1.375
-13.25
20.75
40.875
36.75
17.0
15.75
30.25
33.0
31.625
13.375
11.375
26.25
26.625
35.25
44.75
42.0
21.25
2.125
20.75
26.25
27.75
52.625
42.25
11.75
4.625
20.75
34.75
30.625
42.125
67.875
63.25
35.875
40.625
49.125
25.625
16.25
16.25
26.5
43.25
42.25
40.375
32.875
3.625
-10.875
-8.375
-16.625
-25.875
-22.75
-6.0
2.875
-7.5
-14.75
-20.125
-20.125
7.75
14.625
-3.375
0.375
5.625
-2.375
0.875
5.375
-2.75
-9.75
-2.625
8.875
-1.375
1.75
5.5
-10.875
-5.75
-4.75
-16.125
-18.0
-24.875
-7.5
29.5
26.75
-13.75
-33.25
-11.875
3.375
9.625
2.125
-14.5
-7.0
4.625
3.75
5.0
15.5
29.125
29.25
31.25
44.125
49.375
44.125
19.25
26.25
61.25
59.375
61.0
68.5
46.0
22.375
6.75
-19.625
-30.75
-6.5
12.0
16.75
18.375
17.625
22.125
15.625
9.375
20.5
14.125
21.125
39.875
33.5
13.0
-11.125
2.625
24.625
0.0
-25.0
-35.0
-24.375
-10.375
-24.375
-34.125
-31.5
-2.0
18.625
-17.125
-45.125
-30.0
-30.25
-28.625
-13.875
-33.0
-37.875
5.625
34.625
13.625
5.125
20.75
18.375
3.375
-3.75
9.625
14.875
14.375
10.875
-7.75
-8.25
13.625
38.0
29.5
3.875
5.875
19.0
0.875
-20.125
17.0
33.125
4.875
5.125
16.5
2.625
-3.875
-2.5
11.375
23.75
15.875
33.75
51.5
40.75
28.25
12.375
7.125
18.125
29.5
25.375
-11.75
-26.75
-6.75
3.125
-0.875
15.0
18.375
1.625
8.375
19.875
12.625
12.5
33.25
48.125
18.625
-7.0
0.25
-23.625
-34.875
-10.875
2.75
0.0
-4.125
10.125
24.0
10.125
-0.625
12.0
-1.25
-27.375
-34.5
-31.125
-3.5
0.375
-17.875
-18.25
-26.5
-20.5
-20.125
-10.25
12.625
-2.875
-3.625
20.5
33.25
11.625
-9.125
0.5
10.25
13.125
-8.875
-47.125
-34.875
0.5
-2.0
-9.5
0.5
8.375
7.625
12.75
26.625
3.0
-21.75
2.125
26.25
32.625
20.0
14.75
27.25
25.0
9.375
6.875
31.5
46.375
36.875
21.875
20.875
41.125
33.625
3.75
3.375
23.75
16.875
9.125
23.5
35.0
31.375
23.25
20.5
7.25
11.625
36.875
37.75
34.75
45.375
30.375
-7.125
-7.125
28.875
16.75
0.875
28.125
28.0
11.75
9.875
21.5
47.375
45.875
20.0
26.375
29.125
-10.375
-25.5
7.375
18.625
-3.625
-5.0
16.0
17.875
-33.875
-58.5
-23.125
-9.625
-28.125
-34.5
-12.75
-10.875
-24.75
-35.625
-26.875
-11.625
-16.625
-32.375
-38.875
-12.75
2.125
-3.75
-9.875
-21.5
-12.125
5.375
-6.5
-10.375
-7.25
-19.625
-20.0
-7.375
0.0
6.5
-2.5
-13.75
18.125
32.875
9.5
9.0
9.75
-2.125
1.875
16.25
15.25
-6.375
-24.125
-30.25
-33.125
-33.75
-24.75
-2.625
15.125
14.625
5.125
10.75
42.375
53.5
25.875
7.25
8.25
9.25
10.875
22.25
31.375
21.375
12.25
31.5
48.0
45.5
33.0
-1.0
-16.375
-7.0
-7.375
5.0
13.0
7.5
-2.25
-33.375
-29.0
9.375
9.375
-8.875
5.75
36.25
42.0
31.875
13.875
0.0
-8.875
-13.0
7.125
13.5
4.875
7.75
19.875
16.0
-8.125
-21.375
-22.5
-16.5
-30.875
-40.5
-23.5
-9.125
-14.125
-28.75
-35.25
-35.5
-36.625
-27.875
-4.75
-4.625
-27.5
-43.5
-15.125
8.375
-13.5
-21.25
-7.625
15.375
24.0
12.75
7.625
3.125
-1.75
-7.5
-15.375
-17.125
-26.25
-28.75
-19.75
-18.0
-8.75
-7.125
-9.0
-16.375
-33.75
5.75
52.625
33.5
13.75
15.625
22.625
51.5
50.5
0.125
14.625
35.25
1.0
-3.25
7.625
10.0
24.25
27.625
13.875
1.625
21.75
31.375
8.25
13.125
17.875
13.25
11.875
10.625
5.5
23.375
27.375
-10.875
-1.875
31.875
31.125
19.625
14.125
10.875
-8.25
-14.875
5.625
8.625
-4.125
1.375
9.0
10.5
3.625
-1.0
-5.0
-3.25
6.5
7.5
5.75
13.25
9.5
6.25
29.5
26.875
11.125
6.5
7.0
-2.875
-36.25
-50.125
-38.125
-24.25
-19.25
-15.875
-7.75
-2.625
-4.625
-4.875
-12.375
-8.0
-5.625
-10.375
-12.25
-19.875
-18.375
-11.875
-8.125
-18.75
-9.875
7.125
25.125
32.875
22.75
33.875
38.0
24.75
0.25
-11.625
-12.125
-21.25
-9.75
5.25
8.625
15.625
25.125
27.125
21.625
5.875
-10.0
6.125
17.0
1.375
-1.25
4.75
10.75
24.0
40.0
26.625
-11.375
-18.875
-4.375
4.875
5.0
7.125
28.125
38.875
31.625
32.625
42.875
58.125
60.25
28.5
8.125
28.375
30.125
11.125
19.25
26.375
14.625
8.5
7.0
1.625
4.375
14.875
10.25
-5.125
17.875
35.75
22.125
6.625
-15.5
-8.0
7.5
-4.25
-21.125
-20.875
-18.875
-13.875
-6.875
-2.375
-11.625
-25.875
-8.0
5.0
-10.875
-24.875
-29.75
2.125
3.375
-51.125
-34.0
0.75
-15.125
-15.75
-4.0
9.625
17.375
-15.0
-35.0
-27.5
-33.625
-44.5
-47.375
-36.0
-26.875
-33.25
-35.625
-32.25
-33.75
-23.625
-6.25
1.875
16.375
36.625
50.5
63.875
44.75
17.75
28.0
26.875
17.625
14.75
14.0
-5.875
-9.75
10.5
-2.5
-2.25
20.375
18.625
16.875
39.0
32.375
8.875
2.125
-24.0
-29.75
-10.625
-24.0
-32.625
-16.375
17.875
41.625
24.25
8.75
25.625
28.625
16.125
19.875
12.625
13.25
21.125
-1.125
13.875
39.0
33.0
29.625
37.375
38.375
25.0
35.0
48.125
37.0
33.75
48.625
39.25
22.625
17.5
-3.25
-5.125
2.0
-8.125
-3.375
1.875
17.375
26.75
5.0
-16.5
-15.375
-20.125
-16.125
29.0
32.875
22.75
36.25
-8.875
-27.5
-1.75
-21.75
-20.5
7.5
-5.625
-36.75
-20.125
-9.125
-27.0
-16.625
0.625
-10.625
-29.875
-19.75
-18.0
-35.875
-17.375
8.25
13.25
-0.125
-9.375
-12.75
-33.5
-11.25
24.5
12.125
-20.875
-37.875
-24.625
-13.625
-3.375
2.0
-3.25
14.75
13.625
-10.0
-1.875
-1.25
-11.0
-5.0
3.875
13.0
22.875
16.75
0.5
-28.875
-41.5
-7.875
-0.25
-11.5
18.25
43.875
27.375
15.625
21.5
25.125
12.75
-12.125
8.875
37.0
30.375
21.375
8.75
22.25
35.875
20.875
9.875
13.875
32.375
37.0
14.875
22.75
37.0
7.625
-0.5
27.0
48.25
58.125
49.625
20.875
19.75
14.75
-4.375
8.875
26.5
45.75
48.5
26.25
26.625
34.25
28.75
3.75
-42.625
-15.75
52.75
43.375
4.75
-8.875
-28.125
-34.75
-18.375
-20.125
-19.25
2.125
-2.25
-24.25
-21.875
-20.125
-14.625
-10.125
-39.25
-38.25
-13.625
-10.375
-19.125
-35.625
-32.125
-7.0
10.375
20.5
27.5
17.25
2.375
6.125
5.5
-9.625
-14.125
-10.125
-17.0
-34.75
-20.375
-9.375
-21.5
-31.5
-54.0
-38.625
-8.75
-3.0
-19.375
-31.75
-18.125
-24.25
-11.375
6.375
-7.75
11.5
31.375
-0.5
-18.625
-3.625
3.375
14.25
20.25
-3.25
-12.5
-4.125
7.125
8.625
1.25
27.75
41.5
24.75
18.25
-2.0
-25.5
3.0
31.75
28.0
23.875
19.125
4.875
4.375
16.75
11.25
11.25
18.0
11.5
12.875
13.75
-6.75
-23.25
-11.375
12.0
8.5
5.75
35.75
48.0
28.875
24.75
53.25
80.875
64.0
32.625
29.875
13.375
0.25
7.25
-7.125
-14.25
-9.875
-22.375
-4.5
26.5
19.5
-7.25
-26.875
-32.5
-21.875
1.5
3.75
2.375
-1.25
-2.25
-0.125
-10.0
-18.5
-21.625
-18.625
-32.5
-15.25
32.375
33.25
11.5
2.375
13.0
21.5
11.75
-7.375
-7.0
5.875
13.5
21.5
15.875
10.0
5.125
-10.125
-6.0
7.5
-13.375
-9.0
17.625
9.375
-10.0
-20.375
-21.875
-3.625
-2.875
-48.5
-74.875
-48.125
-0.25
15.75
-5.125
-13.375
-1.75
-0.5
-2.5
24.375
42.0
22.25
9.5
6.5
-6.25
5.25
24.625
26.875
19.5
16.125
21.75
21.375
26.5
30.75
25.25
30.875
45.875
42.25
21.625
21.375
32.125
15.125
21.75
38.875
6.875
-10.125
9.625
27.5
24.0
5.625
8.625
24.375
25.5
15.75
21.0
26.25
30.75
25.75
14.5
31.5
63.125
40.875
-3.25
-4.25
2.875
12.5
18.125
1.75
0.0
23.875
15.625
-5.75
7.875
24.375
13.5
7.75
7.375
-9.75
-4.75
7.25
-2.875
-8.5
4.25
3.625
-28.5
-32.625
5.375
17.25
0.0
-9.625
2.0
6.75
-5.5
15.75
10.875
-29.625
-22.75
-11.625
-17.25
-26.625
-36.0
-20.75
0.625
-20.375
-30.0
7.0
13.5
-0.375
4.375
1.75
-9.125
-25.875
-50.125
-33.625
-7.75
-26.875
-46.25
-31.625
-3.0
16.25
20.75
2.25
-32.125
-44.375
-43.875
-52.875
-30.875
-7.75
-14.375
-6.375
-1.125
-7.375
1.125
1.625
-24.25
-33.0
-7.125
-1.5
0.75
22.5
8.75
-8.875
7.875
13.375
-3.125
-7.125
-1.25
-1.25
9.75
13.0
4.875
12.125
-5.75
-22.375
-2.875
8.25
9.75
7.75
10.25
20.75
18.75
-3.25
-12.375
-6.75
1.375
10.25
17.875
31.125
33.75
28.5
41.25
48.125
31.125
24.625
24.25
20.375
29.625
48.0
48.5
10.125
-26.0
-6.125
31.0
53.125
61.125
46.125
21.0
28.375
39.0
16.125
3.25
-3.75
3.0
14.375
18.5
31.625
37.5
39.0
29.75
13.375
10.0
6.375
-1.0
-2.5
3.5
8.125
-0.375
6.0
25.375
10.625
-6.625
6.0
-15.25
-31.5
-16.75
-20.25
-23.5
-15.125
-8.25
-25.875
-34.875
-29.125
-30.75
-30.625
-26.75
-19.5
-17.125
-16.25
-24.25
-28.75
-33.125
-32.375
-22.625
-15.375
6.5
-3.0
-18.75
-13.625
-24.0
-11.625
0.75
-8.0
12.0
33.0
14.625
7.5
33.75
13.375
-14.5
-4.0
-14.375
-13.375
-2.75
-2.0
12.875
11.75
-8.5
-18.125
-18.0
-24.0
-13.625
7.5
2.25
-2.125
-9.75
-29.25
-4.25
24.0
8.0
-1.25
8.875
17.375
11.875
1.0
-18.375
-21.25
12.625
17.375
-1.75
1.75
-7.5
-18.5
0.0
22.25
19.25
3.375
5.125
15.25
26.0
11.75
-21.375
-5.625
10.5
-11.25
-11.75
5.5
-0.875
0.875
13.0
5.25
7.875
15.0
13.875
-25.625
-49.375
-23.5
-20.375
-30.0
-19.875
-8.25
-8.0
2.375
6.875
-4.0
-18.125
-31.875
-20.0
13.0
23.5
1.5
-3.625
-1.625
-4.375
0.875
2.75
-8.375
-36.5
-29.5
-14.125
-16.625
-18.75
-22.875
-29.75
-29.25
1.0
7.5
-9.75
-15.5
-8.75
-13.75
-15.125
11.625
32.125
23.25
15.5
21.125
-1.75
-28.75
-24.5
6.5
16.5
21.25
28.375
9.375
1.125
8.75
13.25
7.25
7.375
12.25
7.375
0.75
-9.5
-10.25
0.25
15.875
27.0
28.125
11.625
-14.25
-11.5
2.5
6.875
11.75
14.625
15.875
14.625
7.875
14.125
10.0
-3.375
6.625
-4.0
-20.0
-0.75
5.0
-2.125
5.25
7.125
10.5
31.125
27.875
2.5
-9.5
17.25
52.0
38.0
27.375
28.75
7.625
-5.0
9.625
18.125
3.0
-0.5
0.125
-2.75
17.0
29.0
20.5
23.75
29.375
15.875
23.0
28.125
6.0
10.5
14.5
10.125
14.125
5.5
12.875
22.875
17.375
5.875
-15.875
-6.5
6.875
17.0
27.625
8.0
10.0
14.875
9.25
14.875
26.125
33.25
8.5
6.0
16.875
5.75
-1.875
-1.25
9.0
1.125
-19.0
-24.5
-32.125
-28.875
-13.75
-34.75
-39.25
1.875
11.875
-3.875
-9.625
-5.5
4.25
0.0
-20.0
-35.0
-31.125
-27.875
-38.875
-45.25
-29.0
4.25
-1.25
-22.875
-16.0
-12.25
-25.0
-33.25
-30.625
-17.125
13.625
14.375
-2.125
-5.125
-9.875
-12.375
-6.375
9.0
27.125
28.375
11.0
-7.75
-8.5
-6.125
-9.0
-16.375
-19.375
-2.625
5.875
17.25
35.625
40.0
12.625
-1.625
16.0
6.375
-29.625
-30.5
15.375
31.75
14.5
-0.625
-16.625
-15.0
1.25
8.0
9.75
-0.875
-17.5
-15.375
9.375
21.5
0.75
-0.125
13.375
13.5
27.75
43.75
22.75
6.5
2.0
8.25
36.5
35.75
9.0
5.25
4.25
-15.375
-5.5
6.625
-3.0
1.375
10.5
-0.375
-12.125
-2.0
2.25
-9.375
-30.875
-24.5
6.625
-2.25
-9.125
3.5
5.125
11.0
8.25
-26.125
-44.125
-18.0
-3.25
1.375
3.25
7.75
9.25
9.0
3.125
-26.375
-34.0
-19.5
-9.875
-10.375
-12.25
-13.375
-4.25
2.75
-11.375
-12.25
5.0
16.0
17.375
19.125
2.75
-23.5
-20.75
-7.125
2.75
-6.375
-36.125
-38.25
-20.5
-29.0
-40.75
-46.25
-61.375
-41.375
-7.25
-12.5
-34.5
-31.5
-15.5
-14.875
-5.625
15.0
22.625
7.5
-11.5
-15.75
13.75
17.75
7.5
11.75
-17.625
-30.125
-12.875
-5.75
-20.875
-28.375
-13.625
-11.875
-19.0
-8.5
15.625
24.375
15.0
28.25
26.0
5.375
18.375
18.625
23.5
56.125
56.125
53.75
67.25
44.0
32.125
44.125
48.125
57.75
64.75
57.25
39.375
18.875
1.75
11.25
15.25
-5.75
-4.5
7.875
28.75
43.375
21.0
11.375
16.875
11.125
1.25
10.0
42.125
43.0
39.5
37.25
14.75
19.0
25.25
14.375
17.625
28.5
16.5
-4.0
-3.5
10.625
34.0
35.75
9.0
4.375
21.75
20.25
1.75
-9.5
-9.5
-5.125
3.125
3.875
-7.125
-5.75
-2.25
-8.0
-11.0
-11.75
4.0
9.125
-14.75
-11.75
11.625
-4.625
-27.125
-19.625
-17.875
-24.875
-16.875
-8.0
-14.625
-18.0
-11.5
-29.0
-48.75
-47.125
-60.0
-56.5
-36.375
-18.75
-1.25
-7.625
-7.125
-1.75
-5.625
5.75
11.125
12.75
-3.75
-24.375
-6.625
2.375
-5.0
2.5
-14.5
-32.0
-21.125
-17.25
-29.125
-37.125
-18.625
-7.25
-3.625
4.5
12.5
13.875
3.5
-13.875
-17.5
-13.875
-29.0
-5.875
5.25
-38.125
-31.125
2.125
-8.0
1.0
13.875
-15.375
-13.5
-4.25
-15.0
-17.5
-18.875
-18.625
-19.0
-11.875
7.625
18.375
13.0
3.0
5.75
13.125
-13.125
-15.0
20.125
13.0
7.375
24.25
7.75
-16.75
-17.25
-14.5
-3.875
14.0
9.5
6.25
16.0
6.0
-15.375
-31.5
-46.0
-48.0
-31.625
-23.375
-12.75
6.0
11.875
5.375
-14.375
-26.625
-17.25
-1.75
-10.0
-25.125
-12.0
14.0
7.625
-18.125
-19.75
1.625
7.625
-11.25
-7.125
9.25
-4.75
-25.75
1.375
16.375
-15.0
-13.625
10.625
27.625
44.75
34.0
18.625
32.375
42.875
18.875
-2.75
-4.625
-7.5
-6.75
-5.75
-24.375
-26.125
4.5
10.625
1.0
5.125
12.0
14.5
26.5
-4.125
-61.625
-66.625
-57.25
-50.5
-31.875
-25.875
-27.5
-22.875
-18.625
2.0
16.5
18.0
14.375
-2.25
-7.875
3.5
5.375
7.375
6.25
-21.375
-22.875
-1.125
-17.75
-25.25
-5.875
8.625
12.625
-7.375
-22.75
-11.0
-1.875
1.25
7.375
12.75
18.75
16.625
11.125
0.375
-2.375
-7.125
-10.5
2.5
-3.375
-22.125
-14.25
13.5
21.125
7.875
-8.5
-6.375
14.125
24.625
26.5
27.625
26.125
28.0
41.125
41.25
33.5
52.5
48.0
7.375
4.875
12.25
-4.875
-13.75
-2.625
21.375
39.0
39.5
21.625
25.5
44.5
32.5
22.25
31.5
5.375
-16.25
-14.75
-43.75
-28.25
1.0
-30.125
-23.125
4.625
3.5
16.75
4.75
-25.375
-29.625
-17.125
-4.0
-20.375
-11.75
7.625
-15.75
-32.25
-24.5
-16.875
-21.25
-29.25
-31.625
-28.0
-32.875
-39.625
-15.0
17.75
24.75
7.875
-23.25
-22.0
-0.875
-8.375
-16.0
-17.25
-20.75
-4.875
0.25
-13.5
-10.125
-16.5
-27.625
-15.75
-2.75
-7.125
-14.25
-26.875
-30.375
-20.375
-25.0
-12.5
2.375
-4.875
0.875
3.5
-9.625
-5.75
0.75
-10.5
-13.5
-18.0
-24.0
-7.5
-30.0
-58.875
-29.875
-3.25
-6.625
-20.25
-14.75
-10.625
-19.625
-9.875
-4.625
-13.5
-20.5
-7.375
13.375
4.0
-8.25
-16.75
-6.625
18.375
8.75
-13.375
-19.5
-13.0
-6.25
0.75
-4.75
-15.625
-17.5
-25.625
-35.125
-36.375
-19.0
-22.5
-49.25
-60.625
-48.5
-34.75
-30.375
-25.75
-23.75
-16.375
-25.125
-16.0
-5.875
-33.125
-29.125
4.125
-6.25
-14.875
3.25
-5.375
-13.5
-0.625
-9.375
-16.375
-5.875
-6.875
-2.75
8.625
3.0
-5.125
14.125
41.875
45.75
0.25
-19.375
27.0
44.625
37.0
37.625
15.625
9.125
4.625
-22.0
-14.625
8.5
10.625
5.625
3.0
-1.0
4.25
-0.625
-20.75
-11.375
-6.75
-19.125
-25.5
-29.125
-23.125
-19.125
-8.875
-3.0
-4.875
1.125
5.0
4.25
12.125
18.875
20.25
27.25
21.875
22.5
34.0
16.75
-0.625
4.0
-2.125
0.75
19.0
13.5
16.875
41.375
25.375
-0.375
5.5
0.75
-14.375
-17.25
-22.375
-22.25
-21.75
-17.875
-4.25
0.375
-11.25
-43.875
-34.875
6.625
8.875
2.125
8.625
18.0
12.125
-13.75
-27.625
-16.0
-12.375
-34.125
-39.0
-6.875
3.75
-10.125
1.75
15.5
10.25
-2.625
7.5
21.5
-15.125
-44.125
-23.125
-10.625
-12.0
-16.0
-16.0
-2.875
-10.25
-11.25
3.0
-18.375
-33.75
-19.5
-23.375
-21.0
0.0
-27.75
-52.75
-36.125
-40.875
-44.0
-38.375
-52.0
-63.625
-54.375
-38.375
-28.75
-21.625
-9.125
-7.25
-9.25
10.75
37.75
28.25
-22.875
-41.625
-18.75
-19.625
-30.875
-31.25
-22.25
-3.625
-12.0
-14.875
-9.25
-15.0
-12.875
-1.25
4.5
-8.5
-6.375
20.375
25.5
10.875
7.25
-7.375
-22.5
-8.75
13.875
1.5
-24.375
1.625
20.0
7.625
-3.125
-9.625
-1.875
-10.5
-16.375
-1.625
13.0
24.625
21.0
13.5
14.125
0.25
-5.375
12.0
26.875
28.375
35.875
27.875
19.75
37.5
27.125
9.25
4.125
-5.375
-13.0
-7.0
21.125
32.375
11.125
1.625
1.0
1.75
7.625
-13.75
-29.375
5.625
4.125
-34.375
-21.125
-13.625
-24.5
-1.25
1.625
-12.625
1.0
-9.375
-15.125
-5.625
-13.875
1.375
16.0
4.625
-1.125
-5.0
14.125
17.75
-1.625
2.875
7.75
10.625
3.5
-4.125
-4.875
-6.0
4.25
9.875
5.0
-4.5
-3.625
7.125
-1.75
-29.5
-37.125
-18.375
-8.875
-13.5
-24.375
-40.5
-28.125
-0.125
-25.25
-41.875
-18.75
1.125
-14.25
-32.625
-6.25
-9.625
-30.625
-36.25
-41.375
-59.25
-60.125
-39.125
-40.125
-35.75
-9.5
-10.5
-19.25
-9.375
-22.75
-34.75
-25.125
0.375
11.5
-2.0
5.75
18.25
9.25
9.875
3.75
-11.0
-6.75
11.75
15.375
5.875
25.0
12.75
-27.125
-5.375
5.0
-11.5
23.5
41.875
-4.0
-31.375
-8.0
19.625
8.375
-3.125
21.5
13.125
-8.125
8.25
14.375
1.625
3.875
18.375
23.0
13.0
4.125
34.0
51.75
11.125
-12.375
9.125
38.25
39.625
13.875
-13.625
3.25
44.75
41.875
17.125
-6.5
-16.25
-14.0
-23.625
-17.75
9.375
34.75
44.75
14.125
-5.375
8.25
2.375
-3.625
-16.375
-23.375
-16.375
-12.125
-12.625
-16.75
0.5
-3.875
-29.875
-24.75
-6.625
-6.875
-14.875
-13.625
-5.5
-11.125
-19.5
-19.25
-36.625
-41.25
-16.125
-10.625
-25.0
-28.625
-17.125
-18.625
-34.625
-23.5
2.875
14.125
-6.375
-42.375
-24.0
3.125
-10.125
-9.5
-7.5
-15.0
-24.375
-20.0
-13.625
-3.875
5.75
-7.25
-18.25
-18.875
-3.875
-2.875
-13.875
0.75
-1.75
-19.625
-14.375
-8.875
-3.0
3.375
12.25
6.875
-3.25
7.375
-2.625
-12.25
-10.25
-8.875
-1.0
-21.75
-36.25
-24.5
-8.375
-6.375
-15.125
0.5
-9.125
-31.5
-23.0
-28.625
-40.375
-31.375
-31.25
-57.5
-71.375
-51.75
-35.0
-50.875
-55.25
-20.25
-15.75
-35.875
-47.25
-57.375
-52.375
-49.0
-46.125
-58.125
-56.5
-5.375
-5.0
-34.875
-23.625
-5.375
10.0
18.625
14.75
1.375
5.625
14.375
3.0
-1.625
3.5
-0.125
-3.125
3.375
1.75
2.125
13.5
18.25
16.875
20.25
19.875
-3.75
-10.0
13.0
8.0
-5.875
-2.5
-4.625
10.125
27.75
10.25
-6.625
8.0
17.25
16.875
24.5
28.375
29.75
36.875
16.875
-12.125
2.625
18.375
18.625
17.375
18.75
18.375
-3.375
-9.875
-12.25
-12.0
21.625
31.375
21.125
17.375
6.5
2.5
-2.125
9.125
34.875
18.5
6.875
12.75
-17.5
-35.0
-9.5
-4.125
-8.375
-8.25
-21.0
-6.5
25.625
52.875
54.625
13.375
-7.0
11.25
18.875
14.375
7.875
11.625
16.625
-3.125
-29.0
-28.5
3.625
7.25
-24.5
-30.125
-8.25
8.0
3.0
-23.125
-14.625
12.625
-11.375
-31.5
-29.5
-26.75
-6.625
14.5
6.625
-5.625
-8.375
-20.625
-14.5
2.0
4.0
-2.0
-8.5
-1.0
19.75
38.75
30.375
7.0
10.625
25.375
8.25
4.75
12.375
10.625
15.25
-13.625
-39.375
-41.0
-38.0
-32.625
-44.0
-39.375
-15.125
-2.5
9.125
-14.25
-59.125
-47.5
-42.875
-67.0
-59.5
-61.625
-59.75
-29.875
-15.75
-23.25
-14.375
-1.375
16.25
30.625
12.75
-2.625
8.75
35.0
39.75
13.75
-5.875
-5.625
5.5
14.25
11.0
8.75
18.5
16.0
0.75
0.875
8.375
17.875
15.25
-1.125
8.75
7.75
-12.0
9.0
25.375
-0.375
-15.625
-10.125
-2.0
11.75
29.5
35.75
28.0
20.375
24.25
26.875
2.5
-8.25
23.75
39.0
35.5
34.75
29.75
30.625
19.0
16.625
28.125
-4.375
-38.0
-33.5
-13.375
3.625
0.875
21.625
37.625
24.25
22.25
19.375
22.125
27.5
19.25
15.125
3.5
-19.0
-40.375
-40.875
-1.625
22.25
17.625
5.125
-4.875
-4.375
-5.75
-7.125
-12.875
-10.125
-1.25
-6.75
-25.875
-22.875
9.75
30.0
7.25
-34.0
-44.0
-51.875
-56.125
-43.625
-41.75
-24.625
-33.625
-52.0
-4.875
20.25
-10.125
-19.5
10.5
23.0
2.0
-3.75
-3.0
-10.75
-12.75
1.375
10.375
0.125
10.875
19.5
-0.375
-18.125
-13.875
-10.875
-10.375
0.0
-5.0
-21.625
-39.0
-25.625
5.0
-10.0
-16.375
-0.375
-12.5
-14.625
6.0
11.375
9.125
-1.5
-18.125
-15.625
-6.125
-9.75
-9.625
10.625
13.5
-16.25
-31.625
-33.375
-38.625
-42.375
-34.75
-22.0
-7.875
10.5
2.75
-6.5
6.0
7.375
-14.625
3.625
10.125
-39.625
-44.5
-32.75
-24.125
-13.875
-19.875
-5.0
6.625
0.875
-9.375
-37.0
-36.125
-17.125
-8.25
1.375
-25.875
-40.5
-18.875
-20.375
-29.625
-30.375
-16.5
2.75
-0.5
-11.25
-16.625
-11.75
14.0
30.625
11.25
-14.75
-16.625
-12.875
-11.375
3.625
9.625
2.625
3.75
7.75
19.25
23.0
1.75
9.125
24.625
-2.125
-15.25
-6.75
-3.875
3.375
13.75
3.5
-3.75
14.75
20.875
17.875
24.0
18.625
9.375
1.875
3.875
-1.0
-27.375
-36.0
-37.0
-21.75
-0.375
-9.375
-12.0
-10.0
5.875
37.375
40.875
22.875
12.375
12.875
3.25
1.625
14.5
29.0
29.5
8.375
12.0
15.875
-0.125
10.0
26.5
26.875
5.25
-35.5
-44.0
-7.625
11.75
1.375
2.5
18.25
14.375
-11.5
-33.75
-25.25
-3.0
5.625
-17.125
-34.125
-5.375
10.5
4.375
-1.0
-2.125
-7.25
-10.25
2.75
-9.25
-21.625
-0.625
8.875
17.25
13.875
-5.625
-5.625
-20.0
-30.125
0.25
12.0
-8.125
-16.875
-4.875
4.0
-14.25
-27.625
-22.75
-15.875
-20.75
-44.625
-39.125
-12.875
5.875
9.0
-9.875
-21.125
-3.0
-4.0
-39.875
-44.375
-38.875
-37.75
-34.75
-40.125
-23.25
-5.0
-10.125
-25.375
-21.875
-3.375
-14.375
-8.25
10.875
1.75
-2.375
1.875
14.25
15.75
5.25
6.125
8.5
15.875
21.0
36.75
48.0
24.75
14.125
22.0
36.5
30.875
-0.125
-1.375
11.25
1.875
-14.25
-28.75
-14.5
30.125
40.5
14.75
14.375
31.5
17.5
0.25
-6.0
-6.125
10.0
37.25
51.625
17.875
0.75
37.625
33.25
-8.625
-22.875
-11.0
-9.125
-11.0
-2.125
3.75
-0.25
-6.875
19.0
26.875
0.875
-11.25
-26.375
-33.75
-16.75
-7.625
-7.25
16.625
24.875
10.625
26.75
42.875
41.0
34.25
27.0
22.125
20.875
32.75
28.875
7.75
12.0
36.5
23.125
-4.75
-9.375
-5.625
-18.25
-25.5
8.0
18.75
-10.625
-18.125
11.375
20.625
2.125
2.375
-2.125
-14.625
-6.625
-1.375
0.625
7.125
7.375
-3.5
1.25
5.625
-24.75
-16.875
7.625
-9.625
-19.375
-12.75
-19.125
-44.75
-39.0
-8.5
-13.875
-20.375
-7.375
-1.75
8.375
18.0
10.125
8.75
13.5
5.75
-1.5
-4.125
-7.75
1.5
8.625
-6.25
-25.625
-37.375
-38.125
-36.625
-61.375
-49.25
-4.875
-17.75
-32.625
-27.5
-23.25
-18.25
-22.125
-35.625
-43.125
-22.375
-10.5
2.125
20.5
7.5
-8.125
5.25
12.25
0.125
-11.75
-30.75
-23.75
10.875
23.375
4.125
2.625
15.625
15.625
18.75
18.5
19.25
-1.625
-9.5
12.875
4.875
-11.125
-7.25
-10.75
-2.0
10.375
-10.5
-8.75
16.0
18.875
2.0
-3.0
17.375
13.25
-23.375
-18.125
18.375
-1.125
-7.625
48.0
67.5
19.0
-5.625
16.375
8.625
-1.125
4.0
8.0
11.125
14.5
16.625
9.875
5.75
3.75
21.75
38.75
45.875
23.5
-30.75
-33.625
2.875
19.875
10.75
-9.375
-17.875
-9.25
-1.375
-15.5
-9.75
38.75
55.125
18.375
-16.375
-18.125
-7.125
-3.0
-19.375
-22.5
-0.875
-15.875
-34.0
-35.25
-22.5
-3.5
-15.375
-13.25
-0.875
3.0
3.25
-9.625
-12.0
-12.0
-6.375
0.625
5.875
10.5
-6.75
-6.5
-10.75
-26.0
-7.625
-3.25
-12.875
-11.625
-20.25
-21.0
-9.5
-11.5
-30.25
-45.5
-57.5
-48.5
-32.0
-39.375
-35.0
-26.0
-19.125
-28.875
-43.125
-34.5
-48.125
-56.75
-54.75
-80.75
-87.25
-41.75
-13.75
-13.0
-1.25
8.0
4.875
1.375
16.75
25.5
3.875
-14.625
-0.875
21.375
3.25
8.0
26.375
-18.375
-18.125
-1.125
-15.875
-7.125
-5.5
2.0
10.0
5.25
8.5
1.625
-5.0
9.375
20.5
16.5
18.0
15.0
-2.75
0.5
10.25
35.125
46.25
8.25
-1.25
10.375
9.375
-1.875
3.5
35.875
48.875
26.25
7.125
17.25
35.25
48.875
41.5
19.75
1.25
-5.25
8.25
-3.375
-33.25
-30.0
-21.375
-32.0
-15.75
9.25
2.0
-19.0
-53.75
-59.625
-29.75
-16.625
-3.625
-10.875
-36.0
-20.375
3.75
8.75
-0.75
-22.375
-26.625
-29.75
-41.0
-27.125
-5.625
-19.75
-33.0
-13.125
0.0
-20.5
-39.875
-36.875
-32.25
-21.875
-11.875
-14.375
7.375
20.625
6.625
23.125
39.25
12.125
-21.0
-19.125
-7.625
-6.875
-3.875
-6.5
-25.375
-23.5
10.75
4.125
-24.5
-12.375
-14.625
-25.25
-16.625
-19.5
-15.375
-18.625
-20.0
-34.75
-52.125
-20.125
-2.75
1.625
11.125
-8.75
-15.25
-17.5
-41.875
-47.125
-24.75
-16.125
-14.625
-8.25
-12.5
-14.5
-28.125
-31.625
-21.125
-17.0
-30.625
-33.875
-19.875
-28.75
-37.875
-30.5
-23.125
-11.5
10.625
-0.25
-17.0
1.125
20.125
14.5
11.0
19.375
6.5
9.875
10.0
-25.0
-21.25
2.625
2.75
15.0
31.75
28.75
12.125
12.25
29.0
15.125
-3.125
17.75
40.625
29.375
15.625
38.625
66.375
51.375
23.625
15.75
21.25
6.75
-3.875
24.5
29.5
11.875
-7.875
-37.5
-45.25
-21.375
8.75
28.375
10.375
0.75
23.75
24.25
18.5
20.375
18.5
26.875
23.5
6.625
-8.625
-12.75
-1.5
-1.25
4.875
-2.5
-16.5
-20.625
-40.375
-24.875
1.625
-1.375
7.125
-15.25
-52.875
-28.625
-11.25
-20.875
8.125
31.25
2.875
-15.875
2.5
6.375
-11.5
-12.0
-5.875
-27.875
-37.125
-20.625
-26.625
-29.5
-15.25
10.125
25.625
-2.625
6.125
17.5
-0.5
15.5
14.5
1.5
-7.75
-6.75
10.875
30.875
41.25
9.875
2.5
20.125
17.5
24.625
5.5
-14.25
-10.75
-8.75
-10.125
-29.5
-37.5
-36.25
-44.625
-48.5
-29.875
-14.625
-28.625
-26.375
-8.375
-11.75
-18.125
-7.875
-0.5
-11.5
-34.25
-40.375
-19.0
15.25
26.5
-1.0
-25.0
-15.375
3.25
-1.5
-9.25
4.0
13.5
-8.375
-24.75
-7.75
-0.625
-6.75
-6.875
0.0
15.875
8.5
-6.5
-12.875
-24.0
-7.375
2.875
-28.75
-41.875
-31.375
-30.125
-23.875
-9.25
0.375
3.25
-19.875
-47.625
-45.125
-50.125
-45.75
-20.625
-4.875
-4.125
-20.25
-19.0
-12.375
-32.25
-40.875
-23.25
-3.5
-9.875
-26.0
-23.5
-11.0
-3.5
-15.0
-13.125
-1.75
-5.125
-2.0
11.625
-12.25
-40.625
-11.125
-7.25
-16.75
-1.25
1.875
-2.625
-9.25
-21.25
-23.625
-5.5
35.875
57.875
16.25
-12.25
-13.0
-24.625
-11.375
13.125
-0.625
-4.25
23.5
14.125
-21.625
-10.375
25.625
35.625
30.5
27.875
21.125
5.25
25.875
33.5
20.0
25.125
10.5
8.875
48.125
66.0
31.125
16.125
31.625
28.25
13.25
-16.125
-36.125
-12.75
20.75
29.25
22.0
18.0
12.25
8.125
9.0
7.625
2.75
0.25
-7.125
-8.375
-26.625
-35.625
-19.0
-22.375
-10.375
2.125
10.75
4.5
-21.375
-14.125
-9.125
-16.875
-8.0
0.625
7.375
16.75
12.625
-9.25
-20.0
-19.25
-13.625
-0.75
-0.5
-6.5
3.125
8.625
-9.75
-11.25
9.625
18.125
22.5
29.875
11.625
-15.625
-8.125
-2.75
-26.0
-42.375
-37.75
-39.125
-37.125
-27.375
-15.125
9.125
23.875
28.125
38.75
31.75
3.5
1.375
11.625
18.25
22.625
2.5
-11.75
-25.875
-38.25
-21.625
-30.375
-29.75
6.0
2.375
-4.0
16.625
9.25
16.125
43.125
16.625
-11.625
-15.125
-11.0
-4.375
-13.875
-12.0
12.0
9.5
-17.0
-35.125
-33.5
-16.125
-6.875
-12.875
-31.25
-42.875
-44.125
-38.625
-23.5
-23.875
-40.0
-51.0
-54.0
-39.625
-24.625
-14.875
-0.875
-5.5
-7.375
22.625
10.0
-16.5
-2.125
1.5
1.25
1.0
-13.75
-22.875
-20.625
-26.25
-23.125
-6.5
2.625
12.75
36.25
47.5
36.875
20.375
-3.625
-10.25
-1.875
3.25
2.0
-0.5
7.0
14.25
11.625
-0.375
-10.25
-8.5
-6.625
-6.25
-4.25
13.375
36.0
45.25
42.875
11.125
4.0
20.0
15.5
8.25
0.375
5.625
-8.375
-28.875
-0.375
13.625
3.0
1.125
0.625
5.75
5.875
6.375
0.875
-3.875
8.75
-4.125
-22.0
-6.75
7.625
1.0
7.5
10.25
-5.25
5.625
19.625
36.375
41.5
-2.625
-25.875
-12.0
-14.75
-24.5
-20.25
-5.0
-6.625
-28.625
-20.875
-5.75
-11.625
-6.875
0.625
-1.5
-16.375
-29.75
-25.5
-24.625
-22.25
-16.5
-33.375
-48.375
-38.125
-27.625
-9.625
24.25
30.125
-3.875
-34.25
-43.375
-56.0
-48.75
-36.25
-31.125
-0.625
14.125
7.0
-4.75
-20.25
-22.125
-13.375
-2.375
1.75
-19.375
-20.25
10.125
8.375
-13.125
-9.5
4.5
-8.25
-23.875
-9.25
10.0
16.25
11.875
13.125
18.25
25.0
33.625
28.0
18.25
21.375
13.75
-8.75
-17.5
4.0
27.625
16.875
20.5
36.75
12.25
-4.875
24.125
54.875
36.625
12.0
26.5
28.75
10.0
16.125
26.0
2.875
-3.0
-6.125
-16.0
-11.375
-15.125
-4.75
6.875
-10.25
-1.5
27.125
14.0
-12.0
-10.625
8.25
23.625
11.875
-15.0
-1.0
19.125
15.625
5.375
10.25
32.625
21.125
24.125
42.0
21.375
6.75
-2.875
-7.125
21.0
28.5
4.875
-4.0
-8.5
8.375
21.125
-18.5
-41.625
-39.25
-35.375
-17.375
1.875
-0.875
-22.75
-19.875
0.0
-4.875
-33.25
-48.625
-47.5
-43.875
-43.75
-37.0
-27.75
-26.125
-23.25
-23.375
-20.375
-4.25
12.375
15.75
-9.5
-5.5
16.125
0.25
-0.125
7.875
-8.0
-14.25
10.75
33.625
-3.0
-35.125
16.75
48.125
26.0
12.0
6.125
1.375
2.375
0.125
12.125
34.375
28.625
18.875
18.875
7.375
-0.125
14.25
12.0
18.375
40.375
39.5
41.625
32.875
18.125
26.875
20.5
-13.25
-33.25
-31.625
-19.875
3.25
9.125
16.375
21.5
-6.625
-4.0
15.875
9.875
-18.25
-30.875
0.125
18.5
1.625
-1.0
15.625
-4.875
-26.375
-26.25
-30.0
-24.25
-3.0
7.0
-17.5
-28.5
-14.625
-17.25
-23.75
-14.75
4.625
19.625
9.625
-2.25
-6.25
1.125
-0.75
-3.875
-1.875
-24.5
-9.25
12.0
-14.125
-34.875
-31.375
-20.625
-33.125
-25.0
21.75
29.25
-7.0
-28.75
-36.625
-39.875
-14.625
6.625
-1.5
-1.0
0.625
-12.625
-24.75
-38.875
-31.125
-6.0
0.625
1.5
16.125
31.5
42.75
21.0
0.625
2.875
6.375
15.25
-4.625
-17.375
5.5
8.75
-16.0
-34.375
-28.5
-6.125
4.875
-6.0
-12.75
-2.25
-1.75
-7.375
5.875
17.875
11.5
5.25
4.625
1.625
-16.375
-33.0
-9.0
9.75
-9.625
-17.625
-3.25
0.25
-3.875
10.875
21.625
25.75
8.75
1.25
14.875
21.875
1.0
-30.25
-2.75
4.0
-25.5
-21.625
-15.0
-19.625
-36.625
-42.375
-22.25
-16.25
-42.375
-51.125
-42.125
-47.75
-39.0
-36.375
-44.875
-24.0
-9.125
-30.75
-44.25
-29.875
-18.5
-27.25
-41.375
-26.0
2.5
-17.875
-20.25
14.625
3.125
3.5
12.125
-10.0
-23.375
-37.375
-38.75
-23.125
-9.125
-5.75
-6.75
-6.0
-10.5
6.125
7.625
-23.75
-12.875
6.5
-7.125
-5.625
7.625
14.0
3.875
-14.375
-16.375
-33.0
-13.75
30.875
16.75
7.375
19.375
16.75
10.625
-6.375
-11.0
11.625
26.625
29.5
28.125
26.5
29.5
25.125
0.125
-13.875
-19.625
-20.75
4.375
-0.125
-32.0
-36.0
-13.625
5.375
18.625
17.875
8.625
-4.25
-14.75
-16.0
-25.625
-32.5
-28.5
-21.375
-26.5
-30.125
-8.0
-3.75
-17.25
-14.0
-11.75
4.5
6.0
-13.625
-10.5
-16.375
-23.25
-24.0
-27.0
-9.0
-8.625
-24.0
-21.375
-18.625
-23.625
-44.0
-54.375
-7.125
18.0
-6.125
-11.75
-6.625
-15.25
-14.75
1.125
-1.0
-4.0
-2.875
-32.0
-38.375
-9.625
-14.875
-32.125
-49.875
-44.75
-19.875
-29.25
-34.0
-27.125
-35.0
-40.5
-22.75
-1.625
-6.625
-14.75
-9.125
-22.0
-40.625
-44.125
-35.0
-8.375
-11.375
-31.375
-23.25
-19.125
-27.5
-23.75
-5.875
-8.125
-18.0
-14.5
-19.25
-19.0
-28.75
-26.5
-16.375
-23.375
-20.875
-28.0
-46.0
-57.0
-47.0
-28.25
-26.875
-29.25
-10.0
-0.25
-22.375
-28.25
-35.75
-33.5
-18.625
-20.5
-18.25
-12.5
-8.75
-22.75
-23.375
3.625
-0.75
-23.125
-25.125
-35.625
-51.75
-39.0
-14.625
-26.75
-32.25
-23.25
-47.75
-56.5
-45.0
-35.75
-27.5
-20.375
-0.625
6.0
6.125
13.25
8.625
2.625
21.375
32.625
1.75
-23.375
-27.375
-43.5
-52.75
-58.0
-74.875
-74.375
-58.375
-62.875
-73.25
-61.625
-54.875
-52.75
-42.5
-32.125
-22.375
-35.0
-49.125
-39.5
-37.75
-35.5
-32.5
-51.25
-47.25
-33.75
-29.375
-9.375
-1.75
-5.75
-12.75
-20.75
-27.375
-24.625
-8.625
13.875
28.0
17.75
30.375
43.75
30.125
21.5
31.375
39.875
36.5
29.875
13.625
0.75
8.75
9.25
-20.0
-9.5
26.0
12.375
7.125
27.75
7.125
-11.75
-1.25
7.125
2.5
1.0
11.5
15.0
14.875
17.125
41.125
62.125
38.875
7.875
6.375
-0.875
-29.25
-37.25
-16.5
-16.375
-11.125
13.875
8.5
-8.0
-12.75
-13.625
-22.875
-25.875
-12.125
-10.375
-21.375
-22.5
-1.75
-1.125
-7.875
7.0
0.5
-10.375
-24.625
-39.25
-35.625
-24.875
-15.375
-26.625
-26.875
-7.375
-14.875
-21.0
-9.625
-11.0
-12.0
-11.375
-3.375
-19.75
-52.0
-25.25
-3.25
-11.625
1.75
-1.625
-9.375
-6.125
-27.75
-46.25
-38.375
-26.625
-33.75
-46.75
-53.625
-33.875
-16.25
-29.25
-18.0
-21.75
-45.75
-48.5
-37.5
-13.375
-8.5
-25.0
-24.375
-26.75
-38.25
-36.0
-22.375
-11.625
-21.0
-35.5
-50.125
-49.75
-40.125
-39.5
-17.25
-8.0
-16.75
5.25
-2.875
-23.5
-7.5
-2.0
2.25
1.625
-19.0
-1.375
21.625
-4.125
-25.875
-22.25
-25.875
-37.0
-34.0
-17.25
-23.875
-28.375
-2.0
-9.625
-13.0
-3.125
-33.375
-33.125
0.75
-7.75
-32.125
-12.5
16.0
18.125
7.75
8.0
14.375
15.5
2.125
-25.125
-18.25
3.0
4.375
6.875
19.625
10.75
-1.625
-7.625
-25.375
-20.75
-26.625
-24.0
-21.125
-49.625
-44.625
-48.375
-66.875
-53.0
-39.375
-41.25
-58.625
-65.375
-41.5
-20.75
-18.75
-12.75
-21.125
-27.25
-22.375
-27.75
-20.0
-23.375
-42.625
-48.625
-43.75
-29.0
-7.875
-1.0
2.75
-6.875
-35.0
-28.0
-8.25
-8.5
-15.125
-21.75
-2.625
0.75
-6.875
5.625
15.125
15.125
8.5
-0.125
-0.5
8.625
0.125
-3.875
29.75
55.125
34.375
5.875
-3.0
-4.0
-3.875
-13.25
-28.25
-11.125
-6.625
-25.625
4.25
41.875
29.375
3.625
14.0
27.75
14.0
6.125
9.875
6.25
-10.875
-20.75
1.75
22.375
0.5
-19.125
-8.875
-1.0
6.75
-3.5
-3.75
28.125
29.875
-5.875
-24.375
-17.125
-25.125
-31.0
-22.375
-20.25
-6.25
12.875
5.125
-17.25
-32.0
-33.5
-20.375
-0.5
1.875
-9.75
-13.375
-12.625
-14.5
-15.0
-13.625
-6.25
-3.375
-13.25
-19.625
-18.875
-15.5
-19.625
1.0
34.0
4.625
-31.75
-25.125
-14.25
-10.875
-22.0
-33.25
-39.875
-27.125
-12.5
-21.875
-19.375
-16.375
-18.75
-18.5
-13.0
6.0
10.5
-10.75
-14.25
4.5
20.375
2.875
-37.625
-35.125
-25.875
-27.875
-25.5
-33.0
-29.375
-20.125
-12.25
5.5
7.25
-8.75
-9.75
-1.0
-11.25
-38.375
-31.125
-25.5
-31.375
-19.625
-31.625
-35.25
-11.25
-4.375
-13.875
-17.375
-6.375
11.125
24.375
22.375
1.625
-24.25
-27.75
-30.875
-44.625
-21.5
-9.75
-7.125
-7.5
-12.375
-14.875
-22.625
4.375
35.375
25.0
-0.875
-5.875
-3.375
8.125
12.375
-9.125
-27.875
-22.5
-4.625
8.0
8.25
-11.875
-28.25
-22.375
-17.375
-10.375
20.125
24.75
-7.5
-11.125
-10.75
-14.625
-9.125
-5.5
1.75
4.0
-10.5
-21.375
-5.75
-2.25
-30.875
-38.5
-17.375
-11.875
-6.375
8.875
-10.75
-26.375
-12.75
-10.875
-4.5
1.625
-22.25
-27.25
-19.0
-30.0
-39.5
-31.0
-16.5
-3.625
1.75
-4.25
-8.25
-15.25
-14.875
-15.375
-12.25
7.0
11.75
16.0
16.0
25.25
34.125
22.125
25.875
30.75
27.375
31.125
24.625
2.5
9.375
33.125
52.625
54.25
29.375
24.875
2.5
-18.125
7.125
24.0
18.875
0.25
-8.125
2.75
27.75
45.875
56.625
62.875
64.375
68.125
56.5
37.625
24.0
48.625
44.875
-3.25
-7.75
16.75
42.375
27.75
-0.375
3.375
8.5
15.875
14.75
13.875
3.25
-12.625
-19.875
-17.75
-0.5
18.0
7.375
-15.375
-5.875
2.0
12.0
11.0
4.5
13.25
12.5
-5.0
-32.875
-23.125
-1.625
-18.375
-17.25
-4.875
-13.625
-24.25
-0.625
24.75
8.5
6.375
-6.875
-23.75
-12.125
-9.625
-6.375
-6.5
-15.0
-13.375
-24.75
-22.375
-14.0
-27.0
-16.75
-2.375
-10.0
-10.25
-36.625
-41.25
-14.375
-18.5
-17.75
-32.25
-58.875
-53.875
-38.25
-23.0
-17.875
-27.125
-27.75
-38.625
-35.875
-24.0
-26.0
-30.25
-51.0
-38.125
2.125
-9.25
-37.75
-31.75
-25.625
-27.0
-17.5
9.5
15.75
-18.5
-26.0
-1.75
-9.25
-27.5
-10.375
12.25
-0.5
-21.375
-7.0
13.0
23.0
22.875
19.125
32.125
49.125
38.875
18.25
35.375
53.375
26.875
-3.75
-1.0
-5.875
-20.0
-0.625
13.25
5.0
15.125
18.0
-3.5
-7.375
11.125
17.25
1.75
8.875
21.5
14.5
21.625
23.625
13.375
-1.375
-15.25
-7.625
-5.875
0.625
9.75
2.75
28.625
62.5
40.0
-17.5
-33.75
-18.375
-4.875
-7.5
-22.625
-32.625
-38.625
-33.125
-5.0
23.5
-3.0
-30.125
-11.0
-5.75
-25.625
-20.25
-15.875
-20.875
-0.25
-3.375
-3.0
-0.75
-20.625
-19.375
-15.125
-15.25
-13.375
-11.5
-4.125
-1.5
-9.125
2.0
13.5
0.375
2.75
-2.125
-41.375
-46.25
-0.625
37.375
34.625
8.5
-8.25
-4.625
10.0
4.75
-3.875
9.375
1.0
-23.375
-16.625
-20.625
-38.5
-29.25
-11.5
7.0
14.25
9.125
4.125
21.5
18.25
-8.5
-6.625
-1.0
5.125
24.25
13.25
-3.125
9.375
24.625
23.625
-3.875
1.5
29.125
21.25
3.875
4.5
4.75
-21.125
-18.875
13.875
9.625
-2.625
5.625
26.0
33.375
40.5
53.25
44.875
5.375
-45.0
-49.125
-38.625
-37.5
-35.125
-29.0
-18.125
-7.25
-3.875
-11.375
-30.625
-58.875
-43.25
-15.25
-5.25
-10.75
-20.875
-7.625
-8.375
-29.0
-29.25
-10.125
-21.5
-42.375
-27.625
-7.25
10.625
7.625
-33.625
-44.75
-11.875
-0.25
7.75
32.75
16.125
-5.625
8.25
3.0
-6.375
2.75
7.25
-4.0
-17.0
-4.875
25.25
25.125
18.375
10.25
-27.375
-44.75
-27.0
-3.125
26.875
41.125
18.625
-12.0
-19.125
-6.75
8.5
31.25
21.75
-15.5
-31.625
-14.5
4.875
11.0
19.875
12.5
7.625
3.625
2.5
12.875
-3.375
-4.0
22.25
30.125
2.25
-27.875
-18.125
-0.25
-4.75
-21.875
-22.5
-16.5
-25.375
-36.625
-26.125
-5.625
-3.875
-5.0
0.625
-7.375
-17.75
1.25
-6.75
-48.25
-53.75
-35.5
-27.25
-21.625
-7.5
-1.125
-12.5
-23.75
-33.5
-60.5
-53.0
9.375
21.0
-3.25
0.375
14.75
9.125
-12.125
-18.25
-18.125
-21.875
-20.25
-3.25
9.0
3.75
-4.875
-8.5
-2.625
-12.25
-23.0
-24.375
-45.625
-55.625
-53.125
-47.125
-32.75
-27.375
-30.5
-24.0
-11.875
-20.0
-27.5
-16.875
-22.0
-27.75
-16.875
-4.375
-7.0
-23.125
-33.625
-27.375
-30.125
-32.75
-12.75
4.375
-7.25
-11.75
6.125
-17.625
-18.75
12.625
4.125
-6.125
-9.875
-5.25
19.625
17.25
-3.0
-12.875
-4.625
10.75
-3.375
-29.5
-47.875
-71.125
-70.25
-29.75
-5.125
-7.875
-16.625
-12.25
0.875
25.0
30.625
0.375
19.25
21.625
-23.125
-29.375
-33.25
-7.75
22.875
-4.125
-15.0
-30.0
-59.0
-33.625
-5.625
-23.0
-35.25
-33.375
-35.875
-29.0
-35.875
-39.0
5.5
21.75
-1.75
16.75
34.625
41.0
55.875
33.125
9.5
15.375
17.0
0.5
6.125
18.875
7.875
9.375
26.0
38.75
32.625
11.0
10.25
21.625
7.0
-16.0
-40.25
-48.25
-27.875
-30.0
-47.625
-22.625
-4.25
-24.5
-34.375
-51.75
-45.875
-26.875
-36.625
-24.75
-15.875
-30.125
-41.125
-29.375
-29.5
-40.5
-19.375
-4.125
-3.375
-3.875
-11.25
-26.375
-32.5
-34.75
-35.375
-7.5
21.25
11.375
-35.75
-41.375
-5.125
-8.125
-18.125
-7.5
2.75
8.125
2.125
5.0
17.0
1.0
-15.375
-13.125
-16.875
-5.25
7.625
7.25
11.25
-0.5
-3.5
3.75
8.125
12.125
15.0
23.625
22.5
17.75
15.375
3.0
-0.625
7.875
30.125
36.125
12.375
7.625
4.375
-11.5
1.5
4.625
-11.875
-7.875
-25.125
-26.5
15.75
13.625
-12.75
0.5
-1.875
-22.0
-16.375
-26.125
-33.125
-15.75
-7.5
-10.0
-19.5
-25.5
-16.125
-15.875
-17.25
-2.5
-14.375
-31.25
-2.125
11.625
-12.125
-7.125
-1.25
-8.5
7.5
5.875
-22.375
-23.5
-4.25
-7.875
-21.625
-9.625
-9.75
-24.5
-14.25
-27.75
-38.875
-22.0
-11.25
-0.5
-0.625
-9.625
-24.875
-14.75
1.625
-14.5
-14.625
5.25
22.125
4.0
-22.875
-13.125
6.375
19.625
14.875
2.625
-10.125
-18.375
-32.875
-49.625
-24.875
-17.5
-48.5
-59.25
-41.875
-31.5
-36.375
-15.125
23.875
35.0
27.625
22.125
8.875
-24.75
-39.0
-12.25
8.75
5.375
-30.0
-42.125
-10.875
-3.0
-15.375
-30.875
-32.375
-14.125
-4.5
-10.625
-19.375
-11.625
-10.875
-31.125
-30.5
-10.625
-11.0
-25.75
-26.125
-17.875
-15.375
-3.875
10.25
5.875
0.125
12.875
12.625
-8.625
-0.375
14.875
1.5
-16.75
-17.25
-6.625
-10.125
-23.875
-22.875
-13.75
-20.0
-16.0
6.625
-5.5
-36.875
-22.5
-0.625
-3.5
-3.5
-7.875
-2.75
17.5
8.75
-25.125
-18.625
13.375
5.125
-0.875
19.875
10.125
22.625
52.75
14.25
-40.0
-38.125
-16.625
-19.0
-27.0
-18.75
-17.75
-28.25
-22.25
-11.5
-18.25
-39.625
-38.5
-6.75
-4.125
-20.0
-37.5
-66.875
-84.25
-66.5
-29.5
-2.75
0.5
-5.75
7.0
7.25
-7.5
-0.125
18.625
21.75
9.375
0.625
17.125
19.125
10.25
36.0
35.875
11.375
19.5
18.625
-9.0
-31.125
-49.0
-43.75
-20.25
-11.375
1.5
11.0
16.0
26.75
17.375
-4.75
5.375
7.125
-14.75
15.625
40.875
26.875
37.25
47.0
23.875
6.375
3.875
10.25
28.375
23.875
17.0
10.625
-1.25
-6.875
-6.375
4.75
6.0
-11.875
-14.375
12.125
14.375
2.625
-0.625
0.75
18.375
12.0
-24.25
-43.25
-37.0
-29.25
-21.25
-21.625
-37.5
-37.0
-20.25
-14.375
-10.5
-14.625
-28.875
-19.625
-21.75
-19.875
-6.375
-7.625
-14.75
-20.75
-12.0
1.625
21.0
35.5
36.125
0.125
-43.125
-39.0
-29.375
-32.0
-23.375
-17.75
-14.625
-24.875
-50.125
-60.375
-55.0
-34.125
-13.125
-16.75
-25.0
-24.125
-9.25
-1.375
-9.25
-20.0
-33.25
-16.125
-13.25
-25.125
-6.5
4.0
2.0
-12.875
-31.375
-16.0
-10.0
-12.5
-24.0
-52.875
-35.875
-6.25
-0.375
1.25
8.25
12.375
14.375
-0.125
-6.375
25.5
17.0
-13.5
-15.875
-43.0
-53.125
-23.375
-16.75
-28.875
-32.75
-12.625
3.875
-15.125
-38.375
-38.125
-19.625
-13.375
-26.625
-36.625
-42.75
-36.125
-12.625
-2.75
2.375
-14.25
-11.375
29.875
29.375
4.375
-27.5
-30.375
-4.25
4.5
-12.0
-38.625
-33.375
-25.0
-37.75
-34.875
-32.0
-30.75
-26.125
-26.375
-9.375
12.375
9.375
18.125
17.5
-7.0
4.875
12.75
-0.875
2.0
8.875
13.25
23.125
5.875
-8.25
32.25
49.5
21.75
17.25
23.875
21.375
17.125
16.5
21.625
34.75
45.875
50.5
50.25
39.625
40.0
42.375
12.25
-12.625
4.625
22.25
13.625
-9.875
-4.625
5.875
-27.875
-26.375
5.75
18.375
29.375
18.25
-2.125
-6.25
-0.375
0.875
-3.125
10.625
21.875
22.0
27.125
19.375
14.625
15.375
10.5
-2.25
-7.875
5.25
11.875
14.375
19.25
7.875
-24.25
-55.75
-52.25
-18.75
-12.0
-26.25
-26.75
-20.75
-8.0
-10.375
-29.375
-21.5
-11.375
-11.375
6.375
8.875
-22.375
-48.75
-37.75
-27.0
-35.5
-24.625
-7.875
-3.75
-9.625
-1.375
5.375
9.375
11.5
-11.0
-13.25
1.625
12.75
15.25
5.75
-1.875
-1.625
-8.375
-25.625
-28.0
-12.125
-12.625
-27.625
-8.875
18.5
32.625
14.25
-24.25
-27.25
-9.125
5.0
8.0
12.375
25.5
31.25
27.125
38.25
48.125
34.25
15.25
6.25
14.625
12.125
-9.0
-24.375
-23.625
-9.125
1.5
15.5
28.375
30.875
24.625
15.125
20.125
36.125
38.125
31.0
6.75
-36.875
-50.5
-28.875
-14.875
-16.25
-4.5
-7.875
-6.125
26.125
32.875
3.875
-19.0
-30.25
-26.375
-2.125
13.875
12.125
-4.625
-14.625
-0.875
12.5
11.125
-1.0
-10.875
-10.375
-9.75
0.375
9.875
-3.75
-0.75
11.375
3.75
13.625
25.875
20.25
14.75
16.125
21.5
10.25
-8.75
-26.625
-30.0
-9.125
16.5
12.875
-10.75
-8.625
-12.25
-13.25
5.625
-2.875
-10.875
-0.875
-12.875
-20.375
-7.0
0.0
-17.5
-49.25
-55.625
-38.375
-23.375
-11.625
2.75
13.75
4.5
-0.25
11.0
14.625
7.0
-14.75
-26.375
-33.5
-10.125
43.125
26.875
-17.0
-15.5
-17.625
-31.25
-37.125
-42.375
-29.25
-2.875
7.0
-8.0
-23.125
-13.125
-0.625
-7.375
5.875
13.875
-6.125
1.625
6.75
5.25
5.0
-7.875
-11.75
-9.625
-6.875
8.75
20.75
8.5
-13.375
-15.625
1.375
14.75
14.875
12.375
6.75
-0.625
-12.125
-23.125
-16.5
-11.75
-7.0
-7.625
-11.75
-10.5
-32.25
-42.125
-15.75
-6.875
-13.375
-13.625
-4.125
0.0
-16.25
-24.125
-19.125
-7.875
7.25
15.375
6.875
-10.625
2.375
12.625
-9.875
-22.0
-31.0
-22.75
18.25
37.375
23.25
-30.125
-60.125
-40.75
-48.75
-51.0
-24.5
0.625
12.0
1.125
-3.75
5.5
3.0
-8.875
-0.125
14.375
4.0
-7.25
-22.125
-21.5
1.5
3.0
-6.625
-13.125
-10.125
-8.5
-23.25
-22.0
-18.5
-7.0
19.75
23.875
18.25
14.0
13.25
8.625
5.25
23.625
32.75
16.625
17.25
38.875
27.5
15.875
24.75
-2.625
-3.25
25.125
10.875
15.0
53.5
25.0
-31.5
-20.375
15.5
20.25
1.375
-11.625
9.0
36.375
31.5
9.25
-12.625
-8.625
10.375
-6.625
-28.5
-20.375
-4.75
-2.375
-17.375
-7.75
11.375
-3.875
-6.125
1.125
0.875
2.625
2.625
3.75
10.25
17.125
3.625
-18.75
-25.5
-11.5
2.5
-1.5
4.5
8.25
-1.625
3.75
18.25
28.875
45.75
59.25
55.875
57.5
51.125
25.0
19.75
39.75
44.0
17.25
5.625
6.0
-5.375
-4.875
-15.5
-9.25
4.625
-16.125
-20.25
-2.625
-14.875
-33.25
-28.375
-24.5
-16.0
-10.75
-19.0
-28.625
-37.25
-29.0
-17.0
-17.375
-9.125
-8.25
-15.25
-11.75
-21.0
-20.25
4.75
-3.5
-2.75
12.125
-1.625
-6.375
6.25
21.625
17.25
12.625
8.875
-20.875
-16.625
5.25
3.75
3.625
-1.875
-4.375
9.125
21.875
18.0
28.5
41.25
40.5
35.125
8.75
2.0
8.75
3.625
9.125
3.0
-11.25
-5.25
2.0
8.125
11.0
8.5
32.5
49.875
46.5
43.5
44.625
42.625
35.875
45.875
42.875
8.125
6.5
40.375
52.625
48.375
44.375
48.25
57.5
31.25
7.125
27.125
32.125
10.375
2.5
6.625
15.375
17.75
18.125
23.125
16.0
16.625
8.75
-9.5
-16.75
-8.125
11.25
16.625
16.875
24.75
13.0
-8.0
-2.25
7.375
-2.75
-14.75
-20.75
-14.625
-7.125
-17.0
-30.25
-24.0
-13.5
-9.25
-13.75
-20.875
-10.875
0.125
-21.0
-50.625
-49.75
-31.0
-30.5
-27.375
-21.5
-42.5
-43.875
-24.375
-27.625
-47.5
-42.875
-18.375
-10.375
-5.25
8.25
2.75
-13.875
-15.875
-20.5
-38.5
-36.875
-30.0
-34.5
-32.375
-13.375
-3.25
-17.875
-20.875
-0.5
15.875
-2.375
-3.625
14.625
12.375
7.375
11.0
12.875
-0.375
-19.375
-26.125
-9.0
6.25
3.0
-1.625
15.875
12.875
-21.5
-16.875
11.625
0.25
-27.75
-16.375
19.875
25.0
7.75
-4.5
-13.25
-7.125
7.375
4.5
-5.5
-6.25
10.25
11.5
-18.875
-29.25
-30.375
-36.75
-24.0
-16.0
-9.125
-1.625
3.0
12.625
18.5
30.75
32.875
11.0
-7.0
2.75
6.5
1.75
16.625
20.5
7.0
-11.625
-18.75
-1.75
6.625
-2.0
-3.125
2.125
10.0
3.625
-5.5
3.0
-6.375
-16.875
-10.25
0.875
13.0
18.5
11.25
4.0
-5.25
-25.125
-20.125
-2.25
-8.375
-13.25
-12.875
-31.875
-19.125
27.0
21.75
4.375
6.375
-6.625
-16.5
-7.125
8.5
13.625
-9.25
-34.625
-8.625
19.125
11.875
5.25
-4.75
-2.0
8.25
7.125
17.625
17.125
1.5
8.375
-5.375
-29.25
-6.75
-3.375
-18.625
-6.875
13.75
20.875
23.5
17.625
-5.625
-14.875
0.75
2.125
-6.875
-1.25
-5.75
-20.75
-28.375
-13.5
-9.625
-25.875
-21.875
-14.75
-13.625
-13.375
-15.75
4.375
17.125
1.375
4.25
22.0
20.125
6.125
-9.875
-23.0
-20.25
-17.25
-23.0
-12.25
7.125
14.0
13.25
16.75
23.875
17.25
16.375
32.125
26.125
23.875
29.0
18.375
10.375
3.75
1.0
-19.125
-45.25
-45.25
-20.25
-1.25
-12.625
-12.0
-6.25
-10.625
-17.125
-52.25
-54.0
-16.875
-12.875
-18.375
-30.0
-34.75
-5.625
7.875
12.5
3.75
-21.875
-9.125
-20.5
-35.625
-7.25
-6.25
-12.125
-1.375
13.375
14.5
6.375
0.25
0.125
15.5
24.0
25.625
14.25
-2.75
-10.75
-14.625
-8.875
-3.75
3.25
12.125
-2.625
-10.125
5.875
-3.5
-5.375
23.25
15.5
0.75
-3.75
-19.625
-1.25
18.625
1.25
8.0
20.125
18.625
18.75
2.75
-3.875
-6.75
-6.5
7.125
-2.5
-6.625
7.0
-8.75
-12.25
14.625
13.75
-6.75
-12.375
-7.625
4.125
12.5
-1.5
-27.375
-39.125
-26.125
-22.125
-16.75
2.625
-1.375
-3.0
12.0
11.5
6.875
-8.75
-31.875
-23.125
-8.25
-12.375
-18.0
-15.375
-11.375
-10.25
-12.375
-9.75
-10.375
-16.375
-4.875
16.75
20.375
9.0
-15.0
-23.25
4.375
16.875
8.625
-7.375
-14.5
-6.75
-14.75
-19.75
-12.875
-9.375
-23.5
-49.875
-40.875
-40.375
-61.625
-36.25
-1.0
-8.125
-17.0
-1.25
3.0
-13.5
-13.5
-7.625
-11.25
-17.625
-25.125
-28.375
-26.625
-15.625
-10.5
-14.375
-15.75
-19.875
-24.5
-41.875
-33.0
7.25
9.25
1.75
0.5
-12.375
-9.375
-7.375
-20.5
-24.625
-13.5
-11.125
-28.375
-12.625
13.625
3.75
2.75
27.625
20.125
-12.375
-20.0
-21.0
-8.625
1.875
-16.75
-27.0
-15.125
-12.125
-20.625
-18.0
-5.0
3.125
19.875
22.375
-8.125
2.5
27.125
0.5
-42.875
-49.125
-20.75
-13.625
-16.875
-27.0
-28.25
-6.125
-1.75
-1.5
3.625
-4.375
-18.5
-23.25
-27.875
-27.625
-20.25
-5.25
10.125
5.25
12.0
20.75
11.625
28.625
37.25
12.375
9.25
24.0
19.0
20.625
20.25
-4.5
-8.125
7.5
-7.25
-42.125
-47.75
-32.5
-20.75
-11.5
-16.125
-29.0
-25.0
-18.125
-33.5
-43.875
-26.625
-13.625
-26.875
-39.0
-30.5
-23.125
-28.625
-23.375
-15.25
-27.5
-38.375
-36.75
-38.75
-57.125
-73.625
-58.25
-27.875
-13.875
-24.125
-34.625
4.0
42.5
40.75
36.875
12.875
-16.125
-2.25
12.5
10.375
13.0
19.625
27.5
25.75
14.625
9.25
10.5
10.625
14.375
24.5
22.25
1.0
-8.875
-5.0
-4.25
-1.75
19.0
31.75
33.0
45.75
35.375
20.5
33.75
40.25
9.5
-9.75
19.375
16.875
-2.25
12.375
26.625
12.75
1.25
11.875
-6.875
-26.75
-25.125
-17.25
-15.125
-16.125
1.875
17.125
5.0
-1.375
7.5
8.75
-0.25
-28.25
-48.0
-21.0
2.25
-18.75
-27.75
0.0
4.875
-15.5
-12.875
-9.625
-15.0
-26.375
-18.0
-3.875
-13.625
-4.75
9.5
9.75
2.0
10.625
25.625
6.25
-7.0
-2.0
-12.0
-28.375
-52.75
-48.875
2.875
22.75
13.5
15.5
22.125
16.75
3.375
-1.125
-6.75
-8.375
-16.0
-26.75
-6.125
-0.25
-28.25
-35.25
-19.5
-26.625
-50.375
-41.25
-21.75
-25.125
-24.0
-25.625
-53.375
-69.25
-62.875
-50.5
-33.75
-21.875
-25.875
-37.125
-27.5
-11.75
-1.125
-2.5
-5.0
2.0
0.5
-2.75
-1.125
-2.25
0.75
5.75
26.0
34.25
4.75
-7.375
3.125
4.375
-2.0
3.875
12.5
10.375
8.5
-7.875
-8.0
14.75
2.375
-6.75
0.875
3.5
22.875
40.625
27.375
27.75
47.125
38.75
10.75
13.625
25.125
6.25
8.75
17.875
6.375
10.625
4.375
-13.375
-15.5
-23.0
-18.25
-1.25
8.125
1.0
-11.0
-16.875
-15.625
-13.375
-8.0
4.625
7.25
9.875
14.625
29.0
33.75
16.125
14.5
21.875
11.125
-8.5
-8.875
-3.0
-0.75
7.875
12.25
-0.375
-20.875
-32.625
-21.625
10.375
-3.125
-42.375
-29.875
9.25
12.375
-13.125
-15.5
-8.0
-14.625
-24.5
-35.125
-28.375
5.625
17.875
4.625
10.25
24.625
0.625
-24.0
-21.875
-18.125
-4.375
-17.5
-30.625
-27.625
-34.0
-31.25
-16.75
-7.375
-6.25
-5.5
-8.75
-19.375
-31.125
-23.5
-10.375
-5.625
-3.0
1.5
-4.875
-46.25
-60.5
-37.125
-36.625
-47.875
-41.75
-36.875
-28.0
-9.75
-8.625
-13.125
-9.75
3.125
-4.375
-18.75
-9.0
-7.25
-13.5
-6.75
-11.625
-15.0
-0.25
-4.0
-9.5
-12.5
-26.375
-29.375
-35.0
-9.25
22.875
11.5
11.25
17.875
25.5
20.375
5.0
21.125
20.75
-1.5
13.0
28.0
19.75
28.25
39.25
15.5
1.875
16.5
17.125
8.5
-1.0
2.875
-2.125
-12.0
-1.25
14.125
19.625
7.875
-11.25
-22.5
-29.25
-22.5
-10.0
-3.0
-1.125
-1.5
9.375
-5.5
-37.875
-41.75
-43.125
-45.0
-37.875
-30.375
-26.25
-23.5
-20.875
-12.375
-1.375
-13.5
-15.5
8.375
34.0
27.625
-17.375
-16.125
5.875
-17.5
-15.0
8.375
9.75
-0.625
-20.75
-3.625
24.75
5.5
2.25
21.25
16.25
1.125
-8.625
-7.0
10.125
28.0
41.625
34.0
21.125
33.625
26.5
7.875
7.625
14.25
-2.75
-25.375
-2.375
15.5
3.5
3.25
7.75
8.625
5.5
15.875
19.625
11.5
10.75
0.25
-6.375
-16.25
-3.125
14.25
-7.875
-4.375
19.625
34.75
41.25
35.5
17.625
-8.25
5.625
20.375
-4.875
-9.0
-5.125
-5.0
23.0
27.125
-13.625
-42.125
-18.0
2.125
-10.0
-12.25
-7.5
-10.125
-29.75
-18.75
-3.875
-18.5
-9.5
13.625
8.875
10.0
36.75
53.25
77.25
87.75
57.0
31.125
25.375
27.75
35.25
23.375
12.0
23.25
13.0
-3.875
-12.75
-33.125
-46.25
-49.5
-45.25
-33.5
-48.5
-55.625
-28.625
-10.75
-3.125
-6.875
-13.375
-7.25
-2.75
0.375
1.625
-3.5
12.125
5.375
-41.75
-27.5
8.125
-1.375
-6.875
-11.875
-23.0
-17.625
-10.625
-8.625
-15.75
-6.125
15.375
5.875
-8.125
-5.0
-9.625
-14.5
-4.25
1.875
-13.375
-31.75
-31.375
-9.5
-12.875
-28.75
-0.625
-0.75
-20.125
-5.5
-0.5
-1.625
2.5
2.125
-1.0
3.375
7.625
24.5
37.25
9.875
0.875
24.875
17.875
-4.625
13.625
35.0
38.625
12.75
-4.25
5.875
7.125
-2.125
-7.125
0.625
-3.5
3.75
18.75
-9.5
-5.25
37.5
20.0
-3.5
2.5
2.25
-1.125
-8.625
-12.625
-15.0
-17.5
-1.125
6.5
0.75
-3.5
-8.75
-14.625
-31.5
-30.125
-18.125
-25.5
-28.5
-32.0
-37.375
-22.625
-4.125
-20.75
-25.5
6.625
15.0
-8.375
-23.5
-11.0
-10.0
-13.5
-1.75
-16.25
-33.5
3.5
13.0
-29.25
-35.625
-18.75
-25.75
-21.625
-0.875
-17.125
-20.5
9.75
-3.625
-26.0
-25.5
-25.375
-5.125
-7.375
-27.625
-21.0
-23.375
-22.5
-5.75
-0.375
-15.75
-24.375
-11.875
-16.625
-12.875
4.875
-5.75
2.0
11.375
-5.25
-20.75
-21.5
-3.0
7.125
8.125
10.875
8.0
9.75
17.0
0.375
-34.375
-39.875
-28.0
-14.125
-2.375
-16.5
-31.75
-29.875
-16.375
-6.25
-9.375
-12.0
1.25
6.875
4.75
9.875
12.25
11.25
-8.375
-9.75
4.875
2.5
-7.25
-12.25
-5.125
-11.75
-23.5
-29.375
-15.5
-4.875
-13.625
-11.625
-2.125
5.75
2.375
-13.125
-14.25
-8.875
-15.0
-25.625
-25.5
-17.125
-2.625
23.875
29.125
19.625
16.625
15.375
10.375
7.75
12.375
4.25
-12.5
-6.5
-3.25
-8.625
2.375
5.875
11.625
13.25
11.0
11.875
8.0
8.0
-1.25
-4.625
-4.625
0.625
23.625
22.125
11.125
9.0
2.625
1.5
11.875
10.25
1.0
4.0
-9.5
-11.375
10.625
32.0
28.5
-1.625
-5.75
14.75
-0.75
-27.0
-22.25
-35.0
-46.625
-34.625
-27.375
-20.5
-5.875
1.25
-17.125
-31.375
-13.75
-9.375
-16.25
-14.25
-20.625
-16.375
3.875
5.625
0.375
14.25
8.75
-4.75
20.5
26.375
26.125
33.875
8.5
-7.5
-18.75
-43.125
-49.625
-11.875
27.0
2.875
-57.5
-91.25
-93.875
-83.75
-73.875
-66.875
-38.5
-7.125
-31.25
-62.75
-74.5
-92.0
-81.125
-60.625
-47.75
-37.0
-51.25
-55.0
-49.375
-59.0
-59.5
-52.375
-60.5
-70.5
-75.125
-67.5
-45.125
-41.25
-37.375
-36.375
-36.875
-25.25
-35.5
-45.0
-39.375
-40.25
-41.0
-48.0
-56.75
-50.625
-39.875
-44.875
-31.375
1.125
-24.25
-58.75
-48.0
-25.75
14.5
22.875
-5.125
5.375
-19.875
-41.375
-22.875
-20.25
-6.5
-3.625
-9.5
-4.0
-9.125
-4.0
2.0
-24.375
-34.75
-23.125
-20.875
-13.625
-16.0
-28.375
-22.125
-24.875
-39.875
-34.25
-29.0
-31.0
-33.375
-45.875
-29.75
-28.875
-52.875
-43.5
-38.75
-54.125
-56.75
-53.25
-44.5
-17.375
-14.5
-27.625
-29.25
-20.125
-13.875
-34.25
-31.875
-6.5
-14.625
-30.5
-26.625
-10.375
-7.75
-21.75
-27.25
6.625
30.0
12.25
3.0
-20.75
-55.875
-46.625
-16.75
-10.625
-13.125
-6.0
-5.375
-15.25
-13.5
-1.875
-4.25
-15.5
-9.875
5.0
17.125
-5.375
-29.0
-10.5
-10.75
-27.75
-18.625
-19.0
-42.5
-33.125
-19.25
-19.5
-10.625
-21.375
-19.625
8.25
20.25
12.875
-0.5
5.875
21.5
20.5
46.875
30.75
-31.125
-34.75
-12.375
-14.5
-21.875
-5.75
29.625
49.125
46.75
30.75
7.75
8.875
11.75
1.75
15.75
48.0
36.25
4.125
11.75
22.125
10.75
12.0
3.875
-6.0
-3.875
-11.75
-17.25
-5.875
24.875
21.625
5.125
17.25
14.875
4.625
6.5
13.375
13.0
14.875
17.25
0.5
-9.875
-11.25
-11.125
-6.5
0.5
0.125
-6.875
-3.75
-6.25
-11.875
13.125
29.125
16.5
7.0
2.875
11.875
13.875
6.875
17.375
7.875
-11.125
-2.875
10.125
16.5
8.0
-3.5
-13.25
-16.0
-0.75
-3.625
6.375
24.375
16.5
5.25
-3.375
-13.75
3.5
29.5
-0.375
-42.125
-40.0
-26.875
-25.375
-14.75
-11.125
-10.5
-27.125
-41.375
-28.25
-24.375
-29.5
-38.125
-35.5
-35.125
-32.0
-12.75
-9.375
-9.875
-8.75
-14.375
-11.125
7.75
17.375
16.125
13.0
11.375
19.0
9.375
-4.125
4.625
19.125
23.25
16.125
5.375
17.125
31.125
18.375
11.0
4.875
-3.25
-11.25
-29.0
-19.75
-3.75
-16.25
-23.25
-20.25
-27.125
-42.875
-40.125
-28.125
-31.375
-47.375
-34.0
-1.875
-25.0
-57.25
-61.625
-58.5
-46.5
-42.75
-44.875
-38.875
-47.375
-56.375
-39.625
-33.625
-43.5
-46.375
-45.375
-53.5
-64.75
-57.0
-45.625
-28.375
-23.5
-45.625
-39.75
-14.375
-20.875
-33.25
-37.125
-38.125
-35.125
-24.875
-27.625
-44.0
-27.125
7.375
6.75
-19.0
-27.5
-10.0
3.875
-13.125
-21.5
-7.125
-22.0
-65.25
-56.125
-1.125
39.25
50.875
25.625
-25.5
-59.375
-41.625
-34.25
-51.5
-32.125
-14.375
-8.0
5.625
4.375
-14.0
-24.625
-18.125
-20.375
-17.25
-6.25
4.0
-10.125
-29.75
-15.0
2.25
5.875
-10.375
-20.875
-14.75
-16.25
-24.375
-33.0
-22.25
2.25
1.875
-8.5
-9.5
6.125
32.25
36.75
43.75
17.875
-20.75
-12.75
-10.375
-19.75
-18.875
-0.875
3.125
0.625
11.5
15.25
0.625
-17.875
-3.625
-2.875
-27.375
-14.5
5.0
-16.125
-17.875
3.625
16.25
18.75
4.0
-1.75
4.75
3.875
13.125
16.75
2.0
5.125
10.125
12.0
10.25
-0.125
6.875
13.125
11.25
12.5
0.375
2.125
24.125
7.125
-5.5
20.875
15.625
4.5
19.25
27.0
21.5
15.875
15.125
10.75
14.0
21.625
28.75
27.125
14.375
11.875
22.375
23.25
28.75
41.5
15.5
6.125
31.75
13.0
-6.625
-0.875
-7.875
-9.5
5.875
23.875
5.5
-16.25
3.375
31.625
27.375
22.125
31.375
17.625
-8.75
-10.125
14.25
23.625
20.375
25.25
33.375
33.5
18.125
20.625
32.75
28.75
23.375
21.25
14.75
6.625
12.0
18.0
7.25
5.375
15.375
19.25
22.875
16.75
-6.75
8.0
43.75
36.25
17.75
18.0
26.0
26.5
17.875
8.125
-1.625
10.0
12.375
-10.625
-11.625
-7.375
-8.75
-6.25
6.0
25.875
23.25
20.125
33.0
27.875
25.0
16.625
-4.5
15.375
27.75
9.5
15.5
18.125
1.625
-2.25
0.75
3.125
3.625
-13.75
-16.125
-4.125
-2.375
-9.75
-22.125
-14.75
2.75
4.0
-16.125
-22.75
-10.375
-9.75
-12.875
-14.875
-12.25
-13.5
-26.75
-33.375
-18.625
-1.125
-2.0
-12.625
-35.75
-35.375
-27.375
-32.0
-16.25
-5.375
-4.375
-11.625
-44.25
-39.625
-12.375
-17.375
-16.125
-14.5
-16.125
-20.875
-39.75
-33.0
-22.0
-41.875
-45.25
-26.375
-25.125
-29.375
-30.0
-22.125
-20.5
-22.75
-24.375
-38.5
-33.0
-25.375
-32.25
-34.375
-29.5
-29.125
-33.125
-29.75
-7.875
15.375
-0.625
-39.125
-49.625
-52.25
-40.875
-20.375
-4.75
26.125
22.5
3.0
-3.375
-20.375
-28.125
-27.25
-18.75
-9.5
-13.75
-41.125
-63.875
-53.75
-40.75
-37.75
-24.5
-1.75
-3.375
-10.75
2.5
29.125
27.875
16.375
38.5
41.875
28.875
38.75
56.25
65.875
57.875
39.75
15.625
-13.375
-4.625
2.25
-7.75
14.125
22.375
-13.0
-39.25
-14.125
13.75
2.125
-10.5
-5.75
-1.625
-11.375
-40.25
-34.125
17.25
16.0
4.375
17.25
1.625
-21.5
-46.5
-45.375
-34.25
-47.0
-43.75
-33.75
-22.0
-17.625
-25.375
-24.625
-19.0
-9.875
-12.25
-27.625
-18.0
-6.0
-11.625
-9.875
-15.875
-16.375
-10.625
-11.625
-7.375
-10.625
-18.375
-6.25
-1.0
1.625
17.75
12.375
-0.125
-1.25
3.625
-6.875
-13.75
9.75
12.75
-10.375
-27.0
-13.125
23.75
31.625
12.0
4.125
10.625
16.875
15.5
17.375
29.875
27.625
8.75
16.125
37.625
43.0
34.875
12.625
-2.125
0.5
7.0
-6.875
-29.625
-15.75
9.625
17.875
31.5
19.125
-4.75
0.5
4.125
7.875
6.375
5.875
-0.5
-16.125
-27.0
-24.75
-11.125
-13.75
-4.25
1.125
-7.5
0.875
-5.75
-5.25
-10.375
-30.25
-24.625
-9.25
-3.625
-8.0
0.125
-5.75
-27.125
1.875
36.625
25.375
-0.75
-8.625
-5.25
-17.875
-23.75
-25.25
-53.875
-77.375
-37.75
3.75
-11.75
-11.875
-7.75
-20.25
-20.5
-16.375
-9.625
-23.625
-33.25
-11.75
-4.625
-12.25
-20.0
0.0
19.375
-0.625
-13.625
-12.0
-34.375
-44.625
-25.75
-13.625
-25.625
-39.25
-18.875
-25.375
-54.75
-40.625
-11.875
-7.5
-16.125
-22.625
-13.875
-2.25
-21.75
-20.875
-8.625
-21.75
-16.625
-1.375
-0.625
-11.875
-30.75
-48.125
-31.75
-21.625
-32.625
-19.25
-21.125
-28.375
-15.375
1.375
9.875
25.375
34.25
9.75
-3.375
-2.125
1.625
-7.375
-21.0
-37.5
-50.625
-27.75
-21.625
-38.625
-44.625
-43.0
-36.25
-22.25
-7.25
-10.25
-13.125
-8.375
-15.0
-16.625
4.875
14.75
13.25
7.5
-16.5
-22.875
-15.5
-20.875
-21.625
4.625
-1.0
-43.125
-33.5
-10.0
8.375
19.125
6.25
5.5
0.5
0.875
-3.125
-19.125
-18.125
-8.125
8.0
12.625
-9.125
-26.875
-3.75
10.0
-5.25
2.375
-4.5
-5.5
36.375
42.125
16.625
11.0
22.25
16.0
-3.0
-4.25
-14.625
-13.25
7.5
-3.875
-24.125
-26.375
-33.625
-37.125
-41.0
-31.5
-34.375
-65.375
-60.875
-48.75
-33.875
-8.5
-0.5
-15.375
-26.875
-11.75
-1.0
-2.625
-0.125
-0.75
-12.25
-12.875
-6.875
-15.5
-19.75
-5.625
-5.125
-23.875
-34.25
-14.5
-19.375
-45.75
-32.25
-13.125
-10.375
-19.25
-23.875
-18.75
-13.875
-9.375
-6.0
-2.0
7.75
8.5
-6.5
-41.625
-42.375
-7.625
-18.5
-23.125
-11.0
-16.25
-14.25
-8.375
-16.75
-34.875
-15.875
-15.125
-42.75
-31.625
-14.375
-21.625
-38.5
-40.875
-26.0
-5.375
-6.0
-6.125
-5.25
-14.5
-6.5
-10.125
-22.25
-10.875
5.875
-12.875
-34.875
-28.5
-31.375
-34.25
-36.625
-33.75
-19.75
-16.25
-8.5
-1.25
-14.0
-23.5
-37.125
-50.25
-40.625
-21.5
-2.75
14.25
5.875
-18.875
-12.625
5.625
-2.25
-24.75
-25.5
-20.375
-17.75
-8.375
6.5
30.625
41.125
38.625
24.5
2.0
-14.875
-27.75
-26.875
-21.625
-27.375
-17.125
10.5
20.375
7.875
-6.25
6.75
17.375
0.0
-8.0
-11.25
-20.5
-6.5
19.25
17.5
9.75
14.0
-7.25
-23.375
0.0
8.5
-21.125
-36.625
-9.375
-2.75
-18.875
-32.25
-27.375
-15.75
-30.25
-24.875
-2.75
14.25
17.25
8.0
10.5
20.0
19.625
18.875
3.625
-31.625
-37.375
-0.375
15.5
-1.5
5.5
7.5
-3.875
1.125
0.625
-1.0
13.875
12.625
0.375
10.375
19.375
21.875
32.25
50.625
59.875
44.5
12.0
3.0
16.875
14.5
11.0
7.375
12.125
24.0
13.625
5.0
16.125
14.25
4.375
14.875
20.125
14.5
2.0
-3.5
2.0
8.75
2.75
-22.125
-20.25
0.125
4.875
19.625
11.75
-6.875
-4.75
-3.625
4.125
-13.625
-21.75
6.625
7.125
-3.0
-12.25
-15.5
-6.125
-19.875
-40.125
-30.5
-16.625
-15.875
-13.25
-25.875
-28.0
-14.25
-13.875
-16.75
-11.0
-17.0
-14.125
21.875
32.875
-2.25
-20.375
-2.125
3.875
-11.375
-12.625
-2.625
-10.875
-15.625
-12.375
-29.25
-21.125
-3.125
-19.75
-15.375
-2.125
7.75
18.25
-0.75
-4.0
-3.75
-3.625
16.125
21.875
28.0
17.875
-2.625
-15.5
-24.125
1.125
16.125
13.75
32.0
35.125
35.0
7.25
-15.0
7.5
-1.75
-26.875
-32.25
-31.0
-37.625
-39.25
-16.25
-5.75
-12.75
-5.875
-6.375
-8.75
2.125
13.5
14.125
5.5
3.875
5.125
-3.125
-7.5
1.0
12.625
19.75
-2.875
-26.375
-13.0
12.5
23.0
-21.375
-37.125
20.375
28.375
17.875
47.0
53.125
17.125
-29.25
-25.5
8.0
18.0
29.5
45.625
38.625
2.875
-11.875
5.375
7.5
4.75
0.375
-1.375
19.0
28.875
41.0
49.5
33.25
12.75
0.75
13.875
28.25
29.375
7.75
6.25
15.0
-16.25
-20.625
-5.5
-21.625
-19.5
2.375
12.625
21.375
17.0
8.875
-8.375
-27.125
-1.5
15.0
-3.75
-15.375
-18.875
-11.5
-9.875
-21.75
-13.0
3.75
-15.75
-35.625
-15.375
2.75
0.625
-2.25
-6.875
-13.625
-9.625
0.5
-6.5
-25.5
-29.125
-9.625
25.125
24.375
-32.0
-51.5
-34.25
-22.5
-4.125
6.375
26.375
30.25
-8.0
-46.375
-36.25
-0.375
0.25
-7.375
2.125
2.125
-18.875
-46.875
-43.375
-33.0
-52.875
-43.375
-17.75
-9.625
6.5
6.25
10.125
13.75
-3.875
1.125
-5.125
-23.75
-14.875
-16.5
-16.0
2.5
-6.25
-19.125
-17.75
-25.125
-18.625
0.125
5.875
4.0
0.875
-23.0
-28.625
-14.5
-31.875
-25.25
3.25
19.75
16.875
-2.375
-11.125
-17.375
-2.5
11.5
8.0
4.75
-18.875
-36.125
-40.25
-39.5
-20.625
-23.375
-33.875
-32.5
-49.625
-36.375
16.75
5.875
-39.25
-46.125
-45.25
-24.5
4.25
9.75
-2.25
-28.875
-35.75
-12.875
-1.25
-21.25
-32.375
8.25
7.625
-56.875
-68.125
-35.375
-28.625
-27.0
-17.125
-0.125
21.125
-19.0
-64.75
-35.375
-17.0
-29.25
-23.5
-22.75
-31.75
-19.875
-4.375
-28.375
-44.75
-16.25
-20.25
-50.875
-35.0
-20.0
-26.75
-21.875
-8.5
11.25
-3.25
-37.5
-35.0
-25.25
-44.375
-49.5
-27.375
-35.0
-59.375
-39.875
-24.875
-38.125
-46.375
-30.5
2.25
-5.0
-20.0
-15.875
-10.25
-2.5
-23.625
-56.75
-51.0
-34.5
-38.25
-36.5
-25.75
-40.375
-34.875
6.5
0.875
-28.625
-48.5
-67.75
-48.375
-9.75
-17.5
-23.75
-5.5
-13.875
-24.375
-21.75
-4.375
16.75
-6.5
-33.75
-12.75
-6.25
-30.5
-30.125
-19.0
-23.0
-6.875
12.875
-5.375
-42.875
-46.375
-23.375
-21.25
-13.75
4.25
-4.625
-25.0
-30.875
-6.125
11.0
17.25
13.5
-27.0
-38.5
-24.0
-17.625
-5.625
7.125
14.875
3.875
-5.375
22.75
48.75
9.375
-27.75
-13.75
-9.75
-7.0
-2.375
-7.75
-0.125
16.125
19.125
19.875
45.125
51.5
-3.25
-28.375
24.625
52.75
15.375
-36.125
-34.5
5.875
0.5
-17.375
6.0
2.5
-7.625
21.0
38.75
25.625
9.125
26.25
28.25
6.0
29.375
37.125
9.75
5.25
7.875
2.5
17.625
36.75
-5.0
-45.875
-31.875
-1.0
3.875
-12.25
-30.75
-40.25
-28.875
-12.0
-24.75
-30.875
22.625
30.25
-36.75
-59.375
-41.0
-27.25
-11.625
-8.75
-20.25
-41.75
-53.5
-14.75
6.125
-29.25
-40.625
-25.125
-16.5
-19.625
-17.125
-8.125
-31.625
-52.75
-46.875
-38.5
-28.375
-3.875
4.125
-42.75
-64.625
-30.5
-21.375
-41.375
-37.625
-24.125
-26.375
-32.625
-47.125
-28.375
-16.125
-24.25
-21.5
-41.0
-20.375
28.875
-5.625
-65.625
-49.875
-23.25
-19.375
-27.625
-35.0
-9.5
-6.75
-34.375
-35.125
-30.25
-33.375
-27.75
-12.5
-22.625
-45.875
-41.625
-33.75
-26.125
-25.25
-31.625
-18.75
-36.125
-52.375
-17.0
-2.875
-21.0
-26.75
-3.625
10.125
-9.125
-21.125
-10.625
1.875
-32.125
-63.875
-29.625
-18.0
-28.0
-26.25
-31.625
-40.125
-27.625
-9.25
-1.75
-4.75
-25.875
-35.75
-31.125
-27.0
-27.375
-24.125
-12.875
-14.0
-26.0
-21.375
-27.25
-24.5
-1.125
-16.625
-27.375
-5.625
7.5
4.625
14.5
38.875
30.125
9.75
17.5
10.875
-12.875
-17.0
1.375
24.75
16.375
9.875
10.125
3.625
21.125
12.625
-14.625
-17.25
-16.75
-0.5
24.0
-7.875
